RAa <- 0
RA <- 0.005
RB <- 0.01
RC <- 0.03
RD <- 0.10
RE <- 0.30
RF <- 0.50
RG <- 0.70
RH <- 1

(1 + 2 + 3 + 4 + 5 + 6 + 7 + 8 + 9)
(RAa + RA + RB + RC + RD + RE + RF + RG + RH)
(1*RAa + 2*RA + 3* RB + 4*RC + 5*RD + 6*RE + 7*RF + 8*RG + 9*RH)

(1*RAa + 2*RA + 3* RB + 4*RC + 5*RD + 6*RE + 7*RF + 8*RG + 9*RH) / (RAa + RA + RB + RC + RD + RE + RF + RG + RH) / 45