Balancete Patrimonial (Código documento 4010)                                                                                                                         
Data de geração dos dados: 12/12/2009                                                                                                                                 
Fonte: Instituições financeiras                                                                                                                                       
DATA;CNPJ;NOME INSTITUICAO;ATRIBUTO;DOCUMENTO;CONTA;NOME CONTA;SALDO                                                                                                  
200505;00000000;BCO DO BRASIL S.A.                                          ;L;4010;0010000007;CIRCULANTE E REALIZAVEL A LONGO PRAZO             ; 0000218459125227,83
200505;00000000;BCO DO BRASIL S.A.                                          ;L;4010;0011000006;DISPONIBILIDADES                                  ; 0000015395419666,89
200505;00000000;BCO DO BRASIL S.A.                                          ;L;4010;0011100009;CAIXA                                             ; 0000002474456717,99
200505;00000000;BCO DO BRASIL S.A.                                          ;L;4010;0011300005;RESERVAS LIVRES                                   ; 0000002422789048,00
200505;00000000;BCO DO BRASIL S.A.                                          ;L;4010;0011500001;DISPONIBILIDADES EM MOEDAS ESTRANGEIRAS           ; 0000010498173900,90
200505;00000000;BCO DO BRASIL S.A.                                          ;L;4010;0012000005;APLICACOES INTERFINANCEIRAS DE LIQUIDEZ           ; 0000010578041405,57
200505;00000000;BCO DO BRASIL S.A.                                          ;L;4010;0012100008;APLICACOES EM OPERACOES COMPROMISSADAS            ; 0000002183762022,54
200505;00000000;BCO DO BRASIL S.A.                                          ;L;4010;0012200001;APLICACOES EM DEPOSITOS INTERFINANCEIROS          ; 0000000772125684,73
200505;00000000;BCO DO BRASIL S.A.                                          ;L;4010;0012600003;APLICA OES EM MOEDAS ESTRANGEIRAS                 ; 0000007622153698,30
200505;00000000;BCO DO BRASIL S.A.                                          ;L;4010;0013000004;TITULOS E VAL. MOB. E INST. FINANC. DERIVATIVOS   ; 0000064014160813,56
200505;00000000;BCO DO BRASIL S.A.                                          ;L;4010;0013100007;LIVRES                                            ; 0000022126318161,17
200505;00000000;BCO DO BRASIL S.A.                                          ;L;4010;0013200000;VINCULADOS A OPERACOES COMPROMISSADAS             ; 0000038458204247,03
200505;00000000;BCO DO BRASIL S.A.                                          ;L;4010;0013300003;INSTRUMENTOS FINANCEIROS DERIVATIVOS              ; 0000000949587219,62
200505;00000000;BCO DO BRASIL S.A.                                          ;L;4010;0013400006;VINCULADOS AO BANCO CENTRAL                       ; 0000002245498667,64
200505;00000000;BCO DO BRASIL S.A.                                          ;L;4010;0013600002;VINCULADOS A PRESTACAO DE GARANTIAS               ; 0000000234552518,10
200505;00000000;BCO DO BRASIL S.A.                                          ;L;4010;0014000003;RELACOES INTERFINANCEIRAS                         ; 0000022879869079,34
200505;00000000;BCO DO BRASIL S.A.                                          ;L;4010;0014100006;DIREITOS JUNTO A PARTIC. DE SISTEMAS DE LIQUIDAÇÃO; 0000001856512652,45
200505;00000000;BCO DO BRASIL S.A.                                          ;L;4010;0014200009;CREDITOS VINCULADOS                               ; 0000020940937768,67
200505;00000000;BCO DO BRASIL S.A.                                          ;L;4010;0014300002;REPASSES INTERFINANCEIROS                         ; 0000000005064276,26
200505;00000000;BCO DO BRASIL S.A.                                          ;L;4010;0014400005;RELACOES COM CORRESPONDENTES                      ; 0000000077354381,96
200505;00000000;BCO DO BRASIL S.A.                                          ;L;4010;0015000002;RELACOES INTERDEPENDENCIAS                        ; 0000000084070550,87
200505;00000000;BCO DO BRASIL S.A.                                          ;L;4010;0015100005;RECURSOS EM TRANSITO DE TERCEIROS                 ; 0000000000003827,13
200505;00000000;BCO DO BRASIL S.A.                                          ;L;4010;0015200008;TRANSFERENCIAS INTERNAS DE RECURSOS               ; 0000000084066723,74
200505;00000000;BCO DO BRASIL S.A.                                          ;L;4010;0016000001;OPERACOES DE CREDITO                              ; 0000071232244281,53
200505;00000000;BCO DO BRASIL S.A.                                          ;L;4010;0016100004;EMPRESTIMOS E TITULOS DESCONTADOS                 ; 0000032429790526,93
200505;00000000;BCO DO BRASIL S.A.                                          ;L;4010;0016200007;FINANCIAMENTOS                                    ; 0000012001090218,17
200505;00000000;BCO DO BRASIL S.A.                                          ;L;4010;0016300000;FINANCIAMENTOS RURAIS E AGROINDUSTRIAIS           ; 0000032072154818,14
200505;00000000;BCO DO BRASIL S.A.                                          ;L;4010;0016500006;FINANCIAMENTOS DE TITULOS E VALORES MOBILIARIOS   ; 0000000000324064,00
200505;00000000;BCO DO BRASIL S.A.                                          ;L;4010;0016900008;(-) PROVISOES PARA OPERACOES DE CREDITO           ;-0000005271115345,71
200505;00000000;BCO DO BRASIL S.A.                                          ;L;4010;0017000000;OPERACOES DE ARRENDAMENTO MERCANTIL               ; 0000000010411072,35
200505;00000000;BCO DO BRASIL S.A.                                          ;L;4010;0017100003;ARRENDAMENTOS FINANCEIROS A RECEBER               ; 0000000010784930,41
200505;00000000;BCO DO BRASIL S.A.                                          ;L;4010;0017900007;(-) PROVISOES PARA OPER. DE ARRENDAMENTO MERCANTIL;-0000000000373858,06
200505;00000000;BCO DO BRASIL S.A.                                          ;L;4010;0018000009;OUTROS CREDITOS                                   ; 0000034126770675,38
200505;00000000;BCO DO BRASIL S.A.                                          ;L;4010;0018100002;AVAIS E FIANCAS HONRADOS                          ; 0000000124251378,22
200505;00000000;BCO DO BRASIL S.A.                                          ;L;4010;0018200005;CARTEIRA DE CAMBIO                                ; 0000011310974873,98
200505;00000000;BCO DO BRASIL S.A.                                          ;L;4010;0018300008;RENDAS A RECEBER                                  ; 0000000152113287,87
200505;00000000;BCO DO BRASIL S.A.                                          ;L;4010;0018400001;NEGOCIACAO E INTERMEDIACAO DE VALORES             ; 0000000016789742,00
200505;00000000;BCO DO BRASIL S.A.                                          ;L;4010;0018500004;CREDITOS ESPECIFICOS                              ; 0000000569791057,79
200505;00000000;BCO DO BRASIL S.A.                                          ;L;4010;0018600007;OPERACOES ESPECIAIS                               ; 0000000001355543,55
200505;00000000;BCO DO BRASIL S.A.                                          ;L;4010;0018800003;DIVERSOS                                          ; 0000024245962746,65
200505;00000000;BCO DO BRASIL S.A.                                          ;L;4010;0018900006;(-) PROVISOES PARA OUTROS CREDITOS                ;-0000002294467954,68
200505;00000000;BCO DO BRASIL S.A.                                          ;L;4010;0019000008;OUTROS VALORES E BENS                             ; 0000000138137682,34
200505;00000000;BCO DO BRASIL S.A.                                          ;L;4010;0019800002;OUTROS VALORES E BENS                             ; 0000000115503378,52
200505;00000000;BCO DO BRASIL S.A.                                          ;L;4010;0019900005;DESPESAS ANTECIPADAS                              ; 0000000022634303,82
200505;00000000;BCO DO BRASIL S.A.                                          ;L;4010;0020000004;PERMANENTE                                        ; 0000009987674836,52
200505;00000000;BCO DO BRASIL S.A.                                          ;L;4010;0021000003;INVESTIMENTOS                                     ; 0000006698211867,94
200505;00000000;BCO DO BRASIL S.A.                                          ;L;4010;0021100006;INVESTIMENTOS NO EXTERIOR                         ; 0000003971511907,04
200505;00000000;BCO DO BRASIL S.A.                                          ;L;4010;0021200009;PARTICIPACOES EM COLIGADAS E CONTROLADAS NO PAIS  ; 0000002703928651,99
200505;00000000;BCO DO BRASIL S.A.                                          ;L;4010;0021300002;INVESTIMENTOS POR INCENTIVOS FISCAIS              ; 0000000008494872,31
200505;00000000;BCO DO BRASIL S.A.                                          ;L;4010;0021400005;TITULOS PATRIMONIAIS                              ; 0000000002335381,76
200505;00000000;BCO DO BRASIL S.A.                                          ;L;4010;0021500008;ACOES E COTAS                                     ; 0000000009470134,38
200505;00000000;BCO DO BRASIL S.A.                                          ;L;4010;0021900000;OUTROS INVESTIMENTOS                              ; 0000000002470920,46
200505;00000000;BCO DO BRASIL S.A.                                          ;L;4010;0022000002;IMOBILIZADO DE USO                                ; 0000002708399812,02
200505;00000000;BCO DO BRASIL S.A.                                          ;L;4010;0022100005;MOVEIS E EQUIPAMENTOS EM ESTOQUE                  ; 0000000018737929,20
200505;00000000;BCO DO BRASIL S.A.                                          ;L;4010;0022200008;IMOBILIZACOES EM CURSO                            ; 0000000355522005,72
200505;00000000;BCO DO BRASIL S.A.                                          ;L;4010;0022300001;IMOVEIS DE USO                                    ; 0000000935454269,30
200505;00000000;BCO DO BRASIL S.A.                                          ;L;4010;0022400004;INSTALACOES, MOVEIS E EQUIPAMENTOS DE USO         ; 0000000525689567,22
200505;00000000;BCO DO BRASIL S.A.                                          ;L;4010;0022900009;OUTROS                                            ; 0000000872996040,58
200505;00000000;BCO DO BRASIL S.A.                                          ;L;4010;0023000001;IMOBILIZADO DE ARRENDAMENTO                       ; 0000000052917901,00
200505;00000000;BCO DO BRASIL S.A.                                          ;L;4010;0023200007;BENS ARRENDADOS - ARRENDAMENTO FINANCEIRO         ; 0000000051085019,65
200505;00000000;BCO DO BRASIL S.A.                                          ;L;4010;0023300000;BENS ARRENDADOS - ARRENDAMENTO OPERACIONAL        ; 0000000001832881,35
200505;00000000;BCO DO BRASIL S.A.                                          ;L;4010;0024000000;DIFERIDO                                          ; 0000000528145255,56
200505;00000000;BCO DO BRASIL S.A.                                          ;L;4010;0024100003;GASTOS DE ORGANIZACAO E EXPANSAO                  ; 0000000528145255,56
200505;00000000;BCO DO BRASIL S.A.                                          ;L;4010;0030000001;COMPENSACAO                                       ; 0002311024092517,12
200505;00000000;BCO DO BRASIL S.A.                                          ;L;4010;0030100004;COOBRIGACOES E RISCOS EM GARANTIAS PRESTADAS      ; 0000002841800796,86
200505;00000000;BCO DO BRASIL S.A.                                          ;L;4010;0030300000;TITULOS E VALORES MOBILIARIOS                     ; 0000093411593254,08
200505;00000000;BCO DO BRASIL S.A.                                          ;L;4010;0030400003;CUSTODIA DE VALORES                               ; 0000192776931910,38
200505;00000000;BCO DO BRASIL S.A.                                          ;L;4010;0030500006;COBRANCA                                          ; 0000055404670167,53
200505;00000000;BCO DO BRASIL S.A.                                          ;L;4010;0030600009;NEGOCIACAO E INTERMEDIACAO DE VALORES             ; 0000027797179492,76
200505;00000000;BCO DO BRASIL S.A.                                          ;L;4010;0030800005;CONTRATOS                                         ; 0000000164111058,02
200505;00000000;BCO DO BRASIL S.A.                                          ;L;4010;0030900008;CONTROLE                                          ; 0001852561430067,80
200505;00000000;BCO DO BRASIL S.A.                                          ;L;4010;0031000000;CLASSIFICACAO DA CARTEIRA DE CREDITOS             ; 0000086066375769,69
200505;00000000;BCO DO BRASIL S.A.                                          ;L;4010;0031100003;OPERACOES DE RISCO NIVEL AA                       ; 0000012119449770,17
200505;00000000;BCO DO BRASIL S.A.                                          ;L;4010;0031200006;OPERACOES DE RISCO NIVEL A                        ; 0000024334505520,02
200505;00000000;BCO DO BRASIL S.A.                                          ;L;4010;0031300009;OPERACOES DE RISCO NIVELB                         ; 0000030533331928,38
200505;00000000;BCO DO BRASIL S.A.                                          ;L;4010;0031400002;OPERACOES DE RISCO NIVELC                         ; 0000011360166511,76
200505;00000000;BCO DO BRASIL S.A.                                          ;L;4010;0031500005;OPERACOES DE RISCO NIVEL D                        ; 0000003133519660,19
200505;00000000;BCO DO BRASIL S.A.                                          ;L;4010;0031600008;OPERACOES DE RISCO NIVEL E                        ; 0000000909730914,41
200505;00000000;BCO DO BRASIL S.A.                                          ;L;4010;0031700001;OPERACOES DE RISCO NIVEL F                        ; 0000000477450868,51
200505;00000000;BCO DO BRASIL S.A.                                          ;L;4010;0031800004;OPERACOES DE RISCO NIVEL G                        ; 0000000434131227,40
200505;00000000;BCO DO BRASIL S.A.                                          ;L;4010;0031900007;OPERACOES DE RISCO NIVEL H                        ; 0000002764089368,85
200505;00000000;BCO DO BRASIL S.A.                                          ;L;4010;0039999993;TOTAL GERAL DO ATIVO                              ; 0002539470892581,47
200505;00000000;BCO DO BRASIL S.A.                                          ;L;4010;0040000008;CIRCULANTE EXIGIVEL A LONGO PRAZO                 ; 0000212596695710,25
200505;00000000;BCO DO BRASIL S.A.                                          ;L;4010;0041000007;DEPOSITOS                                         ; 0000103267492775,71
200505;00000000;BCO DO BRASIL S.A.                                          ;L;4010;0041100000;DEPOSITOS A VISTA                                 ; 0000025356195180,46
200505;00000000;BCO DO BRASIL S.A.                                          ;L;4010;0041200003;DEPOSITOS DE POUPANCA                             ; 0000031379676422,97
200505;00000000;BCO DO BRASIL S.A.                                          ;L;4010;0041300006;DEPOSITOS INTERFINANCEIROS                        ; 0000000694484705,27
200505;00000000;BCO DO BRASIL S.A.                                          ;L;4010;0041500002;DEPOSITOS A PRAZO                                 ; 0000034597051933,67
200505;00000000;BCO DO BRASIL S.A.                                          ;L;4010;0041600005;OBRIGACOES P/DEPOS ESPEC E DE FUNDOS E PROGRAMAS  ; 0000010060277876,10
200505;00000000;BCO DO BRASIL S.A.                                          ;L;4010;0041800001;DEPOSITOS EM MOEDAS ESTRANGEIRAS                  ; 0000001098595103,07
200505;00000000;BCO DO BRASIL S.A.                                          ;L;4010;0041900004;OUTROS DEPOSITOS                                  ; 0000000081211554,17
200505;00000000;BCO DO BRASIL S.A.                                          ;L;4010;0042000006;OBRIGACOES POR OPERACOES COMPROMISSADAS           ; 0000039324631605,09
200505;00000000;BCO DO BRASIL S.A.                                          ;L;4010;0042100009;CARTEIRA PROPRIA                                  ; 0000037341465728,82
200505;00000000;BCO DO BRASIL S.A.                                          ;L;4010;0042200002;CARTEIRA DE TERCEIROS                             ; 0000001983165876,27
200505;00000000;BCO DO BRASIL S.A.                                          ;L;4010;0044000004;RELACOES INTERFINANCEIRAS                         ; 0000001457625139,54
200505;00000000;BCO DO BRASIL S.A.                                          ;L;4010;0044100007;OBRIGAÇÕES JUNTO A PARTIC. DE SIST. DE LIQUIDACÃO ; 0000001457418291,25
200505;00000000;BCO DO BRASIL S.A.                                          ;L;4010;0044400006;RELACOES COM CORRESPONDENTES                      ; 0000000000206848,29
200505;00000000;BCO DO BRASIL S.A.                                          ;L;4010;0045000003;RELACOES INTERDEPENDENCIAS                        ; 0000001737767628,79
200505;00000000;BCO DO BRASIL S.A.                                          ;L;4010;0045100006;RECURSOS EM TRANSITO DE TERCEIROS                 ; 0000001676857287,28
200505;00000000;BCO DO BRASIL S.A.                                          ;L;4010;0045200009;TRANSFERENCIAS INTERNAS DE RECURSOS               ; 0000000060910341,51
200505;00000000;BCO DO BRASIL S.A.                                          ;L;4010;0046000002;OBRIGACOES POR EMPRESTIMOS E REPASSES             ; 0000033741716557,44
200505;00000000;BCO DO BRASIL S.A.                                          ;L;4010;0046300001;EMPRESTIMOS NO EXTERIOR                           ; 0000021213211452,81
200505;00000000;BCO DO BRASIL S.A.                                          ;L;4010;0046400004;REPASSES DO PAIS - INSTITUICOES OFICIAIS          ; 0000011494290233,50
200505;00000000;BCO DO BRASIL S.A.                                          ;L;4010;0046600000;REPASSES DO EXTERIOR                              ; 0000001034214871,13
200505;00000000;BCO DO BRASIL S.A.                                          ;L;4010;0047000001;INSTRUMENTOS FINANCEIROS DERIVATIVOS              ; 0000001129226898,60
200505;00000000;BCO DO BRASIL S.A.                                          ;L;4010;0047100004;INSTRUMENTOS FINANCEIROS DERIVATIVOS              ; 0000001129226898,60
200505;00000000;BCO DO BRASIL S.A.                                          ;L;4010;0049000009;OUTRAS OBRIGACOES                                 ; 0000031938235105,08
200505;00000000;BCO DO BRASIL S.A.                                          ;L;4010;0049100002;COBRANCA E ARRECADACAO DE TRIBUTOS E ASSEMELHADOS ; 0000002470103785,46
200505;00000000;BCO DO BRASIL S.A.                                          ;L;4010;0049200005;CARTEIRA DE CAMBIO                                ; 0000009572991628,20
200505;00000000;BCO DO BRASIL S.A.                                          ;L;4010;0049300008;SOCIAIS E ESTATUTARIAS                            ; 0000000132633887,13
200505;00000000;BCO DO BRASIL S.A.                                          ;L;4010;0049400001;FISCAIS E PREVIDENCIARIAS                         ; 0000000853015639,74
200505;00000000;BCO DO BRASIL S.A.                                          ;L;4010;0049500004;NEGOCIACAO E INTERMEDIACAO DE VALORES             ; 0000000009224964,90
200505;00000000;BCO DO BRASIL S.A.                                          ;L;4010;0049600007;RECURSOS PARA DESTINACAO ESPECIFICA               ; 0000002007345654,38
200505;00000000;BCO DO BRASIL S.A.                                          ;L;4010;0049700000;OPERACOES ESPECIAIS                               ; 0000000002384040,29
200505;00000000;BCO DO BRASIL S.A.                                          ;L;4010;0049900006;DIVERSAS                                          ; 0000016890535504,98
200505;00000000;BCO DO BRASIL S.A.                                          ;L;4010;0050000005;RESULTADOS DE EXERCICIOS FUTUROS                  ; 0000000117555970,36
200505;00000000;BCO DO BRASIL S.A.                                          ;L;4010;0051000004;RECEITAS DE EXERCICIOS FUTUROS                    ; 0000000117555970,36
200505;00000000;BCO DO BRASIL S.A.                                          ;L;4010;0051100007;RECEITAS DE EXERCICIOS FUTUROS                    ; 0000000117555970,36
200505;00000000;BCO DO BRASIL S.A.                                          ;L;4010;0060000002;PATRIMONIO LIQUIDO                                ; 0000014154074319,84
200505;00000000;BCO DO BRASIL S.A.                                          ;L;4010;0061000001;PATRIMONIO LIQUIDO                                ; 0000014154074319,84
200505;00000000;BCO DO BRASIL S.A.                                          ;L;4010;0061100004;CAPITAL SOCIAL                                    ; 0000010797336780,83
200505;00000000;BCO DO BRASIL S.A.                                          ;L;4010;0061300000;RESERVAS DE CAPITAL                               ; 0000000004760952,72
200505;00000000;BCO DO BRASIL S.A.                                          ;L;4010;0061400003;RESERVAS DE REAVALIACAO                           ; 0000000025671185,51
200505;00000000;BCO DO BRASIL S.A.                                          ;L;4010;0061500006;RESERVAS DE LUCROS                                ; 0000003361067803,24
200505;00000000;BCO DO BRASIL S.A.                                          ;L;4010;0061600009;AJUSTES DE AVALIACAO PATRIMONIAL                  ; 0000000090958402,78
200505;00000000;BCO DO BRASIL S.A.                                          ;L;4010;0061800005;LUCROS OU PREJUIZOS ACUMULADOS                    ; 0000000000058195,24
200505;00000000;BCO DO BRASIL S.A.                                          ;L;4010;0061900008;(-) ACOES EM TESOURARIA                           ;-0000000125779000,48
200505;00000000;BCO DO BRASIL S.A.                                          ;L;4010;0070000009;CONTAS DE RESULTADO CREDORAS                      ; 0000024195478907,72
200505;00000000;BCO DO BRASIL S.A.                                          ;L;4010;0071000008;RECEITAS OPERACIONAIS                             ; 0000024049646668,82
200505;00000000;BCO DO BRASIL S.A.                                          ;L;4010;0071100001;RENDAS DE OPERACOES DE CREDITO                    ; 0000006833534835,02
200505;00000000;BCO DO BRASIL S.A.                                          ;L;4010;0071200004;RENDAS DE ARRENDAMENTO MERCANTIL                  ; 0000000010171304,35
200505;00000000;BCO DO BRASIL S.A.                                          ;L;4010;0071300007;RENDAS DE CAMBIO                                  ; 0000001718830954,75
200505;00000000;BCO DO BRASIL S.A.                                          ;L;4010;0071400000;RENDAS DE APLICACOES INTERFINANCEIRAS DE LIQUIDEZ ; 0000000241646897,49
200505;00000000;BCO DO BRASIL S.A.                                          ;L;4010;0071500003;RENDAS COM TIT. E VAL. MOB. E INST. FINANC. DERIV.; 0000006620427848,02
200505;00000000;BCO DO BRASIL S.A.                                          ;L;4010;0071700009;RENDAS DE PRESTACAO DE SERVICOS                   ; 0000002733017286,14
200505;00000000;BCO DO BRASIL S.A.                                          ;L;4010;0071800002;RENDAS DE PARTICIPACOES                           ; 0000000512973838,96
200505;00000000;BCO DO BRASIL S.A.                                          ;L;4010;0071900005;OUTRAS RECEITAS OPERACIONAIS                      ; 0000005379043704,09
200505;00000000;BCO DO BRASIL S.A.                                          ;L;4010;0073000006;RECEITAS NAO OPERACIONAIS                         ; 0000000145832238,90
200505;00000000;BCO DO BRASIL S.A.                                          ;L;4010;0073100009;LUCROS EM TRANSACOES COM VALORES E BENS           ; 0000000087719662,52
200505;00000000;BCO DO BRASIL S.A.                                          ;L;4010;0073900003;OUTRAS RECEITAS NAO OPERACIONAIS                  ; 0000000058112576,38
200505;00000000;BCO DO BRASIL S.A.                                          ;L;4010;0080000006;(-) CONTAS DE RESULTADO DEVEDORAS                 ;-0000022617004843,82
200505;00000000;BCO DO BRASIL S.A.                                          ;L;4010;0081000005;(-) DESPESAS OPERACIONAIS                         ;-0000021366048169,28
200505;00000000;BCO DO BRASIL S.A.                                          ;L;4010;0081100008;(-) DESPESAS DE CAPTACAO                          ;-0000005888864224,99
200505;00000000;BCO DO BRASIL S.A.                                          ;L;4010;0081200001;(-) DESP DE OBRIGACOES POR EMPRESTIMOS E REPASSES ;-0000000261405146,77
200505;00000000;BCO DO BRASIL S.A.                                          ;L;4010;0081300004;(-) DESPESAS DE ARRENDAMENTO MERCANTIL            ;-0000000005256917,41
200505;00000000;BCO DO BRASIL S.A.                                          ;L;4010;0081400007;(-) DESPESAS DE CAMBIO                            ;-0000001778350890,01
200505;00000000;BCO DO BRASIL S.A.                                          ;L;4010;0081500000;(-) DESP. COM TIT. E VAL. MOB. E INST. FIN. DERIV.;-0000002369162847,45
200505;00000000;BCO DO BRASIL S.A.                                          ;L;4010;0081600003;(-) DESPESAS DE PARTICIPACOES                     ;-0000000529342656,05
200505;00000000;BCO DO BRASIL S.A.                                          ;L;4010;0081700006;(-) DESPESAS ADMINISTRATIVAS                      ;-0000004733402212,50
200505;00000000;BCO DO BRASIL S.A.                                          ;L;4010;0081800009;(-) APROVISIONAMENTOS E AJUSTES PATRIMONIAIS      ;-0000002417497437,03
200505;00000000;BCO DO BRASIL S.A.                                          ;L;4010;0081900002;(-) OUTRAS DESPESAS OPERACIONAIS                  ;-0000003382765837,07
200505;00000000;BCO DO BRASIL S.A.                                          ;L;4010;0083000003;(-) DESPESAS NAO OPERACIONAIS                     ;-0000000031910160,33
200505;00000000;BCO DO BRASIL S.A.                                          ;L;4010;0083100006;(-) PREJUIZOS EM TRANSACOES COM VALORES E BENS    ;-0000000002712321,93
200505;00000000;BCO DO BRASIL S.A.                                          ;L;4010;0083900000;(-) OUTRAS DESPESAS NAO OPERACIONAIS              ;-0000000029197838,40
200505;00000000;BCO DO BRASIL S.A.                                          ;L;4010;0089000007;(-) APURACAO DE RESULTADO                         ;-0000001219046514,21
200505;00000000;BCO DO BRASIL S.A.                                          ;L;4010;0089400009;(-) IMPOSTO DE RENDA                              ;-0000001091926630,47
200505;00000000;BCO DO BRASIL S.A.                                          ;L;4010;0089700008;(-) PARTICIPACOES NO LUCRO                        ;-0000000127119883,74
200505;00000000;BCO DO BRASIL S.A.                                          ;L;4010;0090000003;COMPENSACAO                                       ; 0002311024092517,12
200505;00000000;BCO DO BRASIL S.A.                                          ;L;4010;0090100006;COOBRIGACOES E RISCOS EM GARANTIAS PRESTADAS      ; 0000002841800796,86
200505;00000000;BCO DO BRASIL S.A.                                          ;L;4010;0090300002;TITULOS E VALORES MOBILIARIOS                     ; 0000093411593254,08
200505;00000000;BCO DO BRASIL S.A.                                          ;L;4010;0090400005;CUSTODIA DE VALORES                               ; 0000192776931910,38
200505;00000000;BCO DO BRASIL S.A.                                          ;L;4010;0090500008;COBRANCA                                          ; 0000055404670167,53
200505;00000000;BCO DO BRASIL S.A.                                          ;L;4010;0090600001;NEGOCIACAO E INTERMEDIACAO DE VALORES             ; 0000027797179492,76
200505;00000000;BCO DO BRASIL S.A.                                          ;L;4010;0090800007;CONTRATOS                                         ; 0000000164111058,02
200505;00000000;BCO DO BRASIL S.A.                                          ;L;4010;0090900000;CONTROLE                                          ; 0001852561430067,80
200505;00000000;BCO DO BRASIL S.A.                                          ;L;4010;0091000002;CLASSIFICACAO DA CARTEIRA DE CREDITOS             ; 0000086066375769,69
200505;00000000;BCO DO BRASIL S.A.                                          ;L;4010;0091100005;OPERACOES DE CREDITOS E ARRENDAMENTO MERCANTIL    ; 0000086066375769,69
200505;00000000;BCO DO BRASIL S.A.                                          ;L;4010;0099999995;TOTAL GERAL DO PASSIVO                            ; 0002539470892581,47
200505;00000208;BRB - BCO DE BRASILIA S.A.                                  ;U;4010;0010000007;CIRCULANTE E REALIZAVEL A LONGO PRAZO             ; 0000001952144464,11
200505;00000208;BRB - BCO DE BRASILIA S.A.                                  ;U;4010;0011000006;DISPONIBILIDADES                                  ; 0000000034777500,85
200505;00000208;BRB - BCO DE BRASILIA S.A.                                  ;U;4010;0011100009;CAIXA                                             ; 0000000033850064,28
200505;00000208;BRB - BCO DE BRASILIA S.A.                                  ;U;4010;0011500001;DISPONIBILIDADES EM MOEDAS ESTRANGEIRAS           ; 0000000000927436,57
200505;00000208;BRB - BCO DE BRASILIA S.A.                                  ;U;4010;0012000005;APLICACOES INTERFINANCEIRAS DE LIQUIDEZ           ; 0000000441096841,64
200505;00000208;BRB - BCO DE BRASILIA S.A.                                  ;U;4010;0012100008;APLICACOES EM OPERACOES COMPROMISSADAS            ; 0000000134997939,23
200505;00000208;BRB - BCO DE BRASILIA S.A.                                  ;U;4010;0012200001;APLICACOES EM DEPOSITOS INTERFINANCEIROS          ; 0000000305446070,19
200505;00000208;BRB - BCO DE BRASILIA S.A.                                  ;U;4010;0012600003;APLICA OES EM MOEDAS ESTRANGEIRAS                 ; 0000000000652832,22
200505;00000208;BRB - BCO DE BRASILIA S.A.                                  ;U;4010;0013000004;TITULOS E VAL. MOB. E INST. FINANC. DERIVATIVOS   ; 0000000305044962,10
200505;00000208;BRB - BCO DE BRASILIA S.A.                                  ;U;4010;0013100007;LIVRES                                            ; 0000000244492456,86
200505;00000208;BRB - BCO DE BRASILIA S.A.                                  ;U;4010;0013200000;VINCULADOS A OPERACOES COMPROMISSADAS             ; 0000000047909796,37
200505;00000208;BRB - BCO DE BRASILIA S.A.                                  ;U;4010;0013300003;INSTRUMENTOS FINANCEIROS DERIVATIVOS              ; 0000000000244067,48
200505;00000208;BRB - BCO DE BRASILIA S.A.                                  ;U;4010;0013600002;VINCULADOS A PRESTACAO DE GARANTIAS               ; 0000000012398641,39
200505;00000208;BRB - BCO DE BRASILIA S.A.                                  ;U;4010;0014000003;RELACOES INTERFINANCEIRAS                         ; 0000000248724422,94
200505;00000208;BRB - BCO DE BRASILIA S.A.                                  ;U;4010;0014100006;DIREITOS JUNTO A PARTIC. DE SISTEMAS DE LIQUIDAÇÃO; 0000000002514406,90
200505;00000208;BRB - BCO DE BRASILIA S.A.                                  ;U;4010;0014200009;CREDITOS VINCULADOS                               ; 0000000246210016,04
200505;00000208;BRB - BCO DE BRASILIA S.A.                                  ;U;4010;0015000002;RELACOES INTERDEPENDENCIAS                        ; 0000000006934895,46
200505;00000208;BRB - BCO DE BRASILIA S.A.                                  ;U;4010;0015200008;TRANSFERENCIAS INTERNAS DE RECURSOS               ; 0000000006934895,46
200505;00000208;BRB - BCO DE BRASILIA S.A.                                  ;U;4010;0016000001;OPERACOES DE CREDITO                              ; 0000000680509025,21
200505;00000208;BRB - BCO DE BRASILIA S.A.                                  ;U;4010;0016100004;EMPRESTIMOS E TITULOS DESCONTADOS                 ; 0000000488144426,37
200505;00000208;BRB - BCO DE BRASILIA S.A.                                  ;U;4010;0016200007;FINANCIAMENTOS                                    ; 0000000031665270,81
200505;00000208;BRB - BCO DE BRASILIA S.A.                                  ;U;4010;0016300000;FINANCIAMENTOS RURAIS E AGROINDUSTRIAIS           ; 0000000049566926,27
200505;00000208;BRB - BCO DE BRASILIA S.A.                                  ;U;4010;0016400003;FINANCIAMENTOS IMOBILIARIOS                       ; 0000000185012551,83
200505;00000208;BRB - BCO DE BRASILIA S.A.                                  ;U;4010;0016900008;(-) PROVISOES PARA OPERACOES DE CREDITO           ;-0000000073880150,07
200505;00000208;BRB - BCO DE BRASILIA S.A.                                  ;U;4010;0018000009;OUTROS CREDITOS                                   ; 0000000225662702,77
200505;00000208;BRB - BCO DE BRASILIA S.A.                                  ;U;4010;0018200005;CARTEIRA DE CAMBIO                                ; 0000000000409336,16
200505;00000208;BRB - BCO DE BRASILIA S.A.                                  ;U;4010;0018300008;RENDAS A RECEBER                                  ; 0000000011986593,60
200505;00000208;BRB - BCO DE BRASILIA S.A.                                  ;U;4010;0018500004;CREDITOS ESPECIFICOS                              ; 0000000002424119,86
200505;00000208;BRB - BCO DE BRASILIA S.A.                                  ;U;4010;0018800003;DIVERSOS                                          ; 0000000210847918,37
200505;00000208;BRB - BCO DE BRASILIA S.A.                                  ;U;4010;0018900006;(-) PROVISOES PARA OUTROS CREDITOS                ;-0000000000005265,22
200505;00000208;BRB - BCO DE BRASILIA S.A.                                  ;U;4010;0019000008;OUTROS VALORES E BENS                             ; 0000000009394113,14
200505;00000208;BRB - BCO DE BRASILIA S.A.                                  ;U;4010;0019800002;OUTROS VALORES E BENS                             ; 0000000009300263,90
200505;00000208;BRB - BCO DE BRASILIA S.A.                                  ;U;4010;0019900005;DESPESAS ANTECIPADAS                              ; 0000000000093849,24
200505;00000208;BRB - BCO DE BRASILIA S.A.                                  ;U;4010;0020000004;PERMANENTE                                        ; 0000000235095029,53
200505;00000208;BRB - BCO DE BRASILIA S.A.                                  ;U;4010;0021000003;INVESTIMENTOS                                     ; 0000000185768915,93
200505;00000208;BRB - BCO DE BRASILIA S.A.                                  ;U;4010;0021200009;PARTICIPACOES EM COLIGADAS E CONTROLADAS NO PAIS  ; 0000000183318790,82
200505;00000208;BRB - BCO DE BRASILIA S.A.                                  ;U;4010;0021300002;INVESTIMENTOS POR INCENTIVOS FISCAIS              ; 0000000000213509,10
200505;00000208;BRB - BCO DE BRASILIA S.A.                                  ;U;4010;0021400005;TITULOS PATRIMONIAIS                              ; 0000000000203021,86
200505;00000208;BRB - BCO DE BRASILIA S.A.                                  ;U;4010;0021500008;ACOES E COTAS                                     ; 0000000001987294,45
200505;00000208;BRB - BCO DE BRASILIA S.A.                                  ;U;4010;0021900000;OUTROS INVESTIMENTOS                              ; 0000000000046299,70
200505;00000208;BRB - BCO DE BRASILIA S.A.                                  ;U;4010;0022000002;IMOBILIZADO DE USO                                ; 0000000035456012,33
200505;00000208;BRB - BCO DE BRASILIA S.A.                                  ;U;4010;0022100005;MOVEIS E EQUIPAMENTOS EM ESTOQUE                  ; 0000000000106644,25
200505;00000208;BRB - BCO DE BRASILIA S.A.                                  ;U;4010;0022300001;IMOVEIS DE USO                                    ; 0000000023263769,78
200505;00000208;BRB - BCO DE BRASILIA S.A.                                  ;U;4010;0022400004;INSTALACOES, MOVEIS E EQUIPAMENTOS DE USO         ; 0000000007308953,64
200505;00000208;BRB - BCO DE BRASILIA S.A.                                  ;U;4010;0022900009;OUTROS                                            ; 0000000004776644,66
200505;00000208;BRB - BCO DE BRASILIA S.A.                                  ;U;4010;0024000000;DIFERIDO                                          ; 0000000013870101,27
200505;00000208;BRB - BCO DE BRASILIA S.A.                                  ;U;4010;0024100003;GASTOS DE ORGANIZACAO E EXPANSAO                  ; 0000000013870101,27
200505;00000208;BRB - BCO DE BRASILIA S.A.                                  ;U;4010;0030000001;COMPENSACAO                                       ; 0000012873856229,43
200505;00000208;BRB - BCO DE BRASILIA S.A.                                  ;U;4010;0030100004;COOBRIGACOES E RISCOS EM GARANTIAS PRESTADAS      ; 0000000038648606,67
200505;00000208;BRB - BCO DE BRASILIA S.A.                                  ;U;4010;0030300000;TITULOS E VALORES MOBILIARIOS                     ; 0000000546582981,02
200505;00000208;BRB - BCO DE BRASILIA S.A.                                  ;U;4010;0030400003;CUSTODIA DE VALORES                               ; 0000000644205291,75
200505;00000208;BRB - BCO DE BRASILIA S.A.                                  ;U;4010;0030500006;COBRANCA                                          ; 0000000398228868,50
200505;00000208;BRB - BCO DE BRASILIA S.A.                                  ;U;4010;0030600009;NEGOCIACAO E INTERMEDIACAO DE VALORES             ; 0000000106614434,63
200505;00000208;BRB - BCO DE BRASILIA S.A.                                  ;U;4010;0030900008;CONTROLE                                          ; 0000010381716251,09
200505;00000208;BRB - BCO DE BRASILIA S.A.                                  ;U;4010;0031000000;CLASSIFICACAO DA CARTEIRA DE CREDITOS             ; 0000000757859795,77
200505;00000208;BRB - BCO DE BRASILIA S.A.                                  ;U;4010;0031100003;OPERACOES DE RISCO NIVEL AA                       ; 0000000117683645,09
200505;00000208;BRB - BCO DE BRASILIA S.A.                                  ;U;4010;0031200006;OPERACOES DE RISCO NIVEL A                        ; 0000000305165219,62
200505;00000208;BRB - BCO DE BRASILIA S.A.                                  ;U;4010;0031300009;OPERACOES DE RISCO NIVELB                         ; 0000000074283663,44
200505;00000208;BRB - BCO DE BRASILIA S.A.                                  ;U;4010;0031400002;OPERACOES DE RISCO NIVELC                         ; 0000000148217914,22
200505;00000208;BRB - BCO DE BRASILIA S.A.                                  ;U;4010;0031500005;OPERACOES DE RISCO NIVEL D                        ; 0000000023201231,61
200505;00000208;BRB - BCO DE BRASILIA S.A.                                  ;U;4010;0031600008;OPERACOES DE RISCO NIVEL E                        ; 0000000013304094,12
200505;00000208;BRB - BCO DE BRASILIA S.A.                                  ;U;4010;0031700001;OPERACOES DE RISCO NIVEL F                        ; 0000000024209094,85
200505;00000208;BRB - BCO DE BRASILIA S.A.                                  ;U;4010;0031800004;OPERACOES DE RISCO NIVEL G                        ; 0000000010145001,04
200505;00000208;BRB - BCO DE BRASILIA S.A.                                  ;U;4010;0031900007;OPERACOES DE RISCO NIVEL H                        ; 0000000041649931,78
200505;00000208;BRB - BCO DE BRASILIA S.A.                                  ;U;4010;0039999993;TOTAL GERAL DO ATIVO                              ; 0000015061095723,07
200505;00000208;BRB - BCO DE BRASILIA S.A.                                  ;U;4010;0040000008;CIRCULANTE EXIGIVEL A LONGO PRAZO                 ; 0000001946629428,90
200505;00000208;BRB - BCO DE BRASILIA S.A.                                  ;U;4010;0041000007;DEPOSITOS                                         ; 0000001588759557,95
200505;00000208;BRB - BCO DE BRASILIA S.A.                                  ;U;4010;0041100000;DEPOSITOS A VISTA                                 ; 0000000272545744,45
200505;00000208;BRB - BCO DE BRASILIA S.A.                                  ;U;4010;0041200003;DEPOSITOS DE POUPANCA                             ; 0000000442734809,65
200505;00000208;BRB - BCO DE BRASILIA S.A.                                  ;U;4010;0041300006;DEPOSITOS INTERFINANCEIROS                        ; 0000000011307779,54
200505;00000208;BRB - BCO DE BRASILIA S.A.                                  ;U;4010;0041500002;DEPOSITOS A PRAZO                                 ; 0000000857553908,24
200505;00000208;BRB - BCO DE BRASILIA S.A.                                  ;U;4010;0041600005;OBRIGACOES P/DEPOS ESPEC E DE FUNDOS E PROGRAMAS  ; 0000000000981447,02
200505;00000208;BRB - BCO DE BRASILIA S.A.                                  ;U;4010;0041800001;DEPOSITOS EM MOEDAS ESTRANGEIRAS                  ; 0000000000219395,15
200505;00000208;BRB - BCO DE BRASILIA S.A.                                  ;U;4010;0041900004;OUTROS DEPOSITOS                                  ; 0000000003416473,90
200505;00000208;BRB - BCO DE BRASILIA S.A.                                  ;U;4010;0042000006;OBRIGACOES POR OPERACOES COMPROMISSADAS           ; 0000000047803672,49
200505;00000208;BRB - BCO DE BRASILIA S.A.                                  ;U;4010;0042100009;CARTEIRA PROPRIA                                  ; 0000000047803672,49
200505;00000208;BRB - BCO DE BRASILIA S.A.                                  ;U;4010;0043000005;RECURSOS ACEITES CAMB,LI E HIP.,DEBENT.E SIMILARES; 0000000054499780,99
200505;00000208;BRB - BCO DE BRASILIA S.A.                                  ;U;4010;0043300004;RECURSOS DE LETRAS HIPOTECARIAS                   ; 0000000054499780,99
200505;00000208;BRB - BCO DE BRASILIA S.A.                                  ;U;4010;0044000004;RELACOES INTERFINANCEIRAS                         ; 0000000000046104,86
200505;00000208;BRB - BCO DE BRASILIA S.A.                                  ;U;4010;0044100007;OBRIGAÇÕES JUNTO A PARTIC. DE SIST. DE LIQUIDACÃO ; 0000000000046104,86
200505;00000208;BRB - BCO DE BRASILIA S.A.                                  ;U;4010;0045000003;RELACOES INTERDEPENDENCIAS                        ; 0000000000039270,35
200505;00000208;BRB - BCO DE BRASILIA S.A.                                  ;U;4010;0045100006;RECURSOS EM TRANSITO DE TERCEIROS                 ; 0000000000011075,96
200505;00000208;BRB - BCO DE BRASILIA S.A.                                  ;U;4010;0045200009;TRANSFERENCIAS INTERNAS DE RECURSOS               ; 0000000000028194,39
200505;00000208;BRB - BCO DE BRASILIA S.A.                                  ;U;4010;0046000002;OBRIGACOES POR EMPRESTIMOS E REPASSES             ; 0000000035507492,50
200505;00000208;BRB - BCO DE BRASILIA S.A.                                  ;U;4010;0046300001;EMPRESTIMOS NO EXTERIOR                           ; 0000000002259793,22
200505;00000208;BRB - BCO DE BRASILIA S.A.                                  ;U;4010;0046400004;REPASSES DO PAIS - INSTITUICOES OFICIAIS          ; 0000000033247699,28
200505;00000208;BRB - BCO DE BRASILIA S.A.                                  ;U;4010;0047000001;INSTRUMENTOS FINANCEIROS DERIVATIVOS              ; 0000000000003058,62
200505;00000208;BRB - BCO DE BRASILIA S.A.                                  ;U;4010;0047100004;INSTRUMENTOS FINANCEIROS DERIVATIVOS              ; 0000000000003058,62
200505;00000208;BRB - BCO DE BRASILIA S.A.                                  ;U;4010;0049000009;OUTRAS OBRIGACOES                                 ; 0000000219970491,14
200505;00000208;BRB - BCO DE BRASILIA S.A.                                  ;U;4010;0049100002;COBRANCA E ARRECADACAO DE TRIBUTOS E ASSEMELHADOS ; 0000000026056649,26
200505;00000208;BRB - BCO DE BRASILIA S.A.                                  ;U;4010;0049200005;CARTEIRA DE CAMBIO                                ; 0000000000462947,93
200505;00000208;BRB - BCO DE BRASILIA S.A.                                  ;U;4010;0049300008;SOCIAIS E ESTATUTARIAS                            ; 0000000000018714,73
200505;00000208;BRB - BCO DE BRASILIA S.A.                                  ;U;4010;0049400001;FISCAIS E PREVIDENCIARIAS                         ; 0000000074277860,66
200505;00000208;BRB - BCO DE BRASILIA S.A.                                  ;U;4010;0049600007;RECURSOS PARA DESTINACAO ESPECIFICA               ; 0000000000042891,67
200505;00000208;BRB - BCO DE BRASILIA S.A.                                  ;U;4010;0049900006;DIVERSAS                                          ; 0000000119111426,89
200505;00000208;BRB - BCO DE BRASILIA S.A.                                  ;U;4010;0050000005;RESULTADOS DE EXERCICIOS FUTUROS                  ; 0000000000264668,68
200505;00000208;BRB - BCO DE BRASILIA S.A.                                  ;U;4010;0051000004;RECEITAS DE EXERCICIOS FUTUROS                    ; 0000000000264668,68
200505;00000208;BRB - BCO DE BRASILIA S.A.                                  ;U;4010;0051100007;RECEITAS DE EXERCICIOS FUTUROS                    ; 0000000000264668,68
200505;00000208;BRB - BCO DE BRASILIA S.A.                                  ;U;4010;0060000002;PATRIMONIO LIQUIDO                                ; 0000000255743132,36
200505;00000208;BRB - BCO DE BRASILIA S.A.                                  ;U;4010;0061000001;PATRIMONIO LIQUIDO                                ; 0000000255743132,36
200505;00000208;BRB - BCO DE BRASILIA S.A.                                  ;U;4010;0061100004;CAPITAL SOCIAL                                    ; 0000000184225000,00
200505;00000208;BRB - BCO DE BRASILIA S.A.                                  ;U;4010;0061300000;RESERVAS DE CAPITAL                               ; 0000000037299145,46
200505;00000208;BRB - BCO DE BRASILIA S.A.                                  ;U;4010;0061500006;RESERVAS DE LUCROS                                ; 0000000039753108,17
200505;00000208;BRB - BCO DE BRASILIA S.A.                                  ;U;4010;0061600009;AJUSTES DE AVALIACAO PATRIMONIAL                  ;-0000000005561026,47
200505;00000208;BRB - BCO DE BRASILIA S.A.                                  ;U;4010;0061800005;LUCROS OU PREJUIZOS ACUMULADOS                    ; 0000000000026905,20
200505;00000208;BRB - BCO DE BRASILIA S.A.                                  ;U;4010;0070000009;CONTAS DE RESULTADO CREDORAS                      ; 0000000538070397,61
200505;00000208;BRB - BCO DE BRASILIA S.A.                                  ;U;4010;0071000008;RECEITAS OPERACIONAIS                             ; 0000000320622020,03
200505;00000208;BRB - BCO DE BRASILIA S.A.                                  ;U;4010;0071100001;RENDAS DE OPERACOES DE CREDITO                    ; 0000000124120409,84
200505;00000208;BRB - BCO DE BRASILIA S.A.                                  ;U;4010;0071300007;RENDAS DE CAMBIO                                  ; 0000000000677613,38
200505;00000208;BRB - BCO DE BRASILIA S.A.                                  ;U;4010;0071400000;RENDAS DE APLICACOES INTERFINANCEIRAS DE LIQUIDEZ ; 0000000031510711,04
200505;00000208;BRB - BCO DE BRASILIA S.A.                                  ;U;4010;0071500003;RENDAS COM TIT. E VAL. MOB. E INST. FINANC. DERIV.; 0000000022102504,62
200505;00000208;BRB - BCO DE BRASILIA S.A.                                  ;U;4010;0071700009;RENDAS DE PRESTACAO DE SERVICOS                   ; 0000000046117851,65
200505;00000208;BRB - BCO DE BRASILIA S.A.                                  ;U;4010;0071800002;RENDAS DE PARTICIPACOES                           ; 0000000019963387,55
200505;00000208;BRB - BCO DE BRASILIA S.A.                                  ;U;4010;0071900005;OUTRAS RECEITAS OPERACIONAIS                      ; 0000000076129541,95
200505;00000208;BRB - BCO DE BRASILIA S.A.                                  ;U;4010;0073000006;RECEITAS NAO OPERACIONAIS                         ; 0000000002644562,64
200505;00000208;BRB - BCO DE BRASILIA S.A.                                  ;U;4010;0073100009;LUCROS EM TRANSACOES COM VALORES E BENS           ; 0000000000501722,82
200505;00000208;BRB - BCO DE BRASILIA S.A.                                  ;U;4010;0073900003;OUTRAS RECEITAS NAO OPERACIONAIS                  ; 0000000002142839,82
200505;00000208;BRB - BCO DE BRASILIA S.A.                                  ;U;4010;0078000001;RATEIO DE RESULTADOS INTERNOS                     ; 0000000214803814,94
200505;00000208;BRB - BCO DE BRASILIA S.A.                                  ;U;4010;0078100004;RATEIO DE RESULTADOS INTERNOS                     ; 0000000214803814,94
200505;00000208;BRB - BCO DE BRASILIA S.A.                                  ;U;4010;0080000006;(-) CONTAS DE RESULTADO DEVEDORAS                 ;-0000000553468133,91
200505;00000208;BRB - BCO DE BRASILIA S.A.                                  ;U;4010;0081000005;(-) DESPESAS OPERACIONAIS                         ;-0000000327788689,26
200505;00000208;BRB - BCO DE BRASILIA S.A.                                  ;U;4010;0081100008;(-) DESPESAS DE CAPTACAO                          ;-0000000070519332,89
200505;00000208;BRB - BCO DE BRASILIA S.A.                                  ;U;4010;0081200001;(-) DESP DE OBRIGACOES POR EMPRESTIMOS E REPASSES ;-0000000001491284,66
200505;00000208;BRB - BCO DE BRASILIA S.A.                                  ;U;4010;0081400007;(-) DESPESAS DE CAMBIO                            ;-0000000001005643,27
200505;00000208;BRB - BCO DE BRASILIA S.A.                                  ;U;4010;0081500000;(-) DESP. COM TIT. E VAL. MOB. E INST. FIN. DERIV.;-0000000002184505,13
200505;00000208;BRB - BCO DE BRASILIA S.A.                                  ;U;4010;0081600003;(-) DESPESAS DE PARTICIPACOES                     ;-0000000001586099,56
200505;00000208;BRB - BCO DE BRASILIA S.A.                                  ;U;4010;0081700006;(-) DESPESAS ADMINISTRATIVAS                      ;-0000000174413364,70
200505;00000208;BRB - BCO DE BRASILIA S.A.                                  ;U;4010;0081800009;(-) APROVISIONAMENTOS E AJUSTES PATRIMONIAIS      ;-0000000058458048,86
200505;00000208;BRB - BCO DE BRASILIA S.A.                                  ;U;4010;0081900002;(-) OUTRAS DESPESAS OPERACIONAIS                  ;-0000000018130410,19
200505;00000208;BRB - BCO DE BRASILIA S.A.                                  ;U;4010;0083000003;(-) DESPESAS NAO OPERACIONAIS                     ;-0000000000027440,69
200505;00000208;BRB - BCO DE BRASILIA S.A.                                  ;U;4010;0083900000;(-) OUTRAS DESPESAS NAO OPERACIONAIS              ;-0000000000027440,69
200505;00000208;BRB - BCO DE BRASILIA S.A.                                  ;U;4010;0088000008;(-) RATEIO DE RESULTADOS INTERNOS                 ;-0000000214803814,94
200505;00000208;BRB - BCO DE BRASILIA S.A.                                  ;U;4010;0088100001;(-) RATEIO DE RESULTADOS INTERNOS                 ;-0000000214803814,94
200505;00000208;BRB - BCO DE BRASILIA S.A.                                  ;U;4010;0089000007;(-) APURACAO DE RESULTADO                         ;-0000000010848189,02
200505;00000208;BRB - BCO DE BRASILIA S.A.                                  ;U;4010;0089400009;(-) IMPOSTO DE RENDA                              ;-0000000010848189,02
200505;00000208;BRB - BCO DE BRASILIA S.A.                                  ;U;4010;0090000003;COMPENSACAO                                       ; 0000012873856229,43
200505;00000208;BRB - BCO DE BRASILIA S.A.                                  ;U;4010;0090100006;COOBRIGACOES E RISCOS EM GARANTIAS PRESTADAS      ; 0000000038648606,67
200505;00000208;BRB - BCO DE BRASILIA S.A.                                  ;U;4010;0090300002;TITULOS E VALORES MOBILIARIOS                     ; 0000000546582981,02
200505;00000208;BRB - BCO DE BRASILIA S.A.                                  ;U;4010;0090400005;CUSTODIA DE VALORES                               ; 0000000644205291,75
200505;00000208;BRB - BCO DE BRASILIA S.A.                                  ;U;4010;0090500008;COBRANCA                                          ; 0000000398228868,50
200505;00000208;BRB - BCO DE BRASILIA S.A.                                  ;U;4010;0090600001;NEGOCIACAO E INTERMEDIACAO DE VALORES             ; 0000000106614434,63
200505;00000208;BRB - BCO DE BRASILIA S.A.                                  ;U;4010;0090900000;CONTROLE                                          ; 0000010381716251,09
200505;00000208;BRB - BCO DE BRASILIA S.A.                                  ;U;4010;0091000002;CLASSIFICACAO DA CARTEIRA DE CREDITOS             ; 0000000757859795,77
200505;00000208;BRB - BCO DE BRASILIA S.A.                                  ;U;4010;0091100005;OPERACOES DE CREDITOS E ARRENDAMENTO MERCANTIL    ; 0000000757859795,77
200505;00000208;BRB - BCO DE BRASILIA S.A.                                  ;U;4010;0099999995;TOTAL GERAL DO PASSIVO                            ; 0000015061095723,07
200505;00086413;BANCO ÚNICO                                                 ;U;4010;0010000007;CIRCULANTE E REALIZAVEL A LONGO PRAZO             ; 0000000518927084,51
200505;00086413;BANCO ÚNICO                                                 ;U;4010;0011000006;DISPONIBILIDADES                                  ; 0000000000039933,55
200505;00086413;BANCO ÚNICO                                                 ;U;4010;0011200002;DEPOSITOS BANCARIOS                               ; 0000000000000750,72
200505;00086413;BANCO ÚNICO                                                 ;U;4010;0011300005;RESERVAS LIVRES                                   ; 0000000000039182,83
200505;00086413;BANCO ÚNICO                                                 ;U;4010;0012000005;APLICACOES INTERFINANCEIRAS DE LIQUIDEZ           ; 0000000311373600,12
200505;00086413;BANCO ÚNICO                                                 ;U;4010;0012100008;APLICACOES EM OPERACOES COMPROMISSADAS            ; 0000000099319734,71
200505;00086413;BANCO ÚNICO                                                 ;U;4010;0012200001;APLICACOES EM DEPOSITOS INTERFINANCEIROS          ; 0000000212053865,41
200505;00086413;BANCO ÚNICO                                                 ;U;4010;0013000004;TITULOS E VAL. MOB. E INST. FINANC. DERIVATIVOS   ; 0000000067813159,98
200505;00086413;BANCO ÚNICO                                                 ;U;4010;0013100007;LIVRES                                            ; 0000000057299733,40
200505;00086413;BANCO ÚNICO                                                 ;U;4010;0013300003;INSTRUMENTOS FINANCEIROS DERIVATIVOS              ; 0000000010513426,58
200505;00086413;BANCO ÚNICO                                                 ;U;4010;0014000003;RELACOES INTERFINANCEIRAS                         ; 0000000000074255,42
200505;00086413;BANCO ÚNICO                                                 ;U;4010;0014100006;DIREITOS JUNTO A PARTIC. DE SISTEMAS DE LIQUIDAÇÃO; 0000000000074255,42
200505;00086413;BANCO ÚNICO                                                 ;U;4010;0016000001;OPERACOES DE CREDITO                              ; 0000000079932248,24
200505;00086413;BANCO ÚNICO                                                 ;U;4010;0016100004;EMPRESTIMOS E TITULOS DESCONTADOS                 ; 0000000031108123,88
200505;00086413;BANCO ÚNICO                                                 ;U;4010;0016200007;FINANCIAMENTOS                                    ; 0000000058088615,37
200505;00086413;BANCO ÚNICO                                                 ;U;4010;0016900008;(-) PROVISOES PARA OPERACOES DE CREDITO           ;-0000000009264491,01
200505;00086413;BANCO ÚNICO                                                 ;U;4010;0018000009;OUTROS CREDITOS                                   ; 0000000059138340,20
200505;00086413;BANCO ÚNICO                                                 ;U;4010;0018300008;RENDAS A RECEBER                                  ; 0000000000018119,76
200505;00086413;BANCO ÚNICO                                                 ;U;4010;0018800003;DIVERSOS                                          ; 0000000059120220,44
200505;00086413;BANCO ÚNICO                                                 ;U;4010;0019000008;OUTROS VALORES E BENS                             ; 0000000000555547,00
200505;00086413;BANCO ÚNICO                                                 ;U;4010;0019800002;OUTROS VALORES E BENS                             ; 0000000000550000,00
200505;00086413;BANCO ÚNICO                                                 ;U;4010;0019900005;DESPESAS ANTECIPADAS                              ; 0000000000005547,00
200505;00086413;BANCO ÚNICO                                                 ;U;4010;0020000004;PERMANENTE                                        ; 0000000040135592,73
200505;00086413;BANCO ÚNICO                                                 ;U;4010;0021000003;INVESTIMENTOS                                     ; 0000000038310909,00
200505;00086413;BANCO ÚNICO                                                 ;U;4010;0021200009;PARTICIPACOES EM COLIGADAS E CONTROLADAS NO PAIS  ; 0000000037526450,48
200505;00086413;BANCO ÚNICO                                                 ;U;4010;0021400005;TITULOS PATRIMONIAIS                              ; 0000000000141286,16
200505;00086413;BANCO ÚNICO                                                 ;U;4010;0021500008;ACOES E COTAS                                     ; 0000000000589111,10
200505;00086413;BANCO ÚNICO                                                 ;U;4010;0021900000;OUTROS INVESTIMENTOS                              ; 0000000000054061,26
200505;00086413;BANCO ÚNICO                                                 ;U;4010;0022000002;IMOBILIZADO DE USO                                ; 0000000001195963,94
200505;00086413;BANCO ÚNICO                                                 ;U;4010;0022400004;INSTALACOES, MOVEIS E EQUIPAMENTOS DE USO         ; 0000000000231205,12
200505;00086413;BANCO ÚNICO                                                 ;U;4010;0022900009;OUTROS                                            ; 0000000000964758,82
200505;00086413;BANCO ÚNICO                                                 ;U;4010;0024000000;DIFERIDO                                          ; 0000000000628719,79
200505;00086413;BANCO ÚNICO                                                 ;U;4010;0024100003;GASTOS DE ORGANIZACAO E EXPANSAO                  ; 0000000000628719,79
200505;00086413;BANCO ÚNICO                                                 ;U;4010;0030000001;COMPENSACAO                                       ; 0000001423471525,12
200505;00086413;BANCO ÚNICO                                                 ;U;4010;0030300000;TITULOS E VALORES MOBILIARIOS                     ; 0000000114599466,80
200505;00086413;BANCO ÚNICO                                                 ;U;4010;0030400003;CUSTODIA DE VALORES                               ; 0000000465687276,67
200505;00086413;BANCO ÚNICO                                                 ;U;4010;0030500006;COBRANCA                                          ; 0000000017667942,95
200505;00086413;BANCO ÚNICO                                                 ;U;4010;0030600009;NEGOCIACAO E INTERMEDIACAO DE VALORES             ; 0000000081728885,84
200505;00086413;BANCO ÚNICO                                                 ;U;4010;0030900008;CONTROLE                                          ; 0000000648900076,58
200505;00086413;BANCO ÚNICO                                                 ;U;4010;0031000000;CLASSIFICACAO DA CARTEIRA DE CREDITOS             ; 0000000094887876,28
200505;00086413;BANCO ÚNICO                                                 ;U;4010;0031100003;OPERACOES DE RISCO NIVEL AA                       ; 0000000005691137,03
200505;00086413;BANCO ÚNICO                                                 ;U;4010;0031200006;OPERACOES DE RISCO NIVEL A                        ; 0000000061078674,70
200505;00086413;BANCO ÚNICO                                                 ;U;4010;0031300009;OPERACOES DE RISCO NIVELB                         ; 0000000008714369,86
200505;00086413;BANCO ÚNICO                                                 ;U;4010;0031400002;OPERACOES DE RISCO NIVELC                         ; 0000000006009808,65
200505;00086413;BANCO ÚNICO                                                 ;U;4010;0031500005;OPERACOES DE RISCO NIVEL D                        ; 0000000002804878,15
200505;00086413;BANCO ÚNICO                                                 ;U;4010;0031600008;OPERACOES DE RISCO NIVEL E                        ; 0000000001824389,70
200505;00086413;BANCO ÚNICO                                                 ;U;4010;0031700001;OPERACOES DE RISCO NIVEL F                        ; 0000000001142376,65
200505;00086413;BANCO ÚNICO                                                 ;U;4010;0031800004;OPERACOES DE RISCO NIVEL G                        ; 0000000001101478,45
200505;00086413;BANCO ÚNICO                                                 ;U;4010;0031900007;OPERACOES DE RISCO NIVEL H                        ; 0000000006520763,09
200505;00086413;BANCO ÚNICO                                                 ;U;4010;0039999993;TOTAL GERAL DO ATIVO                              ; 0000001982534202,36
200505;00086413;BANCO ÚNICO                                                 ;U;4010;0040000008;CIRCULANTE EXIGIVEL A LONGO PRAZO                 ; 0000000335851899,08
200505;00086413;BANCO ÚNICO                                                 ;U;4010;0041000007;DEPOSITOS                                         ; 0000000308183209,82
200505;00086413;BANCO ÚNICO                                                 ;U;4010;0041100000;DEPOSITOS A VISTA                                 ; 0000000000005872,94
200505;00086413;BANCO ÚNICO                                                 ;U;4010;0041300006;DEPOSITOS INTERFINANCEIROS                        ; 0000000308177336,88
200505;00086413;BANCO ÚNICO                                                 ;U;4010;0044000004;RELACOES INTERFINANCEIRAS                         ; 0000000000768638,10
200505;00086413;BANCO ÚNICO                                                 ;U;4010;0044400006;RELACOES COM CORRESPONDENTES                      ; 0000000000768638,10
200505;00086413;BANCO ÚNICO                                                 ;U;4010;0049000009;OUTRAS OBRIGACOES                                 ; 0000000026900051,16
200505;00086413;BANCO ÚNICO                                                 ;U;4010;0049100002;COBRANCA E ARRECADACAO DE TRIBUTOS E ASSEMELHADOS ; 0000000000000000,01
200505;00086413;BANCO ÚNICO                                                 ;U;4010;0049300008;SOCIAIS E ESTATUTARIAS                            ; 0000000000054574,89
200505;00086413;BANCO ÚNICO                                                 ;U;4010;0049400001;FISCAIS E PREVIDENCIARIAS                         ; 0000000004363611,49
200505;00086413;BANCO ÚNICO                                                 ;U;4010;0049500004;NEGOCIACAO E INTERMEDIACAO DE VALORES             ; 0000000000000330,00
200505;00086413;BANCO ÚNICO                                                 ;U;4010;0049900006;DIVERSAS                                          ; 0000000022481534,77
200505;00086413;BANCO ÚNICO                                                 ;U;4010;0060000002;PATRIMONIO LIQUIDO                                ; 0000000217501829,00
200505;00086413;BANCO ÚNICO                                                 ;U;4010;0061000001;PATRIMONIO LIQUIDO                                ; 0000000217501829,00
200505;00086413;BANCO ÚNICO                                                 ;U;4010;0061100004;CAPITAL SOCIAL                                    ; 0000000081998951,84
200505;00086413;BANCO ÚNICO                                                 ;U;4010;0061300000;RESERVAS DE CAPITAL                               ; 0000000004295336,85
200505;00086413;BANCO ÚNICO                                                 ;U;4010;0061500006;RESERVAS DE LUCROS                                ; 0000000014789011,72
200505;00086413;BANCO ÚNICO                                                 ;U;4010;0061800005;LUCROS OU PREJUIZOS ACUMULADOS                    ; 0000000116418528,59
200505;00086413;BANCO ÚNICO                                                 ;U;4010;0070000009;CONTAS DE RESULTADO CREDORAS                      ; 0000000073259851,33
200505;00086413;BANCO ÚNICO                                                 ;U;4010;0071000008;RECEITAS OPERACIONAIS                             ; 0000000073193593,73
200505;00086413;BANCO ÚNICO                                                 ;U;4010;0071100001;RENDAS DE OPERACOES DE CREDITO                    ; 0000000017581815,95
200505;00086413;BANCO ÚNICO                                                 ;U;4010;0071400000;RENDAS DE APLICACOES INTERFINANCEIRAS DE LIQUIDEZ ; 0000000017769618,62
200505;00086413;BANCO ÚNICO                                                 ;U;4010;0071500003;RENDAS COM TIT. E VAL. MOB. E INST. FINANC. DERIV.; 0000000026612594,82
200505;00086413;BANCO ÚNICO                                                 ;U;4010;0071700009;RENDAS DE PRESTACAO DE SERVICOS                   ; 0000000000857143,43
200505;00086413;BANCO ÚNICO                                                 ;U;4010;0071800002;RENDAS DE PARTICIPACOES                           ; 0000000000681406,64
200505;00086413;BANCO ÚNICO                                                 ;U;4010;0071900005;OUTRAS RECEITAS OPERACIONAIS                      ; 0000000009691014,27
200505;00086413;BANCO ÚNICO                                                 ;U;4010;0073000006;RECEITAS NAO OPERACIONAIS                         ; 0000000000066257,60
200505;00086413;BANCO ÚNICO                                                 ;U;4010;0073100009;LUCROS EM TRANSACOES COM VALORES E BENS           ; 0000000000041771,60
200505;00086413;BANCO ÚNICO                                                 ;U;4010;0073900003;OUTRAS RECEITAS NAO OPERACIONAIS                  ; 0000000000024486,00
200505;00086413;BANCO ÚNICO                                                 ;U;4010;0080000006;(-) CONTAS DE RESULTADO DEVEDORAS                 ;-0000000067550902,17
200505;00086413;BANCO ÚNICO                                                 ;U;4010;0081000005;(-) DESPESAS OPERACIONAIS                         ;-0000000062044795,04
200505;00086413;BANCO ÚNICO                                                 ;U;4010;0081100008;(-) DESPESAS DE CAPTACAO                          ;-0000000021597942,57
200505;00086413;BANCO ÚNICO                                                 ;U;4010;0081500000;(-) DESP. COM TIT. E VAL. MOB. E INST. FIN. DERIV.;-0000000018507065,89
200505;00086413;BANCO ÚNICO                                                 ;U;4010;0081600003;(-) DESPESAS DE PARTICIPACOES                     ;-0000000002752781,45
200505;00086413;BANCO ÚNICO                                                 ;U;4010;0081700006;(-) DESPESAS ADMINISTRATIVAS                      ;-0000000008286833,25
200505;00086413;BANCO ÚNICO                                                 ;U;4010;0081800009;(-) APROVISIONAMENTOS E AJUSTES PATRIMONIAIS      ;-0000000004901262,43
200505;00086413;BANCO ÚNICO                                                 ;U;4010;0081900002;(-) OUTRAS DESPESAS OPERACIONAIS                  ;-0000000005998909,45
200505;00086413;BANCO ÚNICO                                                 ;U;4010;0083000003;(-) DESPESAS NAO OPERACIONAIS                     ;-0000000001568263,41
200505;00086413;BANCO ÚNICO                                                 ;U;4010;0083900000;(-) OUTRAS DESPESAS NAO OPERACIONAIS              ;-0000000001568263,41
200505;00086413;BANCO ÚNICO                                                 ;U;4010;0089000007;(-) APURACAO DE RESULTADO                         ;-0000000003937843,72
200505;00086413;BANCO ÚNICO                                                 ;U;4010;0089400009;(-) IMPOSTO DE RENDA                              ;-0000000003937843,72
200505;00086413;BANCO ÚNICO                                                 ;U;4010;0090000003;COMPENSACAO                                       ; 0000001423471525,12
200505;00086413;BANCO ÚNICO                                                 ;U;4010;0090300002;TITULOS E VALORES MOBILIARIOS                     ; 0000000114599466,80
200505;00086413;BANCO ÚNICO                                                 ;U;4010;0090400005;CUSTODIA DE VALORES                               ; 0000000465687276,67
200505;00086413;BANCO ÚNICO                                                 ;U;4010;0090500008;COBRANCA                                          ; 0000000017667942,95
200505;00086413;BANCO ÚNICO                                                 ;U;4010;0090600001;NEGOCIACAO E INTERMEDIACAO DE VALORES             ; 0000000081728885,84
200505;00086413;BANCO ÚNICO                                                 ;U;4010;0090900000;CONTROLE                                          ; 0000000648900076,58
200505;00086413;BANCO ÚNICO                                                 ;U;4010;0091000002;CLASSIFICACAO DA CARTEIRA DE CREDITOS             ; 0000000094887876,28
200505;00086413;BANCO ÚNICO                                                 ;U;4010;0091100005;OPERACOES DE CREDITOS E ARRENDAMENTO MERCANTIL    ; 0000000094887876,28
200505;00086413;BANCO ÚNICO                                                 ;U;4010;0099999995;TOTAL GERAL DO PASSIVO                            ; 0000001982534202,36
200505;00183938;BCO GERDAU S.A.                                             ;U;4010;0010000007;CIRCULANTE E REALIZAVEL A LONGO PRAZO             ; 0000000131676808,44
200505;00183938;BCO GERDAU S.A.                                             ;U;4010;0011000006;DISPONIBILIDADES                                  ; 0000000000079813,77
200505;00183938;BCO GERDAU S.A.                                             ;U;4010;0011100009;CAIXA                                             ; 0000000000007528,65
200505;00183938;BCO GERDAU S.A.                                             ;U;4010;0011300005;RESERVAS LIVRES                                   ; 0000000000072285,12
200505;00183938;BCO GERDAU S.A.                                             ;U;4010;0012000005;APLICACOES INTERFINANCEIRAS DE LIQUIDEZ           ; 0000000000962896,50
200505;00183938;BCO GERDAU S.A.                                             ;U;4010;0012200001;APLICACOES EM DEPOSITOS INTERFINANCEIROS          ; 0000000000962896,50
200505;00183938;BCO GERDAU S.A.                                             ;U;4010;0013000004;TITULOS E VAL. MOB. E INST. FINANC. DERIVATIVOS   ; 0000000001152869,95
200505;00183938;BCO GERDAU S.A.                                             ;U;4010;0013100007;LIVRES                                            ; 0000000001152869,95
200505;00183938;BCO GERDAU S.A.                                             ;U;4010;0014000003;RELACOES INTERFINANCEIRAS                         ; 0000000003720174,10
200505;00183938;BCO GERDAU S.A.                                             ;U;4010;0014100006;DIREITOS JUNTO A PARTIC. DE SISTEMAS DE LIQUIDAÇÃO; 0000000000010188,96
200505;00183938;BCO GERDAU S.A.                                             ;U;4010;0014400005;RELACOES COM CORRESPONDENTES                      ; 0000000003709985,14
200505;00183938;BCO GERDAU S.A.                                             ;U;4010;0016000001;OPERACOES DE CREDITO                              ; 0000000124884360,85
200505;00183938;BCO GERDAU S.A.                                             ;U;4010;0016100004;EMPRESTIMOS E TITULOS DESCONTADOS                 ; 0000000125595266,69
200505;00183938;BCO GERDAU S.A.                                             ;U;4010;0016200007;FINANCIAMENTOS                                    ; 0000000000290651,95
200505;00183938;BCO GERDAU S.A.                                             ;U;4010;0016900008;(-) PROVISOES PARA OPERACOES DE CREDITO           ;-0000000001001557,79
200505;00183938;BCO GERDAU S.A.                                             ;U;4010;0018000009;OUTROS CREDITOS                                   ; 0000000000876693,27
200505;00183938;BCO GERDAU S.A.                                             ;U;4010;0018300008;RENDAS A RECEBER                                  ; 0000000000151417,05
200505;00183938;BCO GERDAU S.A.                                             ;U;4010;0018800003;DIVERSOS                                          ; 0000000000725276,22
200505;00183938;BCO GERDAU S.A.                                             ;U;4010;0020000004;PERMANENTE                                        ; 0000000001663668,15
200505;00183938;BCO GERDAU S.A.                                             ;U;4010;0021000003;INVESTIMENTOS                                     ; 0000000001649629,57
200505;00183938;BCO GERDAU S.A.                                             ;U;4010;0021200009;PARTICIPACOES EM COLIGADAS E CONTROLADAS NO PAIS  ; 0000000001463584,92
200505;00183938;BCO GERDAU S.A.                                             ;U;4010;0021300002;INVESTIMENTOS POR INCENTIVOS FISCAIS              ; 0000000000003939,34
200505;00183938;BCO GERDAU S.A.                                             ;U;4010;0021400005;TITULOS PATRIMONIAIS                              ; 0000000000182105,31
200505;00183938;BCO GERDAU S.A.                                             ;U;4010;0022000002;IMOBILIZADO DE USO                                ; 0000000000014038,58
200505;00183938;BCO GERDAU S.A.                                             ;U;4010;0022400004;INSTALACOES, MOVEIS E EQUIPAMENTOS DE USO         ; 0000000000001223,43
200505;00183938;BCO GERDAU S.A.                                             ;U;4010;0022900009;OUTROS                                            ; 0000000000012815,15
200505;00183938;BCO GERDAU S.A.                                             ;U;4010;0030000001;COMPENSACAO                                       ; 0000003590532668,20
200505;00183938;BCO GERDAU S.A.                                             ;U;4010;0030300000;TITULOS E VALORES MOBILIARIOS                     ; 0000000002305739,90
200505;00183938;BCO GERDAU S.A.                                             ;U;4010;0030400003;CUSTODIA DE VALORES                               ; 0000000579420356,60
200505;00183938;BCO GERDAU S.A.                                             ;U;4010;0030600009;NEGOCIACAO E INTERMEDIACAO DE VALORES             ; 0000000057052321,91
200505;00183938;BCO GERDAU S.A.                                             ;U;4010;0030800005;CONTRATOS                                         ; 0000001823770484,06
200505;00183938;BCO GERDAU S.A.                                             ;U;4010;0030900008;CONTROLE                                          ; 0000001002097847,09
200505;00183938;BCO GERDAU S.A.                                             ;U;4010;0031000000;CLASSIFICACAO DA CARTEIRA DE CREDITOS             ; 0000000125885918,64
200505;00183938;BCO GERDAU S.A.                                             ;U;4010;0031200006;OPERACOES DE RISCO NIVEL A                        ; 0000000112599700,73
200505;00183938;BCO GERDAU S.A.                                             ;U;4010;0031300009;OPERACOES DE RISCO NIVELB                         ; 0000000007913629,63
200505;00183938;BCO GERDAU S.A.                                             ;U;4010;0031400002;OPERACOES DE RISCO NIVELC                         ; 0000000004868345,31
200505;00183938;BCO GERDAU S.A.                                             ;U;4010;0031500005;OPERACOES DE RISCO NIVEL D                        ; 0000000000096872,18
200505;00183938;BCO GERDAU S.A.                                             ;U;4010;0031700001;OPERACOES DE RISCO NIVEL F                        ; 0000000000407370,79
200505;00183938;BCO GERDAU S.A.                                             ;U;4010;0039999993;TOTAL GERAL DO ATIVO                              ; 0000003723873144,79
200505;00183938;BCO GERDAU S.A.                                             ;U;4010;0040000008;CIRCULANTE EXIGIVEL A LONGO PRAZO                 ; 0000000095471820,72
200505;00183938;BCO GERDAU S.A.                                             ;U;4010;0041000007;DEPOSITOS                                         ; 0000000092595972,34
200505;00183938;BCO GERDAU S.A.                                             ;U;4010;0041100000;DEPOSITOS A VISTA                                 ; 0000000000171869,27
200505;00183938;BCO GERDAU S.A.                                             ;U;4010;0041500002;DEPOSITOS A PRAZO                                 ; 0000000092424103,07
200505;00183938;BCO GERDAU S.A.                                             ;U;4010;0044000004;RELACOES INTERFINANCEIRAS                         ; 0000000000024529,72
200505;00183938;BCO GERDAU S.A.                                             ;U;4010;0044100007;OBRIGAÇÕES JUNTO A PARTIC. DE SIST. DE LIQUIDACÃO ; 0000000000024529,72
200505;00183938;BCO GERDAU S.A.                                             ;U;4010;0047000001;INSTRUMENTOS FINANCEIROS DERIVATIVOS              ; 0000000000046608,39
200505;00183938;BCO GERDAU S.A.                                             ;U;4010;0047100004;INSTRUMENTOS FINANCEIROS DERIVATIVOS              ; 0000000000046608,39
200505;00183938;BCO GERDAU S.A.                                             ;U;4010;0049000009;OUTRAS OBRIGACOES                                 ; 0000000002804710,27
200505;00183938;BCO GERDAU S.A.                                             ;U;4010;0049100002;COBRANCA E ARRECADACAO DE TRIBUTOS E ASSEMELHADOS ; 0000000000042580,48
200505;00183938;BCO GERDAU S.A.                                             ;U;4010;0049400001;FISCAIS E PREVIDENCIARIAS                         ; 0000000002093839,28
200505;00183938;BCO GERDAU S.A.                                             ;U;4010;0049900006;DIVERSAS                                          ; 0000000000668290,51
200505;00183938;BCO GERDAU S.A.                                             ;U;4010;0060000002;PATRIMONIO LIQUIDO                                ; 0000000033617967,64
200505;00183938;BCO GERDAU S.A.                                             ;U;4010;0061000001;PATRIMONIO LIQUIDO                                ; 0000000033617967,64
200505;00183938;BCO GERDAU S.A.                                             ;U;4010;0061100004;CAPITAL SOCIAL                                    ; 0000000021700000,00
200505;00183938;BCO GERDAU S.A.                                             ;U;4010;0061300000;RESERVAS DE CAPITAL                               ; 0000000000061784,31
200505;00183938;BCO GERDAU S.A.                                             ;U;4010;0061500006;RESERVAS DE LUCROS                                ; 0000000001153732,29
200505;00183938;BCO GERDAU S.A.                                             ;U;4010;0061800005;LUCROS OU PREJUIZOS ACUMULADOS                    ; 0000000010702451,04
200505;00183938;BCO GERDAU S.A.                                             ;U;4010;0070000009;CONTAS DE RESULTADO CREDORAS                      ; 0000000018016144,55
200505;00183938;BCO GERDAU S.A.                                             ;U;4010;0071000008;RECEITAS OPERACIONAIS                             ; 0000000018016144,55
200505;00183938;BCO GERDAU S.A.                                             ;U;4010;0071100001;RENDAS DE OPERACOES DE CREDITO                    ; 0000000016917240,58
200505;00183938;BCO GERDAU S.A.                                             ;U;4010;0071400000;RENDAS DE APLICACOES INTERFINANCEIRAS DE LIQUIDEZ ; 0000000000198027,92
200505;00183938;BCO GERDAU S.A.                                             ;U;4010;0071500003;RENDAS COM TIT. E VAL. MOB. E INST. FINANC. DERIV.; 0000000000079005,13
200505;00183938;BCO GERDAU S.A.                                             ;U;4010;0071700009;RENDAS DE PRESTACAO DE SERVICOS                   ; 0000000000483941,75
200505;00183938;BCO GERDAU S.A.                                             ;U;4010;0071800002;RENDAS DE PARTICIPACOES                           ; 0000000000330319,01
200505;00183938;BCO GERDAU S.A.                                             ;U;4010;0071900005;OUTRAS RECEITAS OPERACIONAIS                      ; 0000000000007610,16
200505;00183938;BCO GERDAU S.A.                                             ;U;4010;0080000006;(-) CONTAS DE RESULTADO DEVEDORAS                 ;-0000000013765456,32
200505;00183938;BCO GERDAU S.A.                                             ;U;4010;0081000005;(-) DESPESAS OPERACIONAIS                         ;-0000000011737055,30
200505;00183938;BCO GERDAU S.A.                                             ;U;4010;0081100008;(-) DESPESAS DE CAPTACAO                          ;-0000000006959414,75
200505;00183938;BCO GERDAU S.A.                                             ;U;4010;0081200001;(-) DESP DE OBRIGACOES POR EMPRESTIMOS E REPASSES ;-0000000000000048,51
200505;00183938;BCO GERDAU S.A.                                             ;U;4010;0081500000;(-) DESP. COM TIT. E VAL. MOB. E INST. FIN. DERIV.;-0000000000073806,97
200505;00183938;BCO GERDAU S.A.                                             ;U;4010;0081700006;(-) DESPESAS ADMINISTRATIVAS                      ;-0000000003952269,20
200505;00183938;BCO GERDAU S.A.                                             ;U;4010;0081800009;(-) APROVISIONAMENTOS E AJUSTES PATRIMONIAIS      ;-0000000000251380,71
200505;00183938;BCO GERDAU S.A.                                             ;U;4010;0081900002;(-) OUTRAS DESPESAS OPERACIONAIS                  ;-0000000000500135,16
200505;00183938;BCO GERDAU S.A.                                             ;U;4010;0089000007;(-) APURACAO DE RESULTADO                         ;-0000000002028401,02
200505;00183938;BCO GERDAU S.A.                                             ;U;4010;0089400009;(-) IMPOSTO DE RENDA                              ;-0000000002028401,02
200505;00183938;BCO GERDAU S.A.                                             ;U;4010;0090000003;COMPENSACAO                                       ; 0000003590532668,20
200505;00183938;BCO GERDAU S.A.                                             ;U;4010;0090300002;TITULOS E VALORES MOBILIARIOS                     ; 0000000002305739,90
200505;00183938;BCO GERDAU S.A.                                             ;U;4010;0090400005;CUSTODIA DE VALORES                               ; 0000000579420356,60
200505;00183938;BCO GERDAU S.A.                                             ;U;4010;0090600001;NEGOCIACAO E INTERMEDIACAO DE VALORES             ; 0000000057052321,91
200505;00183938;BCO GERDAU S.A.                                             ;U;4010;0090800007;CONTRATOS                                         ; 0000001823770484,06
200505;00183938;BCO GERDAU S.A.                                             ;U;4010;0090900000;CONTROLE                                          ; 0000001002097847,09
200505;00183938;BCO GERDAU S.A.                                             ;U;4010;0091000002;CLASSIFICACAO DA CARTEIRA DE CREDITOS             ; 0000000125885918,64
200505;00183938;BCO GERDAU S.A.                                             ;U;4010;0091100005;OPERACOES DE CREDITOS E ARRENDAMENTO MERCANTIL    ; 0000000125885918,64
200505;00183938;BCO GERDAU S.A.                                             ;U;4010;0099999995;TOTAL GERAL DO PASSIVO                            ; 0000003723873144,79
200505;00253448;BCO POTTENCIAL S.A.                                         ;B;4010;0010000007;CIRCULANTE E REALIZAVEL A LONGO PRAZO             ; 0000000041775929,79
200505;00253448;BCO POTTENCIAL S.A.                                         ;B;4010;0011000006;DISPONIBILIDADES                                  ; 0000000001407514,81
200505;00253448;BCO POTTENCIAL S.A.                                         ;B;4010;0011100009;CAIXA                                             ; 0000000001198559,77
200505;00253448;BCO POTTENCIAL S.A.                                         ;B;4010;0011300005;RESERVAS LIVRES                                   ; 0000000000208955,04
200505;00253448;BCO POTTENCIAL S.A.                                         ;B;4010;0012000005;APLICACOES INTERFINANCEIRAS DE LIQUIDEZ           ; 0000000001078204,13
200505;00253448;BCO POTTENCIAL S.A.                                         ;B;4010;0012100008;APLICACOES EM OPERACOES COMPROMISSADAS            ; 0000000001078204,13
200505;00253448;BCO POTTENCIAL S.A.                                         ;B;4010;0013000004;TITULOS E VAL. MOB. E INST. FINANC. DERIVATIVOS   ; 0000000001204158,78
200505;00253448;BCO POTTENCIAL S.A.                                         ;B;4010;0013300003;INSTRUMENTOS FINANCEIROS DERIVATIVOS              ; 0000000000000403,78
200505;00253448;BCO POTTENCIAL S.A.                                         ;B;4010;0013600002;VINCULADOS A PRESTACAO DE GARANTIAS               ; 0000000001203755,00
200505;00253448;BCO POTTENCIAL S.A.                                         ;B;4010;0014000003;RELACOES INTERFINANCEIRAS                         ; 0000000005806588,00
200505;00253448;BCO POTTENCIAL S.A.                                         ;B;4010;0014100006;DIREITOS JUNTO A PARTIC. DE SISTEMAS DE LIQUIDAÇÃO; 0000000005674196,21
200505;00253448;BCO POTTENCIAL S.A.                                         ;B;4010;0014200009;CREDITOS VINCULADOS                               ; 0000000000100388,05
200505;00253448;BCO POTTENCIAL S.A.                                         ;B;4010;0014400005;RELACOES COM CORRESPONDENTES                      ; 0000000000032003,74
200505;00253448;BCO POTTENCIAL S.A.                                         ;B;4010;0016000001;OPERACOES DE CREDITO                              ; 0000000023634686,46
200505;00253448;BCO POTTENCIAL S.A.                                         ;B;4010;0016100004;EMPRESTIMOS E TITULOS DESCONTADOS                 ; 0000000022092235,76
200505;00253448;BCO POTTENCIAL S.A.                                         ;B;4010;0016200007;FINANCIAMENTOS                                    ; 0000000000553487,02
200505;00253448;BCO POTTENCIAL S.A.                                         ;B;4010;0016300000;FINANCIAMENTOS RURAIS E AGROINDUSTRIAIS           ; 0000000002698781,86
200505;00253448;BCO POTTENCIAL S.A.                                         ;B;4010;0016900008;(-) PROVISOES PARA OPERACOES DE CREDITO           ;-0000000001709818,18
200505;00253448;BCO POTTENCIAL S.A.                                         ;B;4010;0018000009;OUTROS CREDITOS                                   ; 0000000005351777,61
200505;00253448;BCO POTTENCIAL S.A.                                         ;B;4010;0018100002;AVAIS E FIANCAS HONRADOS                          ; 0000000000080929,17
200505;00253448;BCO POTTENCIAL S.A.                                         ;B;4010;0018800003;DIVERSOS                                          ; 0000000005528440,86
200505;00253448;BCO POTTENCIAL S.A.                                         ;B;4010;0018900006;(-) PROVISOES PARA OUTROS CREDITOS                ;-0000000000257592,42
200505;00253448;BCO POTTENCIAL S.A.                                         ;B;4010;0019000008;OUTROS VALORES E BENS                             ; 0000000003293000,00
200505;00253448;BCO POTTENCIAL S.A.                                         ;B;4010;0019800002;OUTROS VALORES E BENS                             ; 0000000003293000,00
200505;00253448;BCO POTTENCIAL S.A.                                         ;B;4010;0020000004;PERMANENTE                                        ; 0000000001189181,05
200505;00253448;BCO POTTENCIAL S.A.                                         ;B;4010;0021000003;INVESTIMENTOS                                     ; 0000000000190777,72
200505;00253448;BCO POTTENCIAL S.A.                                         ;B;4010;0021400005;TITULOS PATRIMONIAIS                              ; 0000000000182105,31
200505;00253448;BCO POTTENCIAL S.A.                                         ;B;4010;0021500008;ACOES E COTAS                                     ; 0000000000000113,00
200505;00253448;BCO POTTENCIAL S.A.                                         ;B;4010;0021900000;OUTROS INVESTIMENTOS                              ; 0000000000008559,41
200505;00253448;BCO POTTENCIAL S.A.                                         ;B;4010;0022000002;IMOBILIZADO DE USO                                ; 0000000000870266,47
200505;00253448;BCO POTTENCIAL S.A.                                         ;B;4010;0022400004;INSTALACOES, MOVEIS E EQUIPAMENTOS DE USO         ; 0000000000269987,36
200505;00253448;BCO POTTENCIAL S.A.                                         ;B;4010;0022900009;OUTROS                                            ; 0000000000600279,11
200505;00253448;BCO POTTENCIAL S.A.                                         ;B;4010;0024000000;DIFERIDO                                          ; 0000000000128136,86
200505;00253448;BCO POTTENCIAL S.A.                                         ;B;4010;0024100003;GASTOS DE ORGANIZACAO E EXPANSAO                  ; 0000000000128136,86
200505;00253448;BCO POTTENCIAL S.A.                                         ;B;4010;0030000001;COMPENSACAO                                       ; 0000000395838077,57
200505;00253448;BCO POTTENCIAL S.A.                                         ;B;4010;0030100004;COOBRIGACOES E RISCOS EM GARANTIAS PRESTADAS      ; 0000000092043106,70
200505;00253448;BCO POTTENCIAL S.A.                                         ;B;4010;0030300000;TITULOS E VALORES MOBILIARIOS                     ; 0000000001943553,78
200505;00253448;BCO POTTENCIAL S.A.                                         ;B;4010;0030400003;CUSTODIA DE VALORES                               ; 0000000226489911,57
200505;00253448;BCO POTTENCIAL S.A.                                         ;B;4010;0030500006;COBRANCA                                          ; 0000000001694481,33
200505;00253448;BCO POTTENCIAL S.A.                                         ;B;4010;0030600009;NEGOCIACAO E INTERMEDIACAO DE VALORES             ; 0000000018966263,60
200505;00253448;BCO POTTENCIAL S.A.                                         ;B;4010;0030900008;CONTROLE                                          ; 0000000029275326,78
200505;00253448;BCO POTTENCIAL S.A.                                         ;B;4010;0031000000;CLASSIFICACAO DA CARTEIRA DE CREDITOS             ; 0000000025425433,81
200505;00253448;BCO POTTENCIAL S.A.                                         ;B;4010;0031100003;OPERACOES DE RISCO NIVEL AA                       ; 0000000000739798,78
200505;00253448;BCO POTTENCIAL S.A.                                         ;B;4010;0031200006;OPERACOES DE RISCO NIVEL A                        ; 0000000000736635,06
200505;00253448;BCO POTTENCIAL S.A.                                         ;B;4010;0031300009;OPERACOES DE RISCO NIVELB                         ; 0000000003876833,03
200505;00253448;BCO POTTENCIAL S.A.                                         ;B;4010;0031400002;OPERACOES DE RISCO NIVELC                         ; 0000000011341573,68
200505;00253448;BCO POTTENCIAL S.A.                                         ;B;4010;0031500005;OPERACOES DE RISCO NIVEL D                        ; 0000000006738992,81
200505;00253448;BCO POTTENCIAL S.A.                                         ;B;4010;0031600008;OPERACOES DE RISCO NIVEL E                        ; 0000000001911971,81
200505;00253448;BCO POTTENCIAL S.A.                                         ;B;4010;0031900007;OPERACOES DE RISCO NIVEL H                        ; 0000000000079628,64
200505;00253448;BCO POTTENCIAL S.A.                                         ;B;4010;0039999993;TOTAL GERAL DO ATIVO                              ; 0000000438803188,41
200505;00253448;BCO POTTENCIAL S.A.                                         ;B;4010;0040000008;CIRCULANTE EXIGIVEL A LONGO PRAZO                 ; 0000000028230090,87
200505;00253448;BCO POTTENCIAL S.A.                                         ;B;4010;0041000007;DEPOSITOS                                         ; 0000000019016518,37
200505;00253448;BCO POTTENCIAL S.A.                                         ;B;4010;0041100000;DEPOSITOS A VISTA                                 ; 0000000000066948,90
200505;00253448;BCO POTTENCIAL S.A.                                         ;B;4010;0041500002;DEPOSITOS A PRAZO                                 ; 0000000018917836,89
200505;00253448;BCO POTTENCIAL S.A.                                         ;B;4010;0041900004;OUTROS DEPOSITOS                                  ; 0000000000031732,58
200505;00253448;BCO POTTENCIAL S.A.                                         ;B;4010;0044000004;RELACOES INTERFINANCEIRAS                         ; 0000000000105749,47
200505;00253448;BCO POTTENCIAL S.A.                                         ;B;4010;0044100007;OBRIGAÇÕES JUNTO A PARTIC. DE SIST. DE LIQUIDACÃO ; 0000000000105749,47
200505;00253448;BCO POTTENCIAL S.A.                                         ;B;4010;0046000002;OBRIGACOES POR EMPRESTIMOS E REPASSES             ; 0000000004757275,14
200505;00253448;BCO POTTENCIAL S.A.                                         ;B;4010;0046400004;REPASSES DO PAIS - INSTITUICOES OFICIAIS          ; 0000000004757275,14
200505;00253448;BCO POTTENCIAL S.A.                                         ;B;4010;0047000001;INSTRUMENTOS FINANCEIROS DERIVATIVOS              ; 0000000000014334,49
200505;00253448;BCO POTTENCIAL S.A.                                         ;B;4010;0047100004;INSTRUMENTOS FINANCEIROS DERIVATIVOS              ; 0000000000014334,49
200505;00253448;BCO POTTENCIAL S.A.                                         ;B;4010;0049000009;OUTRAS OBRIGACOES                                 ; 0000000004336213,40
200505;00253448;BCO POTTENCIAL S.A.                                         ;B;4010;0049400001;FISCAIS E PREVIDENCIARIAS                         ; 0000000003966494,22
200505;00253448;BCO POTTENCIAL S.A.                                         ;B;4010;0049900006;DIVERSAS                                          ; 0000000000369719,18
200505;00253448;BCO POTTENCIAL S.A.                                         ;B;4010;0060000002;PATRIMONIO LIQUIDO                                ; 0000000013595699,82
200505;00253448;BCO POTTENCIAL S.A.                                         ;B;4010;0061000001;PATRIMONIO LIQUIDO                                ; 0000000013595699,82
200505;00253448;BCO POTTENCIAL S.A.                                         ;B;4010;0061100004;CAPITAL SOCIAL                                    ; 0000000012758371,68
200505;00253448;BCO POTTENCIAL S.A.                                         ;B;4010;0061300000;RESERVAS DE CAPITAL                               ; 0000000000067565,31
200505;00253448;BCO POTTENCIAL S.A.                                         ;B;4010;0061500006;RESERVAS DE LUCROS                                ; 0000000000191212,12
200505;00253448;BCO POTTENCIAL S.A.                                         ;B;4010;0061800005;LUCROS OU PREJUIZOS ACUMULADOS                    ; 0000000000578550,71
200505;00253448;BCO POTTENCIAL S.A.                                         ;B;4010;0070000009;CONTAS DE RESULTADO CREDORAS                      ; 0000000012022421,23
200505;00253448;BCO POTTENCIAL S.A.                                         ;B;4010;0071000008;RECEITAS OPERACIONAIS                             ; 0000000012020471,35
200505;00253448;BCO POTTENCIAL S.A.                                         ;B;4010;0071100001;RENDAS DE OPERACOES DE CREDITO                    ; 0000000002752403,67
200505;00253448;BCO POTTENCIAL S.A.                                         ;B;4010;0071400000;RENDAS DE APLICACOES INTERFINANCEIRAS DE LIQUIDEZ ; 0000000000082629,90
200505;00253448;BCO POTTENCIAL S.A.                                         ;B;4010;0071500003;RENDAS COM TIT. E VAL. MOB. E INST. FINANC. DERIV.; 0000000000000155,05
200505;00253448;BCO POTTENCIAL S.A.                                         ;B;4010;0071700009;RENDAS DE PRESTACAO DE SERVICOS                   ; 0000000000354612,63
200505;00253448;BCO POTTENCIAL S.A.                                         ;B;4010;0071900005;OUTRAS RECEITAS OPERACIONAIS                      ; 0000000008830670,10
200505;00253448;BCO POTTENCIAL S.A.                                         ;B;4010;0073000006;RECEITAS NAO OPERACIONAIS                         ; 0000000000001949,88
200505;00253448;BCO POTTENCIAL S.A.                                         ;B;4010;0073100009;LUCROS EM TRANSACOES COM VALORES E BENS           ; 0000000000001949,88
200505;00253448;BCO POTTENCIAL S.A.                                         ;B;4010;0080000006;(-) CONTAS DE RESULTADO DEVEDORAS                 ;-0000000010883101,08
200505;00253448;BCO POTTENCIAL S.A.                                         ;B;4010;0081000005;(-) DESPESAS OPERACIONAIS                         ;-0000000010311330,10
200505;00253448;BCO POTTENCIAL S.A.                                         ;B;4010;0081100008;(-) DESPESAS DE CAPTACAO                          ;-0000000001179414,72
200505;00253448;BCO POTTENCIAL S.A.                                         ;B;4010;0081200001;(-) DESP DE OBRIGACOES POR EMPRESTIMOS E REPASSES ;-0000000000435525,88
200505;00253448;BCO POTTENCIAL S.A.                                         ;B;4010;0081500000;(-) DESP. COM TIT. E VAL. MOB. E INST. FIN. DERIV.;-0000000000017651,20
200505;00253448;BCO POTTENCIAL S.A.                                         ;B;4010;0081700006;(-) DESPESAS ADMINISTRATIVAS                      ;-0000000007676629,15
200505;00253448;BCO POTTENCIAL S.A.                                         ;B;4010;0081800009;(-) APROVISIONAMENTOS E AJUSTES PATRIMONIAIS      ;-0000000000249053,10
200505;00253448;BCO POTTENCIAL S.A.                                         ;B;4010;0081900002;(-) OUTRAS DESPESAS OPERACIONAIS                  ;-0000000000753056,05
200505;00253448;BCO POTTENCIAL S.A.                                         ;B;4010;0089000007;(-) APURACAO DE RESULTADO                         ;-0000000000571770,98
200505;00253448;BCO POTTENCIAL S.A.                                         ;B;4010;0089400009;(-) IMPOSTO DE RENDA                              ;-0000000000571770,98
200505;00253448;BCO POTTENCIAL S.A.                                         ;B;4010;0090000003;COMPENSACAO                                       ; 0000000395838077,57
200505;00253448;BCO POTTENCIAL S.A.                                         ;B;4010;0090100006;COOBRIGACOES E RISCOS EM GARANTIAS PRESTADAS      ; 0000000092043106,70
200505;00253448;BCO POTTENCIAL S.A.                                         ;B;4010;0090300002;TITULOS E VALORES MOBILIARIOS                     ; 0000000001943553,78
200505;00253448;BCO POTTENCIAL S.A.                                         ;B;4010;0090400005;CUSTODIA DE VALORES                               ; 0000000226489911,57
200505;00253448;BCO POTTENCIAL S.A.                                         ;B;4010;0090500008;COBRANCA                                          ; 0000000001694481,33
200505;00253448;BCO POTTENCIAL S.A.                                         ;B;4010;0090600001;NEGOCIACAO E INTERMEDIACAO DE VALORES             ; 0000000018966263,60
200505;00253448;BCO POTTENCIAL S.A.                                         ;B;4010;0090900000;CONTROLE                                          ; 0000000029275326,78
200505;00253448;BCO POTTENCIAL S.A.                                         ;B;4010;0091000002;CLASSIFICACAO DA CARTEIRA DE CREDITOS             ; 0000000025425433,81
200505;00253448;BCO POTTENCIAL S.A.                                         ;B;4010;0091100005;OPERACOES DE CREDITOS E ARRENDAMENTO MERCANTIL    ; 0000000025425433,81
200505;00253448;BCO POTTENCIAL S.A.                                         ;B;4010;0099999995;TOTAL GERAL DO PASSIVO                            ; 0000000438803188,41
200505;00360305;CAIXA ECONOMICA FEDERAL                                     ;M;4010;0010000007;CIRCULANTE E REALIZAVEL A LONGO PRAZO             ; 0000160979135030,31
200505;00360305;CAIXA ECONOMICA FEDERAL                                     ;M;4010;0011000006;DISPONIBILIDADES                                  ; 0000000747289863,93
200505;00360305;CAIXA ECONOMICA FEDERAL                                     ;M;4010;0011100009;CAIXA                                             ; 0000000746220421,02
200505;00360305;CAIXA ECONOMICA FEDERAL                                     ;M;4010;0011300005;RESERVAS LIVRES                                   ; 0000000000056005,39
200505;00360305;CAIXA ECONOMICA FEDERAL                                     ;M;4010;0011500001;DISPONIBILIDADES EM MOEDAS ESTRANGEIRAS           ; 0000000001013437,52
200505;00360305;CAIXA ECONOMICA FEDERAL                                     ;M;4010;0012000005;APLICACOES INTERFINANCEIRAS DE LIQUIDEZ           ; 0000008087565195,46
200505;00360305;CAIXA ECONOMICA FEDERAL                                     ;M;4010;0012100008;APLICACOES EM OPERACOES COMPROMISSADAS            ; 0000008087565195,46
200505;00360305;CAIXA ECONOMICA FEDERAL                                     ;M;4010;0013000004;TITULOS E VAL. MOB. E INST. FINANC. DERIVATIVOS   ; 0000079278282520,94
200505;00360305;CAIXA ECONOMICA FEDERAL                                     ;M;4010;0013100007;LIVRES                                            ; 0000064731309988,62
200505;00360305;CAIXA ECONOMICA FEDERAL                                     ;M;4010;0013200000;VINCULADOS A OPERACOES COMPROMISSADAS             ; 0000013180665956,29
200505;00360305;CAIXA ECONOMICA FEDERAL                                     ;M;4010;0013300003;INSTRUMENTOS FINANCEIROS DERIVATIVOS              ; 0000000045222432,42
200505;00360305;CAIXA ECONOMICA FEDERAL                                     ;M;4010;0013400006;VINCULADOS AO BANCO CENTRAL                       ; 0000001154017000,93
200505;00360305;CAIXA ECONOMICA FEDERAL                                     ;M;4010;0013600002;VINCULADOS A PRESTACAO DE GARANTIAS               ; 0000000167067142,68
200505;00360305;CAIXA ECONOMICA FEDERAL                                     ;M;4010;0014000003;RELACOES INTERFINANCEIRAS                         ; 0000035138451204,89
200505;00360305;CAIXA ECONOMICA FEDERAL                                     ;M;4010;0014100006;DIREITOS JUNTO A PARTIC. DE SISTEMAS DE LIQUIDAÇÃO; 0000000495010414,59
200505;00360305;CAIXA ECONOMICA FEDERAL                                     ;M;4010;0014200009;CREDITOS VINCULADOS                               ; 0000034558413885,93
200505;00360305;CAIXA ECONOMICA FEDERAL                                     ;M;4010;0014400005;RELACOES COM CORRESPONDENTES                      ; 0000000085026904,37
200505;00360305;CAIXA ECONOMICA FEDERAL                                     ;M;4010;0015000002;RELACOES INTERDEPENDENCIAS                        ; 0000000244547878,96
200505;00360305;CAIXA ECONOMICA FEDERAL                                     ;M;4010;0015100005;RECURSOS EM TRANSITO DE TERCEIROS                 ; 0000000000444736,25
200505;00360305;CAIXA ECONOMICA FEDERAL                                     ;M;4010;0015200008;TRANSFERENCIAS INTERNAS DE RECURSOS               ; 0000000244103142,71
200505;00360305;CAIXA ECONOMICA FEDERAL                                     ;M;4010;0016000001;OPERACOES DE CREDITO                              ; 0000029215864176,19
200505;00360305;CAIXA ECONOMICA FEDERAL                                     ;M;4010;0016100004;EMPRESTIMOS E TITULOS DESCONTADOS                 ; 0000011017865065,54
200505;00360305;CAIXA ECONOMICA FEDERAL                                     ;M;4010;0016200007;FINANCIAMENTOS                                    ; 0000002347961170,09
200505;00360305;CAIXA ECONOMICA FEDERAL                                     ;M;4010;0016400003;FINANCIAMENTOS IMOBILIARIOS                       ; 0000017848206970,08
200505;00360305;CAIXA ECONOMICA FEDERAL                                     ;M;4010;0016600009;FINANCIAMENTOS DE INFRAESTRUTURA E DESENVOLVIMENTO; 0000001295767678,42
200505;00360305;CAIXA ECONOMICA FEDERAL                                     ;M;4010;0016900008;(-) PROVISOES PARA OPERACOES DE CREDITO           ;-0000003293936707,94
200505;00360305;CAIXA ECONOMICA FEDERAL                                     ;M;4010;0018000009;OUTROS CREDITOS                                   ; 0000007229888006,61
200505;00360305;CAIXA ECONOMICA FEDERAL                                     ;M;4010;0018100002;AVAIS E FIANCAS HONRADOS                          ; 0000000016519819,14
200505;00360305;CAIXA ECONOMICA FEDERAL                                     ;M;4010;0018200005;CARTEIRA DE CAMBIO                                ; 0000000002392000,00
200505;00360305;CAIXA ECONOMICA FEDERAL                                     ;M;4010;0018300008;RENDAS A RECEBER                                  ; 0000001116267618,70
200505;00360305;CAIXA ECONOMICA FEDERAL                                     ;M;4010;0018400001;NEGOCIACAO E INTERMEDIACAO DE VALORES             ; 0000000000024615,15
200505;00360305;CAIXA ECONOMICA FEDERAL                                     ;M;4010;0018500004;CREDITOS ESPECIFICOS                              ; 0000000030817624,38
200505;00360305;CAIXA ECONOMICA FEDERAL                                     ;M;4010;0018800003;DIVERSOS                                          ; 0000006722417881,92
200505;00360305;CAIXA ECONOMICA FEDERAL                                     ;M;4010;0018900006;(-) PROVISOES PARA OUTROS CREDITOS                ;-0000000658551552,68
200505;00360305;CAIXA ECONOMICA FEDERAL                                     ;M;4010;0019000008;OUTROS VALORES E BENS                             ; 0000001037246183,33
200505;00360305;CAIXA ECONOMICA FEDERAL                                     ;M;4010;0019800002;OUTROS VALORES E BENS                             ; 0000000887622395,09
200505;00360305;CAIXA ECONOMICA FEDERAL                                     ;M;4010;0019900005;DESPESAS ANTECIPADAS                              ; 0000000149623788,24
200505;00360305;CAIXA ECONOMICA FEDERAL                                     ;M;4010;0020000004;PERMANENTE                                        ; 0000002250766367,98
200505;00360305;CAIXA ECONOMICA FEDERAL                                     ;M;4010;0021000003;INVESTIMENTOS                                     ; 0000000467174636,29
200505;00360305;CAIXA ECONOMICA FEDERAL                                     ;M;4010;0021100006;INVESTIMENTOS NO EXTERIOR                         ; 0000000017893806,30
200505;00360305;CAIXA ECONOMICA FEDERAL                                     ;M;4010;0021200009;PARTICIPACOES EM COLIGADAS E CONTROLADAS NO PAIS  ; 0000000436837556,41
200505;00360305;CAIXA ECONOMICA FEDERAL                                     ;M;4010;0021300002;INVESTIMENTOS POR INCENTIVOS FISCAIS              ; 0000000000000667,20
200505;00360305;CAIXA ECONOMICA FEDERAL                                     ;M;4010;0021500008;ACOES E COTAS                                     ; 0000000009544583,58
200505;00360305;CAIXA ECONOMICA FEDERAL                                     ;M;4010;0021900000;OUTROS INVESTIMENTOS                              ; 0000000002898022,80
200505;00360305;CAIXA ECONOMICA FEDERAL                                     ;M;4010;0022000002;IMOBILIZADO DE USO                                ; 0000001492057325,60
200505;00360305;CAIXA ECONOMICA FEDERAL                                     ;M;4010;0022200008;IMOBILIZACOES EM CURSO                            ; 0000000196517101,90
200505;00360305;CAIXA ECONOMICA FEDERAL                                     ;M;4010;0022300001;IMOVEIS DE USO                                    ; 0000000720312868,46
200505;00360305;CAIXA ECONOMICA FEDERAL                                     ;M;4010;0022400004;INSTALACOES, MOVEIS E EQUIPAMENTOS DE USO         ; 0000000181296119,63
200505;00360305;CAIXA ECONOMICA FEDERAL                                     ;M;4010;0022900009;OUTROS                                            ; 0000000393931235,61
200505;00360305;CAIXA ECONOMICA FEDERAL                                     ;M;4010;0024000000;DIFERIDO                                          ; 0000000291534406,09
200505;00360305;CAIXA ECONOMICA FEDERAL                                     ;M;4010;0024100003;GASTOS DE ORGANIZACAO E EXPANSAO                  ; 0000000291534406,09
200505;00360305;CAIXA ECONOMICA FEDERAL                                     ;M;4010;0030000001;COMPENSACAO                                       ; 0004471867649329,37
200505;00360305;CAIXA ECONOMICA FEDERAL                                     ;M;4010;0030100004;COOBRIGACOES E RISCOS EM GARANTIAS PRESTADAS      ; 0000001829334851,78
200505;00360305;CAIXA ECONOMICA FEDERAL                                     ;M;4010;0030300000;TITULOS E VALORES MOBILIARIOS                     ; 0000145511240441,77
200505;00360305;CAIXA ECONOMICA FEDERAL                                     ;M;4010;0030400003;CUSTODIA DE VALORES                               ; 0000072980018563,35
200505;00360305;CAIXA ECONOMICA FEDERAL                                     ;M;4010;0030500006;COBRANCA                                          ; 0000003455038763,14
200505;00360305;CAIXA ECONOMICA FEDERAL                                     ;M;4010;0030600009;NEGOCIACAO E INTERMEDIACAO DE VALORES             ; 0000015697240857,29
200505;00360305;CAIXA ECONOMICA FEDERAL                                     ;M;4010;0030800005;CONTRATOS                                         ; 0000028271293723,49
200505;00360305;CAIXA ECONOMICA FEDERAL                                     ;M;4010;0030900008;CONTROLE                                          ; 0004170446622164,81
200505;00360305;CAIXA ECONOMICA FEDERAL                                     ;M;4010;0031000000;CLASSIFICACAO DA CARTEIRA DE CREDITOS             ; 0000033676859963,74
200505;00360305;CAIXA ECONOMICA FEDERAL                                     ;M;4010;0031100003;OPERACOES DE RISCO NIVEL AA                       ; 0000001865663668,99
200505;00360305;CAIXA ECONOMICA FEDERAL                                     ;M;4010;0031200006;OPERACOES DE RISCO NIVEL A                        ; 0000010450369635,83
200505;00360305;CAIXA ECONOMICA FEDERAL                                     ;M;4010;0031300009;OPERACOES DE RISCO NIVELB                         ; 0000004970987323,90
200505;00360305;CAIXA ECONOMICA FEDERAL                                     ;M;4010;0031400002;OPERACOES DE RISCO NIVELC                         ; 0000005743511298,04
200505;00360305;CAIXA ECONOMICA FEDERAL                                     ;M;4010;0031500005;OPERACOES DE RISCO NIVEL D                        ; 0000007168651996,49
200505;00360305;CAIXA ECONOMICA FEDERAL                                     ;M;4010;0031600008;OPERACOES DE RISCO NIVEL E                        ; 0000000639503686,89
200505;00360305;CAIXA ECONOMICA FEDERAL                                     ;M;4010;0031700001;OPERACOES DE RISCO NIVEL F                        ; 0000000415612331,77
200505;00360305;CAIXA ECONOMICA FEDERAL                                     ;M;4010;0031800004;OPERACOES DE RISCO NIVEL G                        ; 0000000345270026,42
200505;00360305;CAIXA ECONOMICA FEDERAL                                     ;M;4010;0031900007;OPERACOES DE RISCO NIVEL H                        ; 0000002077289995,41
200505;00360305;CAIXA ECONOMICA FEDERAL                                     ;M;4010;0039999993;TOTAL GERAL DO ATIVO                              ; 0004635097550727,66
200505;00360305;CAIXA ECONOMICA FEDERAL                                     ;M;4010;0040000008;CIRCULANTE EXIGIVEL A LONGO PRAZO                 ; 0000156497002444,57
200505;00360305;CAIXA ECONOMICA FEDERAL                                     ;M;4010;0041000007;DEPOSITOS                                         ; 0000098482092834,48
200505;00360305;CAIXA ECONOMICA FEDERAL                                     ;M;4010;0041100000;DEPOSITOS A VISTA                                 ; 0000005874282664,16
200505;00360305;CAIXA ECONOMICA FEDERAL                                     ;M;4010;0041200003;DEPOSITOS DE POUPANCA                             ; 0000049767581016,62
200505;00360305;CAIXA ECONOMICA FEDERAL                                     ;M;4010;0041500002;DEPOSITOS A PRAZO                                 ; 0000035565511284,18
200505;00360305;CAIXA ECONOMICA FEDERAL                                     ;M;4010;0041600005;OBRIGACOES P/DEPOS ESPEC E DE FUNDOS E PROGRAMAS  ; 0000007230185464,27
200505;00360305;CAIXA ECONOMICA FEDERAL                                     ;M;4010;0041900004;OUTROS DEPOSITOS                                  ; 0000000044532405,25
200505;00360305;CAIXA ECONOMICA FEDERAL                                     ;M;4010;0042000006;OBRIGACOES POR OPERACOES COMPROMISSADAS           ; 0000020506596998,73
200505;00360305;CAIXA ECONOMICA FEDERAL                                     ;M;4010;0042100009;CARTEIRA PROPRIA                                  ; 0000013163804794,95
200505;00360305;CAIXA ECONOMICA FEDERAL                                     ;M;4010;0042200002;CARTEIRA DE TERCEIROS                             ; 0000007342792203,78
200505;00360305;CAIXA ECONOMICA FEDERAL                                     ;M;4010;0043000005;RECURSOS ACEITES CAMB,LI E HIP.,DEBENT.E SIMILARES; 0000010934464803,25
200505;00360305;CAIXA ECONOMICA FEDERAL                                     ;M;4010;0043300004;RECURSOS DE LETRAS HIPOTECARIAS                   ; 0000008703874366,23
200505;00360305;CAIXA ECONOMICA FEDERAL                                     ;M;4010;0043600003;RECURSOS DE LETRAS DE CREDITO IMOBILIARIO         ; 0000002230590437,02
200505;00360305;CAIXA ECONOMICA FEDERAL                                     ;M;4010;0044000004;RELACOES INTERFINANCEIRAS                         ; 0000000456317099,94
200505;00360305;CAIXA ECONOMICA FEDERAL                                     ;M;4010;0044100007;OBRIGAÇÕES JUNTO A PARTIC. DE SIST. DE LIQUIDACÃO ; 0000000456257057,94
200505;00360305;CAIXA ECONOMICA FEDERAL                                     ;M;4010;0044400006;RELACOES COM CORRESPONDENTES                      ; 0000000000060042,00
200505;00360305;CAIXA ECONOMICA FEDERAL                                     ;M;4010;0045000003;RELACOES INTERDEPENDENCIAS                        ; 0000000164984289,20
200505;00360305;CAIXA ECONOMICA FEDERAL                                     ;M;4010;0045100006;RECURSOS EM TRANSITO DE TERCEIROS                 ; 0000000132954425,90
200505;00360305;CAIXA ECONOMICA FEDERAL                                     ;M;4010;0045200009;TRANSFERENCIAS INTERNAS DE RECURSOS               ; 0000000032029863,30
200505;00360305;CAIXA ECONOMICA FEDERAL                                     ;M;4010;0046000002;OBRIGACOES POR EMPRESTIMOS E REPASSES             ; 0000012863838422,27
200505;00360305;CAIXA ECONOMICA FEDERAL                                     ;M;4010;0046300001;EMPRESTIMOS NO EXTERIOR                           ; 0000000033491999,81
200505;00360305;CAIXA ECONOMICA FEDERAL                                     ;M;4010;0046400004;REPASSES DO PAIS - INSTITUICOES OFICIAIS          ; 0000012830346422,46
200505;00360305;CAIXA ECONOMICA FEDERAL                                     ;M;4010;0047000001;INSTRUMENTOS FINANCEIROS DERIVATIVOS              ; 0000000116175266,91
200505;00360305;CAIXA ECONOMICA FEDERAL                                     ;M;4010;0047100004;INSTRUMENTOS FINANCEIROS DERIVATIVOS              ; 0000000116175266,91
200505;00360305;CAIXA ECONOMICA FEDERAL                                     ;M;4010;0049000009;OUTRAS OBRIGACOES                                 ; 0000012972532729,79
200505;00360305;CAIXA ECONOMICA FEDERAL                                     ;M;4010;0049100002;COBRANCA E ARRECADACAO DE TRIBUTOS E ASSEMELHADOS ; 0000000539054465,44
200505;00360305;CAIXA ECONOMICA FEDERAL                                     ;M;4010;0049200005;CARTEIRA DE CAMBIO                                ; 0000000002392000,00
200505;00360305;CAIXA ECONOMICA FEDERAL                                     ;M;4010;0049300008;SOCIAIS E ESTATUTARIAS                            ; 0000000311555027,41
200505;00360305;CAIXA ECONOMICA FEDERAL                                     ;M;4010;0049400001;FISCAIS E PREVIDENCIARIAS                         ; 0000001585905324,19
200505;00360305;CAIXA ECONOMICA FEDERAL                                     ;M;4010;0049500004;NEGOCIACAO E INTERMEDIACAO DE VALORES             ; 0000000001892420,00
200505;00360305;CAIXA ECONOMICA FEDERAL                                     ;M;4010;0049600007;RECURSOS PARA DESTINACAO ESPECIFICA               ; 0000003026501003,10
200505;00360305;CAIXA ECONOMICA FEDERAL                                     ;M;4010;0049800003;OBRIGACOES DIVERSAS                               ; 0000000000012448,00
200505;00360305;CAIXA ECONOMICA FEDERAL                                     ;M;4010;0049900006;DIVERSAS                                          ; 0000007505220041,65
200505;00360305;CAIXA ECONOMICA FEDERAL                                     ;M;4010;0060000002;PATRIMONIO LIQUIDO                                ; 0000006143790120,49
200505;00360305;CAIXA ECONOMICA FEDERAL                                     ;M;4010;0061000001;PATRIMONIO LIQUIDO                                ; 0000006143790120,49
200505;00360305;CAIXA ECONOMICA FEDERAL                                     ;M;4010;0061100004;CAPITAL SOCIAL                                    ; 0000005083531813,90
200505;00360305;CAIXA ECONOMICA FEDERAL                                     ;M;4010;0061300000;RESERVAS DE CAPITAL                               ; 0000000000010130,08
200505;00360305;CAIXA ECONOMICA FEDERAL                                     ;M;4010;0061400003;RESERVAS DE REAVALIACAO                           ; 0000000395954117,44
200505;00360305;CAIXA ECONOMICA FEDERAL                                     ;M;4010;0061500006;RESERVAS DE LUCROS                                ; 0000000302732124,12
200505;00360305;CAIXA ECONOMICA FEDERAL                                     ;M;4010;0061600009;AJUSTES DE AVALIACAO PATRIMONIAL                  ; 0000000108213166,12
200505;00360305;CAIXA ECONOMICA FEDERAL                                     ;M;4010;0061800005;LUCROS OU PREJUIZOS ACUMULADOS                    ; 0000000253348768,83
200505;00360305;CAIXA ECONOMICA FEDERAL                                     ;M;4010;0070000009;CONTAS DE RESULTADO CREDORAS                      ; 0000012703397409,61
200505;00360305;CAIXA ECONOMICA FEDERAL                                     ;M;4010;0071000008;RECEITAS OPERACIONAIS                             ; 0000012661387299,23
200505;00360305;CAIXA ECONOMICA FEDERAL                                     ;M;4010;0071100001;RENDAS DE OPERACOES DE CREDITO                    ; 0000002781286042,12
200505;00360305;CAIXA ECONOMICA FEDERAL                                     ;M;4010;0071300007;RENDAS DE CAMBIO                                  ; 0000000000855894,42
200505;00360305;CAIXA ECONOMICA FEDERAL                                     ;M;4010;0071400000;RENDAS DE APLICACOES INTERFINANCEIRAS DE LIQUIDEZ ; 0000000450457489,06
200505;00360305;CAIXA ECONOMICA FEDERAL                                     ;M;4010;0071500003;RENDAS COM TIT. E VAL. MOB. E INST. FINANC. DERIV.; 0000005108345696,67
200505;00360305;CAIXA ECONOMICA FEDERAL                                     ;M;4010;0071700009;RENDAS DE PRESTACAO DE SERVICOS                   ; 0000001998687388,45
200505;00360305;CAIXA ECONOMICA FEDERAL                                     ;M;4010;0071800002;RENDAS DE PARTICIPACOES                           ; 0000000069509266,18
200505;00360305;CAIXA ECONOMICA FEDERAL                                     ;M;4010;0071900005;OUTRAS RECEITAS OPERACIONAIS                      ; 0000002252245522,33
200505;00360305;CAIXA ECONOMICA FEDERAL                                     ;M;4010;0073000006;RECEITAS NAO OPERACIONAIS                         ; 0000000042010110,38
200505;00360305;CAIXA ECONOMICA FEDERAL                                     ;M;4010;0073100009;LUCROS EM TRANSACOES COM VALORES E BENS           ; 0000000007115257,81
200505;00360305;CAIXA ECONOMICA FEDERAL                                     ;M;4010;0073900003;OUTRAS RECEITAS NAO OPERACIONAIS                  ; 0000000034894852,57
200505;00360305;CAIXA ECONOMICA FEDERAL                                     ;M;4010;0080000006;(-) CONTAS DE RESULTADO DEVEDORAS                 ;-0000012114288576,38
200505;00360305;CAIXA ECONOMICA FEDERAL                                     ;M;4010;0081000005;(-) DESPESAS OPERACIONAIS                         ;-0000011730917871,31
200505;00360305;CAIXA ECONOMICA FEDERAL                                     ;M;4010;0081100008;(-) DESPESAS DE CAPTACAO                          ;-0000004997091893,32
200505;00360305;CAIXA ECONOMICA FEDERAL                                     ;M;4010;0081200001;(-) DESP DE OBRIGACOES POR EMPRESTIMOS E REPASSES ;-0000000443700015,34
200505;00360305;CAIXA ECONOMICA FEDERAL                                     ;M;4010;0081400007;(-) DESPESAS DE CAMBIO                            ;-0000000000724412,45
200505;00360305;CAIXA ECONOMICA FEDERAL                                     ;M;4010;0081500000;(-) DESP. COM TIT. E VAL. MOB. E INST. FIN. DERIV.;-0000000153505554,01
200505;00360305;CAIXA ECONOMICA FEDERAL                                     ;M;4010;0081600003;(-) DESPESAS DE PARTICIPACOES                     ;-0000000002700873,87
200505;00360305;CAIXA ECONOMICA FEDERAL                                     ;M;4010;0081700006;(-) DESPESAS ADMINISTRATIVAS                      ;-0000003546799079,49
200505;00360305;CAIXA ECONOMICA FEDERAL                                     ;M;4010;0081800009;(-) APROVISIONAMENTOS E AJUSTES PATRIMONIAIS      ;-0000001188669686,85
200505;00360305;CAIXA ECONOMICA FEDERAL                                     ;M;4010;0081900002;(-) OUTRAS DESPESAS OPERACIONAIS                  ;-0000001397726355,98
200505;00360305;CAIXA ECONOMICA FEDERAL                                     ;M;4010;0083000003;(-) DESPESAS NAO OPERACIONAIS                     ;-0000000057083164,55
200505;00360305;CAIXA ECONOMICA FEDERAL                                     ;M;4010;0083100006;(-) PREJUIZOS EM TRANSACOES COM VALORES E BENS    ;-0000000013283597,61
200505;00360305;CAIXA ECONOMICA FEDERAL                                     ;M;4010;0083900000;(-) OUTRAS DESPESAS NAO OPERACIONAIS              ;-0000000043799566,94
200505;00360305;CAIXA ECONOMICA FEDERAL                                     ;M;4010;0089000007;(-) APURACAO DE RESULTADO                         ;-0000000326287540,52
200505;00360305;CAIXA ECONOMICA FEDERAL                                     ;M;4010;0089400009;(-) IMPOSTO DE RENDA                              ;-0000000263976535,03
200505;00360305;CAIXA ECONOMICA FEDERAL                                     ;M;4010;0089700008;(-) PARTICIPACOES NO LUCRO                        ;-0000000062311005,49
200505;00360305;CAIXA ECONOMICA FEDERAL                                     ;M;4010;0090000003;COMPENSACAO                                       ; 0004471867649329,37
200505;00360305;CAIXA ECONOMICA FEDERAL                                     ;M;4010;0090100006;COOBRIGACOES E RISCOS EM GARANTIAS PRESTADAS      ; 0000001829334851,78
200505;00360305;CAIXA ECONOMICA FEDERAL                                     ;M;4010;0090300002;TITULOS E VALORES MOBILIARIOS                     ; 0000145511240441,77
200505;00360305;CAIXA ECONOMICA FEDERAL                                     ;M;4010;0090400005;CUSTODIA DE VALORES                               ; 0000072980018563,35
200505;00360305;CAIXA ECONOMICA FEDERAL                                     ;M;4010;0090500008;COBRANCA                                          ; 0000003455038763,14
200505;00360305;CAIXA ECONOMICA FEDERAL                                     ;M;4010;0090600001;NEGOCIACAO E INTERMEDIACAO DE VALORES             ; 0000015697240857,29
200505;00360305;CAIXA ECONOMICA FEDERAL                                     ;M;4010;0090800007;CONTRATOS                                         ; 0000028271293723,49
200505;00360305;CAIXA ECONOMICA FEDERAL                                     ;M;4010;0090900000;CONTROLE                                          ; 0004170446622164,81
200505;00360305;CAIXA ECONOMICA FEDERAL                                     ;M;4010;0091000002;CLASSIFICACAO DA CARTEIRA DE CREDITOS             ; 0000033676859963,74
200505;00360305;CAIXA ECONOMICA FEDERAL                                     ;M;4010;0091100005;OPERACOES DE CREDITOS E ARRENDAMENTO MERCANTIL    ; 0000033676859963,74
200505;00360305;CAIXA ECONOMICA FEDERAL                                     ;M;4010;0099999995;TOTAL GERAL DO PASSIVO                            ; 0004635097550727,66
200505;00517645;BCO RIBEIRAO PRETO S.A.                                     ;U;4010;0010000007;CIRCULANTE E REALIZAVEL A LONGO PRAZO             ; 0000000136530029,02
200505;00517645;BCO RIBEIRAO PRETO S.A.                                     ;U;4010;0011000006;DISPONIBILIDADES                                  ; 0000000000246083,51
200505;00517645;BCO RIBEIRAO PRETO S.A.                                     ;U;4010;0011100009;CAIXA                                             ; 0000000000014253,45
200505;00517645;BCO RIBEIRAO PRETO S.A.                                     ;U;4010;0011300005;RESERVAS LIVRES                                   ; 0000000000231830,06
200505;00517645;BCO RIBEIRAO PRETO S.A.                                     ;U;4010;0012000005;APLICACOES INTERFINANCEIRAS DE LIQUIDEZ           ; 0000000001497832,49
200505;00517645;BCO RIBEIRAO PRETO S.A.                                     ;U;4010;0012100008;APLICACOES EM OPERACOES COMPROMISSADAS            ; 0000000001497832,49
200505;00517645;BCO RIBEIRAO PRETO S.A.                                     ;U;4010;0013000004;TITULOS E VAL. MOB. E INST. FINANC. DERIVATIVOS   ; 0000000029162466,47
200505;00517645;BCO RIBEIRAO PRETO S.A.                                     ;U;4010;0013100007;LIVRES                                            ; 0000000016223894,33
200505;00517645;BCO RIBEIRAO PRETO S.A.                                     ;U;4010;0013200000;VINCULADOS A OPERACOES COMPROMISSADAS             ; 0000000011816643,09
200505;00517645;BCO RIBEIRAO PRETO S.A.                                     ;U;4010;0013300003;INSTRUMENTOS FINANCEIROS DERIVATIVOS              ; 0000000000599360,62
200505;00517645;BCO RIBEIRAO PRETO S.A.                                     ;U;4010;0013600002;VINCULADOS A PRESTACAO DE GARANTIAS               ; 0000000000522568,43
200505;00517645;BCO RIBEIRAO PRETO S.A.                                     ;U;4010;0014000003;RELACOES INTERFINANCEIRAS                         ; 0000000000994635,76
200505;00517645;BCO RIBEIRAO PRETO S.A.                                     ;U;4010;0014100006;DIREITOS JUNTO A PARTIC. DE SISTEMAS DE LIQUIDAÇÃO; 0000000000455459,61
200505;00517645;BCO RIBEIRAO PRETO S.A.                                     ;U;4010;0014200009;CREDITOS VINCULADOS                               ; 0000000000050120,19
200505;00517645;BCO RIBEIRAO PRETO S.A.                                     ;U;4010;0014400005;RELACOES COM CORRESPONDENTES                      ; 0000000000489055,96
200505;00517645;BCO RIBEIRAO PRETO S.A.                                     ;U;4010;0016000001;OPERACOES DE CREDITO                              ; 0000000101683025,31
200505;00517645;BCO RIBEIRAO PRETO S.A.                                     ;U;4010;0016100004;EMPRESTIMOS E TITULOS DESCONTADOS                 ; 0000000061963873,33
200505;00517645;BCO RIBEIRAO PRETO S.A.                                     ;U;4010;0016200007;FINANCIAMENTOS                                    ; 0000000019414079,70
200505;00517645;BCO RIBEIRAO PRETO S.A.                                     ;U;4010;0016300000;FINANCIAMENTOS RURAIS E AGROINDUSTRIAIS           ; 0000000000628476,61
200505;00517645;BCO RIBEIRAO PRETO S.A.                                     ;U;4010;0016600009;FINANCIAMENTOS DE INFRAESTRUTURA E DESENVOLVIMENTO; 0000000022920377,15
200505;00517645;BCO RIBEIRAO PRETO S.A.                                     ;U;4010;0016900008;(-) PROVISOES PARA OPERACOES DE CREDITO           ;-0000000003243781,48
200505;00517645;BCO RIBEIRAO PRETO S.A.                                     ;U;4010;0018000009;OUTROS CREDITOS                                   ; 0000000002369175,34
200505;00517645;BCO RIBEIRAO PRETO S.A.                                     ;U;4010;0018400001;NEGOCIACAO E INTERMEDIACAO DE VALORES             ; 0000000000079923,09
200505;00517645;BCO RIBEIRAO PRETO S.A.                                     ;U;4010;0018800003;DIVERSOS                                          ; 0000000002289252,25
200505;00517645;BCO RIBEIRAO PRETO S.A.                                     ;U;4010;0019000008;OUTROS VALORES E BENS                             ; 0000000000576810,14
200505;00517645;BCO RIBEIRAO PRETO S.A.                                     ;U;4010;0019100001;INVESTIMENTOS TEMPORARIOS                         ; 0000000000240000,00
200505;00517645;BCO RIBEIRAO PRETO S.A.                                     ;U;4010;0019800002;OUTROS VALORES E BENS                             ; 0000000000336810,14
200505;00517645;BCO RIBEIRAO PRETO S.A.                                     ;U;4010;0020000004;PERMANENTE                                        ; 0000000000648957,62
200505;00517645;BCO RIBEIRAO PRETO S.A.                                     ;U;4010;0021000003;INVESTIMENTOS                                     ; 0000000000403394,91
200505;00517645;BCO RIBEIRAO PRETO S.A.                                     ;U;4010;0021400005;TITULOS PATRIMONIAIS                              ; 0000000000399037,55
200505;00517645;BCO RIBEIRAO PRETO S.A.                                     ;U;4010;0021900000;OUTROS INVESTIMENTOS                              ; 0000000000004357,36
200505;00517645;BCO RIBEIRAO PRETO S.A.                                     ;U;4010;0022000002;IMOBILIZADO DE USO                                ; 0000000000188778,52
200505;00517645;BCO RIBEIRAO PRETO S.A.                                     ;U;4010;0022300001;IMOVEIS DE USO                                    ; 0000000000027221,16
200505;00517645;BCO RIBEIRAO PRETO S.A.                                     ;U;4010;0022400004;INSTALACOES, MOVEIS E EQUIPAMENTOS DE USO         ; 0000000000043464,20
200505;00517645;BCO RIBEIRAO PRETO S.A.                                     ;U;4010;0022900009;OUTROS                                            ; 0000000000118093,16
200505;00517645;BCO RIBEIRAO PRETO S.A.                                     ;U;4010;0024000000;DIFERIDO                                          ; 0000000000056784,19
200505;00517645;BCO RIBEIRAO PRETO S.A.                                     ;U;4010;0024100003;GASTOS DE ORGANIZACAO E EXPANSAO                  ; 0000000000056784,19
200505;00517645;BCO RIBEIRAO PRETO S.A.                                     ;U;4010;0030000001;COMPENSACAO                                       ; 0000000502783746,68
200505;00517645;BCO RIBEIRAO PRETO S.A.                                     ;U;4010;0030100004;COOBRIGACOES E RISCOS EM GARANTIAS PRESTADAS      ; 0000000000180206,32
200505;00517645;BCO RIBEIRAO PRETO S.A.                                     ;U;4010;0030300000;TITULOS E VALORES MOBILIARIOS                     ; 0000000057631331,85
200505;00517645;BCO RIBEIRAO PRETO S.A.                                     ;U;4010;0030400003;CUSTODIA DE VALORES                               ; 0000000201649567,18
200505;00517645;BCO RIBEIRAO PRETO S.A.                                     ;U;4010;0030500006;COBRANCA                                          ; 0000000004110299,87
200505;00517645;BCO RIBEIRAO PRETO S.A.                                     ;U;4010;0030600009;NEGOCIACAO E INTERMEDIACAO DE VALORES             ; 0000000017213352,69
200505;00517645;BCO RIBEIRAO PRETO S.A.                                     ;U;4010;0030800005;CONTRATOS                                         ; 0000000000448000,00
200505;00517645;BCO RIBEIRAO PRETO S.A.                                     ;U;4010;0030900008;CONTROLE                                          ; 0000000116624181,98
200505;00517645;BCO RIBEIRAO PRETO S.A.                                     ;U;4010;0031000000;CLASSIFICACAO DA CARTEIRA DE CREDITOS             ; 0000000104926806,79
200505;00517645;BCO RIBEIRAO PRETO S.A.                                     ;U;4010;0031100003;OPERACOES DE RISCO NIVEL AA                       ; 0000000001402220,19
200505;00517645;BCO RIBEIRAO PRETO S.A.                                     ;U;4010;0031200006;OPERACOES DE RISCO NIVEL A                        ; 0000000090868932,21
200505;00517645;BCO RIBEIRAO PRETO S.A.                                     ;U;4010;0031300009;OPERACOES DE RISCO NIVELB                         ; 0000000007076074,77
200505;00517645;BCO RIBEIRAO PRETO S.A.                                     ;U;4010;0031400002;OPERACOES DE RISCO NIVELC                         ; 0000000001503047,03
200505;00517645;BCO RIBEIRAO PRETO S.A.                                     ;U;4010;0031500005;OPERACOES DE RISCO NIVEL D                        ; 0000000000347988,30
200505;00517645;BCO RIBEIRAO PRETO S.A.                                     ;U;4010;0031600008;OPERACOES DE RISCO NIVEL E                        ; 0000000000001742,10
200505;00517645;BCO RIBEIRAO PRETO S.A.                                     ;U;4010;0031700001;OPERACOES DE RISCO NIVEL F                        ; 0000000000006024,63
200505;00517645;BCO RIBEIRAO PRETO S.A.                                     ;U;4010;0031800004;OPERACOES DE RISCO NIVEL G                        ; 0000000003618326,82
200505;00517645;BCO RIBEIRAO PRETO S.A.                                     ;U;4010;0031900007;OPERACOES DE RISCO NIVEL H                        ; 0000000000102450,74
200505;00517645;BCO RIBEIRAO PRETO S.A.                                     ;U;4010;0039999993;TOTAL GERAL DO ATIVO                              ; 0000000639962733,32
200505;00517645;BCO RIBEIRAO PRETO S.A.                                     ;U;4010;0040000008;CIRCULANTE EXIGIVEL A LONGO PRAZO                 ; 0000000091949932,29
200505;00517645;BCO RIBEIRAO PRETO S.A.                                     ;U;4010;0041000007;DEPOSITOS                                         ; 0000000041068678,56
200505;00517645;BCO RIBEIRAO PRETO S.A.                                     ;U;4010;0041100000;DEPOSITOS A VISTA                                 ; 0000000003720458,65
200505;00517645;BCO RIBEIRAO PRETO S.A.                                     ;U;4010;0041500002;DEPOSITOS A PRAZO                                 ; 0000000037348219,91
200505;00517645;BCO RIBEIRAO PRETO S.A.                                     ;U;4010;0042000006;OBRIGACOES POR OPERACOES COMPROMISSADAS           ; 0000000011801671,62
200505;00517645;BCO RIBEIRAO PRETO S.A.                                     ;U;4010;0042100009;CARTEIRA PROPRIA                                  ; 0000000011801671,62
200505;00517645;BCO RIBEIRAO PRETO S.A.                                     ;U;4010;0044000004;RELACOES INTERFINANCEIRAS                         ; 0000000000140057,43
200505;00517645;BCO RIBEIRAO PRETO S.A.                                     ;U;4010;0044100007;OBRIGAÇÕES JUNTO A PARTIC. DE SIST. DE LIQUIDACÃO ; 0000000000140057,43
200505;00517645;BCO RIBEIRAO PRETO S.A.                                     ;U;4010;0046000002;OBRIGACOES POR EMPRESTIMOS E REPASSES             ; 0000000033874253,50
200505;00517645;BCO RIBEIRAO PRETO S.A.                                     ;U;4010;0046400004;REPASSES DO PAIS - INSTITUICOES OFICIAIS          ; 0000000033874253,50
200505;00517645;BCO RIBEIRAO PRETO S.A.                                     ;U;4010;0047000001;INSTRUMENTOS FINANCEIROS DERIVATIVOS              ; 0000000000664636,22
200505;00517645;BCO RIBEIRAO PRETO S.A.                                     ;U;4010;0047100004;INSTRUMENTOS FINANCEIROS DERIVATIVOS              ; 0000000000664636,22
200505;00517645;BCO RIBEIRAO PRETO S.A.                                     ;U;4010;0049000009;OUTRAS OBRIGACOES                                 ; 0000000004400634,96
200505;00517645;BCO RIBEIRAO PRETO S.A.                                     ;U;4010;0049100002;COBRANCA E ARRECADACAO DE TRIBUTOS E ASSEMELHADOS ; 0000000000005459,89
200505;00517645;BCO RIBEIRAO PRETO S.A.                                     ;U;4010;0049300008;SOCIAIS E ESTATUTARIAS                            ; 0000000001225788,35
200505;00517645;BCO RIBEIRAO PRETO S.A.                                     ;U;4010;0049400001;FISCAIS E PREVIDENCIARIAS                         ; 0000000002199079,43
200505;00517645;BCO RIBEIRAO PRETO S.A.                                     ;U;4010;0049500004;NEGOCIACAO E INTERMEDIACAO DE VALORES             ; 0000000000093502,80
200505;00517645;BCO RIBEIRAO PRETO S.A.                                     ;U;4010;0049900006;DIVERSAS                                          ; 0000000000876804,49
200505;00517645;BCO RIBEIRAO PRETO S.A.                                     ;U;4010;0060000002;PATRIMONIO LIQUIDO                                ; 0000000044153387,78
200505;00517645;BCO RIBEIRAO PRETO S.A.                                     ;U;4010;0061000001;PATRIMONIO LIQUIDO                                ; 0000000044153387,78
200505;00517645;BCO RIBEIRAO PRETO S.A.                                     ;U;4010;0061100004;CAPITAL SOCIAL                                    ; 0000000044130000,00
200505;00517645;BCO RIBEIRAO PRETO S.A.                                     ;U;4010;0061300000;RESERVAS DE CAPITAL                               ; 0000000000018930,24
200505;00517645;BCO RIBEIRAO PRETO S.A.                                     ;U;4010;0061800005;LUCROS OU PREJUIZOS ACUMULADOS                    ; 0000000000004457,54
200505;00517645;BCO RIBEIRAO PRETO S.A.                                     ;U;4010;0070000009;CONTAS DE RESULTADO CREDORAS                      ; 0000000011759832,70
200505;00517645;BCO RIBEIRAO PRETO S.A.                                     ;U;4010;0071000008;RECEITAS OPERACIONAIS                             ; 0000000011745018,70
200505;00517645;BCO RIBEIRAO PRETO S.A.                                     ;U;4010;0071100001;RENDAS DE OPERACOES DE CREDITO                    ; 0000000008805784,61
200505;00517645;BCO RIBEIRAO PRETO S.A.                                     ;U;4010;0071400000;RENDAS DE APLICACOES INTERFINANCEIRAS DE LIQUIDEZ ; 0000000000280485,35
200505;00517645;BCO RIBEIRAO PRETO S.A.                                     ;U;4010;0071500003;RENDAS COM TIT. E VAL. MOB. E INST. FINANC. DERIV.; 0000000002586190,22
200505;00517645;BCO RIBEIRAO PRETO S.A.                                     ;U;4010;0071700009;RENDAS DE PRESTACAO DE SERVICOS                   ; 0000000000072558,52
200505;00517645;BCO RIBEIRAO PRETO S.A.                                     ;U;4010;0073000006;RECEITAS NAO OPERACIONAIS                         ; 0000000000014814,00
200505;00517645;BCO RIBEIRAO PRETO S.A.                                     ;U;4010;0073900003;OUTRAS RECEITAS NAO OPERACIONAIS                  ; 0000000000014814,00
200505;00517645;BCO RIBEIRAO PRETO S.A.                                     ;U;4010;0080000006;(-) CONTAS DE RESULTADO DEVEDORAS                 ;-0000000010684166,13
200505;00517645;BCO RIBEIRAO PRETO S.A.                                     ;U;4010;0081000005;(-) DESPESAS OPERACIONAIS                         ;-0000000010046906,89
200505;00517645;BCO RIBEIRAO PRETO S.A.                                     ;U;4010;0081100008;(-) DESPESAS DE CAPTACAO                          ;-0000000002919988,33
200505;00517645;BCO RIBEIRAO PRETO S.A.                                     ;U;4010;0081200001;(-) DESP DE OBRIGACOES POR EMPRESTIMOS E REPASSES ;-0000000001503841,91
200505;00517645;BCO RIBEIRAO PRETO S.A.                                     ;U;4010;0081500000;(-) DESP. COM TIT. E VAL. MOB. E INST. FIN. DERIV.;-0000000001416512,75
200505;00517645;BCO RIBEIRAO PRETO S.A.                                     ;U;4010;0081700006;(-) DESPESAS ADMINISTRATIVAS                      ;-0000000001843158,68
200505;00517645;BCO RIBEIRAO PRETO S.A.                                     ;U;4010;0081800009;(-) APROVISIONAMENTOS E AJUSTES PATRIMONIAIS      ;-0000000000840620,26
200505;00517645;BCO RIBEIRAO PRETO S.A.                                     ;U;4010;0081900002;(-) OUTRAS DESPESAS OPERACIONAIS                  ;-0000000001522784,96
200505;00517645;BCO RIBEIRAO PRETO S.A.                                     ;U;4010;0089000007;(-) APURACAO DE RESULTADO                         ;-0000000000637259,24
200505;00517645;BCO RIBEIRAO PRETO S.A.                                     ;U;4010;0089400009;(-) IMPOSTO DE RENDA                              ;-0000000000482949,24
200505;00517645;BCO RIBEIRAO PRETO S.A.                                     ;U;4010;0089700008;(-) PARTICIPACOES NO LUCRO                        ;-0000000000154310,00
200505;00517645;BCO RIBEIRAO PRETO S.A.                                     ;U;4010;0090000003;COMPENSACAO                                       ; 0000000502783746,68
200505;00517645;BCO RIBEIRAO PRETO S.A.                                     ;U;4010;0090100006;COOBRIGACOES E RISCOS EM GARANTIAS PRESTADAS      ; 0000000000180206,32
200505;00517645;BCO RIBEIRAO PRETO S.A.                                     ;U;4010;0090300002;TITULOS E VALORES MOBILIARIOS                     ; 0000000057631331,85
200505;00517645;BCO RIBEIRAO PRETO S.A.                                     ;U;4010;0090400005;CUSTODIA DE VALORES                               ; 0000000201649567,18
200505;00517645;BCO RIBEIRAO PRETO S.A.                                     ;U;4010;0090500008;COBRANCA                                          ; 0000000004110299,87
200505;00517645;BCO RIBEIRAO PRETO S.A.                                     ;U;4010;0090600001;NEGOCIACAO E INTERMEDIACAO DE VALORES             ; 0000000017213352,69
200505;00517645;BCO RIBEIRAO PRETO S.A.                                     ;U;4010;0090800007;CONTRATOS                                         ; 0000000000448000,00
200505;00517645;BCO RIBEIRAO PRETO S.A.                                     ;U;4010;0090900000;CONTROLE                                          ; 0000000116624181,98
200505;00517645;BCO RIBEIRAO PRETO S.A.                                     ;U;4010;0091000002;CLASSIFICACAO DA CARTEIRA DE CREDITOS             ; 0000000104926806,79
200505;00517645;BCO RIBEIRAO PRETO S.A.                                     ;U;4010;0091100005;OPERACOES DE CREDITOS E ARRENDAMENTO MERCANTIL    ; 0000000104926806,79
200505;00517645;BCO RIBEIRAO PRETO S.A.                                     ;U;4010;0099999995;TOTAL GERAL DO PASSIVO                            ; 0000000639962733,32
200505;00558456;BCO BGN S.A.                                                ;U;4010;0010000007;CIRCULANTE E REALIZAVEL A LONGO PRAZO             ; 0000001111709988,31
200505;00558456;BCO BGN S.A.                                                ;U;4010;0011000006;DISPONIBILIDADES                                  ; 0000000000130607,31
200505;00558456;BCO BGN S.A.                                                ;U;4010;0011300005;RESERVAS LIVRES                                   ; 0000000000130607,31
200505;00558456;BCO BGN S.A.                                                ;U;4010;0012000005;APLICACOES INTERFINANCEIRAS DE LIQUIDEZ           ; 0000000017044247,81
200505;00558456;BCO BGN S.A.                                                ;U;4010;0012100008;APLICACOES EM OPERACOES COMPROMISSADAS            ; 0000000014499257,52
200505;00558456;BCO BGN S.A.                                                ;U;4010;0012200001;APLICACOES EM DEPOSITOS INTERFINANCEIROS          ; 0000000002544990,29
200505;00558456;BCO BGN S.A.                                                ;U;4010;0013000004;TITULOS E VAL. MOB. E INST. FINANC. DERIVATIVOS   ; 0000000517818848,64
200505;00558456;BCO BGN S.A.                                                ;U;4010;0013100007;LIVRES                                            ; 0000000065683414,38
200505;00558456;BCO BGN S.A.                                                ;U;4010;0013200000;VINCULADOS A OPERACOES COMPROMISSADAS             ; 0000000369214351,28
200505;00558456;BCO BGN S.A.                                                ;U;4010;0013300003;INSTRUMENTOS FINANCEIROS DERIVATIVOS              ; 0000000000084906,58
200505;00558456;BCO BGN S.A.                                                ;U;4010;0013400006;VINCULADOS AO BANCO CENTRAL                       ; 0000000077706866,47
200505;00558456;BCO BGN S.A.                                                ;U;4010;0013600002;VINCULADOS A PRESTACAO DE GARANTIAS               ; 0000000005129309,93
200505;00558456;BCO BGN S.A.                                                ;U;4010;0014000003;RELACOES INTERFINANCEIRAS                         ; 0000000002010461,06
200505;00558456;BCO BGN S.A.                                                ;U;4010;0014100006;DIREITOS JUNTO A PARTIC. DE SISTEMAS DE LIQUIDAÇÃO; 0000000000071595,14
200505;00558456;BCO BGN S.A.                                                ;U;4010;0014200009;CREDITOS VINCULADOS                               ; 0000000000299271,47
200505;00558456;BCO BGN S.A.                                                ;U;4010;0014400005;RELACOES COM CORRESPONDENTES                      ; 0000000001639594,45
200505;00558456;BCO BGN S.A.                                                ;U;4010;0016000001;OPERACOES DE CREDITO                              ; 0000000552974357,13
200505;00558456;BCO BGN S.A.                                                ;U;4010;0016100004;EMPRESTIMOS E TITULOS DESCONTADOS                 ; 0000000565608239,69
200505;00558456;BCO BGN S.A.                                                ;U;4010;0016200007;FINANCIAMENTOS                                    ; 0000000014841403,13
200505;00558456;BCO BGN S.A.                                                ;U;4010;0016900008;(-) PROVISOES PARA OPERACOES DE CREDITO           ;-0000000027475285,69
200505;00558456;BCO BGN S.A.                                                ;U;4010;0018000009;OUTROS CREDITOS                                   ; 0000000004040329,75
200505;00558456;BCO BGN S.A.                                                ;U;4010;0018300008;RENDAS A RECEBER                                  ; 0000000000162876,93
200505;00558456;BCO BGN S.A.                                                ;U;4010;0018400001;NEGOCIACAO E INTERMEDIACAO DE VALORES             ; 0000000000006598,10
200505;00558456;BCO BGN S.A.                                                ;U;4010;0018800003;DIVERSOS                                          ; 0000000003870854,72
200505;00558456;BCO BGN S.A.                                                ;U;4010;0019000008;OUTROS VALORES E BENS                             ; 0000000017691136,61
200505;00558456;BCO BGN S.A.                                                ;U;4010;0019900005;DESPESAS ANTECIPADAS                              ; 0000000017691136,61
200505;00558456;BCO BGN S.A.                                                ;U;4010;0020000004;PERMANENTE                                        ; 0000000008410498,32
200505;00558456;BCO BGN S.A.                                                ;U;4010;0021000003;INVESTIMENTOS                                     ; 0000000006090223,97
200505;00558456;BCO BGN S.A.                                                ;U;4010;0021200009;PARTICIPACOES EM COLIGADAS E CONTROLADAS NO PAIS  ; 0000000005941580,04
200505;00558456;BCO BGN S.A.                                                ;U;4010;0021500008;ACOES E COTAS                                     ; 0000000000024972,08
200505;00558456;BCO BGN S.A.                                                ;U;4010;0021900000;OUTROS INVESTIMENTOS                              ; 0000000000123671,85
200505;00558456;BCO BGN S.A.                                                ;U;4010;0022000002;IMOBILIZADO DE USO                                ; 0000000002127684,99
200505;00558456;BCO BGN S.A.                                                ;U;4010;0022400004;INSTALACOES, MOVEIS E EQUIPAMENTOS DE USO         ; 0000000000559542,97
200505;00558456;BCO BGN S.A.                                                ;U;4010;0022900009;OUTROS                                            ; 0000000001568142,02
200505;00558456;BCO BGN S.A.                                                ;U;4010;0024000000;DIFERIDO                                          ; 0000000000192589,36
200505;00558456;BCO BGN S.A.                                                ;U;4010;0024100003;GASTOS DE ORGANIZACAO E EXPANSAO                  ; 0000000000192589,36
200505;00558456;BCO BGN S.A.                                                ;U;4010;0030000001;COMPENSACAO                                       ; 0000003482082700,48
200505;00558456;BCO BGN S.A.                                                ;U;4010;0030100004;COOBRIGACOES E RISCOS EM GARANTIAS PRESTADAS      ; 0000000002378758,25
200505;00558456;BCO BGN S.A.                                                ;U;4010;0030300000;TITULOS E VALORES MOBILIARIOS                     ; 0000000517733942,06
200505;00558456;BCO BGN S.A.                                                ;U;4010;0030400003;CUSTODIA DE VALORES                               ; 0000000912908502,61
200505;00558456;BCO BGN S.A.                                                ;U;4010;0030500006;COBRANCA                                          ; 0000000300009825,79
200505;00558456;BCO BGN S.A.                                                ;U;4010;0030600009;NEGOCIACAO E INTERMEDIACAO DE VALORES             ; 0000000987352661,36
200505;00558456;BCO BGN S.A.                                                ;U;4010;0030900008;CONTROLE                                          ; 0000000181249367,59
200505;00558456;BCO BGN S.A.                                                ;U;4010;0031000000;CLASSIFICACAO DA CARTEIRA DE CREDITOS             ; 0000000580449642,82
200505;00558456;BCO BGN S.A.                                                ;U;4010;0031100003;OPERACOES DE RISCO NIVEL AA                       ; 0000000006389594,70
200505;00558456;BCO BGN S.A.                                                ;U;4010;0031200006;OPERACOES DE RISCO NIVEL A                        ; 0000000434715751,24
200505;00558456;BCO BGN S.A.                                                ;U;4010;0031300009;OPERACOES DE RISCO NIVELB                         ; 0000000047008276,73
200505;00558456;BCO BGN S.A.                                                ;U;4010;0031400002;OPERACOES DE RISCO NIVELC                         ; 0000000048616129,06
200505;00558456;BCO BGN S.A.                                                ;U;4010;0031500005;OPERACOES DE RISCO NIVEL D                        ; 0000000012736181,43
200505;00558456;BCO BGN S.A.                                                ;U;4010;0031600008;OPERACOES DE RISCO NIVEL E                        ; 0000000007624063,60
200505;00558456;BCO BGN S.A.                                                ;U;4010;0031700001;OPERACOES DE RISCO NIVEL F                        ; 0000000005308819,34
200505;00558456;BCO BGN S.A.                                                ;U;4010;0031800004;OPERACOES DE RISCO NIVEL G                        ; 0000000002976438,93
200505;00558456;BCO BGN S.A.                                                ;U;4010;0031900007;OPERACOES DE RISCO NIVEL H                        ; 0000000015074387,79
200505;00558456;BCO BGN S.A.                                                ;U;4010;0039999993;TOTAL GERAL DO ATIVO                              ; 0000004602203187,11
200505;00558456;BCO BGN S.A.                                                ;U;4010;0040000008;CIRCULANTE EXIGIVEL A LONGO PRAZO                 ; 0000001041054267,80
200505;00558456;BCO BGN S.A.                                                ;U;4010;0041000007;DEPOSITOS                                         ; 0000000494305293,01
200505;00558456;BCO BGN S.A.                                                ;U;4010;0041100000;DEPOSITOS A VISTA                                 ; 0000000010938464,11
200505;00558456;BCO BGN S.A.                                                ;U;4010;0041300006;DEPOSITOS INTERFINANCEIROS                        ; 0000000295615888,28
200505;00558456;BCO BGN S.A.                                                ;U;4010;0041500002;DEPOSITOS A PRAZO                                 ; 0000000187750940,62
200505;00558456;BCO BGN S.A.                                                ;U;4010;0042000006;OBRIGACOES POR OPERACOES COMPROMISSADAS           ; 0000000368090932,70
200505;00558456;BCO BGN S.A.                                                ;U;4010;0042100009;CARTEIRA PROPRIA                                  ; 0000000368090932,70
200505;00558456;BCO BGN S.A.                                                ;U;4010;0043000005;RECURSOS ACEITES CAMB,LI E HIP.,DEBENT.E SIMILARES; 0000000122687698,44
200505;00558456;BCO BGN S.A.                                                ;U;4010;0043500000;OBRIGACOES P/TITULOS E VALS.MOBILIARIOS EXTERIOR  ; 0000000122687698,44
200505;00558456;BCO BGN S.A.                                                ;U;4010;0044000004;RELACOES INTERFINANCEIRAS                         ; 0000000012945897,31
200505;00558456;BCO BGN S.A.                                                ;U;4010;0044100007;OBRIGAÇÕES JUNTO A PARTIC. DE SIST. DE LIQUIDACÃO ; 0000000004322931,59
200505;00558456;BCO BGN S.A.                                                ;U;4010;0044400006;RELACOES COM CORRESPONDENTES                      ; 0000000008622965,72
200505;00558456;BCO BGN S.A.                                                ;U;4010;0046000002;OBRIGACOES POR EMPRESTIMOS E REPASSES             ; 0000000014803112,85
200505;00558456;BCO BGN S.A.                                                ;U;4010;0046400004;REPASSES DO PAIS - INSTITUICOES OFICIAIS          ; 0000000014803112,85
200505;00558456;BCO BGN S.A.                                                ;U;4010;0047000001;INSTRUMENTOS FINANCEIROS DERIVATIVOS              ; 0000000014546262,95
200505;00558456;BCO BGN S.A.                                                ;U;4010;0047100004;INSTRUMENTOS FINANCEIROS DERIVATIVOS              ; 0000000014546262,95
200505;00558456;BCO BGN S.A.                                                ;U;4010;0049000009;OUTRAS OBRIGACOES                                 ; 0000000013675070,54
200505;00558456;BCO BGN S.A.                                                ;U;4010;0049100002;COBRANCA E ARRECADACAO DE TRIBUTOS E ASSEMELHADOS ; 0000000000228642,93
200505;00558456;BCO BGN S.A.                                                ;U;4010;0049300008;SOCIAIS E ESTATUTARIAS                            ; 0000000000402237,48
200505;00558456;BCO BGN S.A.                                                ;U;4010;0049400001;FISCAIS E PREVIDENCIARIAS                         ; 0000000004976199,33
200505;00558456;BCO BGN S.A.                                                ;U;4010;0049500004;NEGOCIACAO E INTERMEDIACAO DE VALORES             ; 0000000000185759,20
200505;00558456;BCO BGN S.A.                                                ;U;4010;0049900006;DIVERSAS                                          ; 0000000007882231,60
200505;00558456;BCO BGN S.A.                                                ;U;4010;0060000002;PATRIMONIO LIQUIDO                                ; 0000000104235980,14
200505;00558456;BCO BGN S.A.                                                ;U;4010;0061000001;PATRIMONIO LIQUIDO                                ; 0000000104235980,14
200505;00558456;BCO BGN S.A.                                                ;U;4010;0061100004;CAPITAL SOCIAL                                    ; 0000000100000000,00
200505;00558456;BCO BGN S.A.                                                ;U;4010;0061500006;RESERVAS DE LUCROS                                ; 0000000000563297,79
200505;00558456;BCO BGN S.A.                                                ;U;4010;0061600009;AJUSTES DE AVALIACAO PATRIMONIAL                  ; 0000000001039825,02
200505;00558456;BCO BGN S.A.                                                ;U;4010;0061800005;LUCROS OU PREJUIZOS ACUMULADOS                    ; 0000000002632857,33
200505;00558456;BCO BGN S.A.                                                ;U;4010;0070000009;CONTAS DE RESULTADO CREDORAS                      ; 0000000129035928,76
200505;00558456;BCO BGN S.A.                                                ;U;4010;0071000008;RECEITAS OPERACIONAIS                             ; 0000000127120655,85
200505;00558456;BCO BGN S.A.                                                ;U;4010;0071100001;RENDAS DE OPERACOES DE CREDITO                    ; 0000000069532996,07
200505;00558456;BCO BGN S.A.                                                ;U;4010;0071400000;RENDAS DE APLICACOES INTERFINANCEIRAS DE LIQUIDEZ ; 0000000000380506,94
200505;00558456;BCO BGN S.A.                                                ;U;4010;0071500003;RENDAS COM TIT. E VAL. MOB. E INST. FINANC. DERIV.; 0000000049283296,73
200505;00558456;BCO BGN S.A.                                                ;U;4010;0071700009;RENDAS DE PRESTACAO DE SERVICOS                   ; 0000000007344677,26
200505;00558456;BCO BGN S.A.                                                ;U;4010;0071800002;RENDAS DE PARTICIPACOES                           ; 0000000000315807,18
200505;00558456;BCO BGN S.A.                                                ;U;4010;0071900005;OUTRAS RECEITAS OPERACIONAIS                      ; 0000000000263371,67
200505;00558456;BCO BGN S.A.                                                ;U;4010;0073000006;RECEITAS NAO OPERACIONAIS                         ; 0000000000012573,56
200505;00558456;BCO BGN S.A.                                                ;U;4010;0073100009;LUCROS EM TRANSACOES COM VALORES E BENS           ; 0000000000012035,62
200505;00558456;BCO BGN S.A.                                                ;U;4010;0073900003;OUTRAS RECEITAS NAO OPERACIONAIS                  ; 0000000000000537,94
200505;00558456;BCO BGN S.A.                                                ;U;4010;0078000001;RATEIO DE RESULTADOS INTERNOS                     ; 0000000001902699,35
200505;00558456;BCO BGN S.A.                                                ;U;4010;0078100004;RATEIO DE RESULTADOS INTERNOS                     ; 0000000001902699,35
200505;00558456;BCO BGN S.A.                                                ;U;4010;0080000006;(-) CONTAS DE RESULTADO DEVEDORAS                 ;-0000000154205690,07
200505;00558456;BCO BGN S.A.                                                ;U;4010;0081000005;(-) DESPESAS OPERACIONAIS                         ;-0000000152244740,24
200505;00558456;BCO BGN S.A.                                                ;U;4010;0081100008;(-) DESPESAS DE CAPTACAO                          ;-0000000054780153,35
200505;00558456;BCO BGN S.A.                                                ;U;4010;0081200001;(-) DESP DE OBRIGACOES POR EMPRESTIMOS E REPASSES ;-0000000000858378,83
200505;00558456;BCO BGN S.A.                                                ;U;4010;0081500000;(-) DESP. COM TIT. E VAL. MOB. E INST. FIN. DERIV.;-0000000016616468,85
200505;00558456;BCO BGN S.A.                                                ;U;4010;0081700006;(-) DESPESAS ADMINISTRATIVAS                      ;-0000000058095272,79
200505;00558456;BCO BGN S.A.                                                ;U;4010;0081800009;(-) APROVISIONAMENTOS E AJUSTES PATRIMONIAIS      ;-0000000017310022,69
200505;00558456;BCO BGN S.A.                                                ;U;4010;0081900002;(-) OUTRAS DESPESAS OPERACIONAIS                  ;-0000000004584443,73
200505;00558456;BCO BGN S.A.                                                ;U;4010;0083000003;(-) DESPESAS NAO OPERACIONAIS                     ;-0000000000058250,48
200505;00558456;BCO BGN S.A.                                                ;U;4010;0083900000;(-) OUTRAS DESPESAS NAO OPERACIONAIS              ;-0000000000058250,48
200505;00558456;BCO BGN S.A.                                                ;U;4010;0088000008;(-) RATEIO DE RESULTADOS INTERNOS                 ;-0000000001902699,35
200505;00558456;BCO BGN S.A.                                                ;U;4010;0088100001;(-) RATEIO DE RESULTADOS INTERNOS                 ;-0000000001902699,35
200505;00558456;BCO BGN S.A.                                                ;U;4010;0090000003;COMPENSACAO                                       ; 0000003482082700,48
200505;00558456;BCO BGN S.A.                                                ;U;4010;0090100006;COOBRIGACOES E RISCOS EM GARANTIAS PRESTADAS      ; 0000000002378758,25
200505;00558456;BCO BGN S.A.                                                ;U;4010;0090300002;TITULOS E VALORES MOBILIARIOS                     ; 0000000517733942,06
200505;00558456;BCO BGN S.A.                                                ;U;4010;0090400005;CUSTODIA DE VALORES                               ; 0000000912908502,61
200505;00558456;BCO BGN S.A.                                                ;U;4010;0090500008;COBRANCA                                          ; 0000000300009825,79
200505;00558456;BCO BGN S.A.                                                ;U;4010;0090600001;NEGOCIACAO E INTERMEDIACAO DE VALORES             ; 0000000987352661,36
200505;00558456;BCO BGN S.A.                                                ;U;4010;0090900000;CONTROLE                                          ; 0000000181249367,59
200505;00558456;BCO BGN S.A.                                                ;U;4010;0091000002;CLASSIFICACAO DA CARTEIRA DE CREDITOS             ; 0000000580449642,82
200505;00558456;BCO BGN S.A.                                                ;U;4010;0091100005;OPERACOES DE CREDITOS E ARRENDAMENTO MERCANTIL    ; 0000000580449642,82
200505;00558456;BCO BGN S.A.                                                ;U;4010;0099999995;TOTAL GERAL DO PASSIVO                            ; 0000004602203187,11
200505;00689364;BANCO OK DE INVESTIMENTOS S.A.                              ;I;4010;0010000007;CIRCULANTE E REALIZAVEL A LONGO PRAZO             ; 0000000008842956,26
200505;00689364;BANCO OK DE INVESTIMENTOS S.A.                              ;I;4010;0011000006;DISPONIBILIDADES                                  ; 0000000000059470,45
200505;00689364;BANCO OK DE INVESTIMENTOS S.A.                              ;I;4010;0011100009;CAIXA                                             ; 0000000000000565,03
200505;00689364;BANCO OK DE INVESTIMENTOS S.A.                              ;I;4010;0011200002;DEPOSITOS BANCARIOS                               ; 0000000000058905,42
200505;00689364;BANCO OK DE INVESTIMENTOS S.A.                              ;I;4010;0016000001;OPERACOES DE CREDITO                              ; 0000000003621276,92
200505;00689364;BANCO OK DE INVESTIMENTOS S.A.                              ;I;4010;0016100004;EMPRESTIMOS E TITULOS DESCONTADOS                 ; 0000000005805745,29
200505;00689364;BANCO OK DE INVESTIMENTOS S.A.                              ;I;4010;0016900008;(-) PROVISOES PARA OPERACOES DE CREDITO           ;-0000000002184468,37
200505;00689364;BANCO OK DE INVESTIMENTOS S.A.                              ;I;4010;0018000009;OUTROS CREDITOS                                   ; 0000000005005586,51
200505;00689364;BANCO OK DE INVESTIMENTOS S.A.                              ;I;4010;0018400001;NEGOCIACAO E INTERMEDIACAO DE VALORES             ; 0000000000000572,40
200505;00689364;BANCO OK DE INVESTIMENTOS S.A.                              ;I;4010;0018800003;DIVERSOS                                          ; 0000000005005014,11
200505;00689364;BANCO OK DE INVESTIMENTOS S.A.                              ;I;4010;0019000008;OUTROS VALORES E BENS                             ; 0000000000156622,38
200505;00689364;BANCO OK DE INVESTIMENTOS S.A.                              ;I;4010;0019800002;OUTROS VALORES E BENS                             ; 0000000000006000,00
200505;00689364;BANCO OK DE INVESTIMENTOS S.A.                              ;I;4010;0019900005;DESPESAS ANTECIPADAS                              ; 0000000000150622,38
200505;00689364;BANCO OK DE INVESTIMENTOS S.A.                              ;I;4010;0020000004;PERMANENTE                                        ; 0000000004164447,29
200505;00689364;BANCO OK DE INVESTIMENTOS S.A.                              ;I;4010;0021000003;INVESTIMENTOS                                     ; 0000000004150000,00
200505;00689364;BANCO OK DE INVESTIMENTOS S.A.                              ;I;4010;0021200009;PARTICIPACOES EM COLIGADAS E CONTROLADAS NO PAIS  ; 0000000004150000,00
200505;00689364;BANCO OK DE INVESTIMENTOS S.A.                              ;I;4010;0022000002;IMOBILIZADO DE USO                                ; 0000000000014447,29
200505;00689364;BANCO OK DE INVESTIMENTOS S.A.                              ;I;4010;0022400004;INSTALACOES, MOVEIS E EQUIPAMENTOS DE USO         ; 0000000000005596,50
200505;00689364;BANCO OK DE INVESTIMENTOS S.A.                              ;I;4010;0022900009;OUTROS                                            ; 0000000000008850,79
200505;00689364;BANCO OK DE INVESTIMENTOS S.A.                              ;I;4010;0030000001;COMPENSACAO                                       ; 0000000016791877,09
200505;00689364;BANCO OK DE INVESTIMENTOS S.A.                              ;I;4010;0030400003;CUSTODIA DE VALORES                               ; 0000000000063446,80
200505;00689364;BANCO OK DE INVESTIMENTOS S.A.                              ;I;4010;0030900008;CONTROLE                                          ; 0000000007430275,00
200505;00689364;BANCO OK DE INVESTIMENTOS S.A.                              ;I;4010;0031000000;CLASSIFICACAO DA CARTEIRA DE CREDITOS             ; 0000000009298155,29
200505;00689364;BANCO OK DE INVESTIMENTOS S.A.                              ;I;4010;0031100003;OPERACOES DE RISCO NIVEL AA                       ; 0000000003512884,52
200505;00689364;BANCO OK DE INVESTIMENTOS S.A.                              ;I;4010;0031200006;OPERACOES DE RISCO NIVEL A                        ; 0000000000859461,69
200505;00689364;BANCO OK DE INVESTIMENTOS S.A.                              ;I;4010;0031300009;OPERACOES DE RISCO NIVELB                         ; 0000000000031173,47
200505;00689364;BANCO OK DE INVESTIMENTOS S.A.                              ;I;4010;0031500005;OPERACOES DE RISCO NIVEL D                        ; 0000000000195020,83
200505;00689364;BANCO OK DE INVESTIMENTOS S.A.                              ;I;4010;0031600008;OPERACOES DE RISCO NIVEL E                        ; 0000000002834558,27
200505;00689364;BANCO OK DE INVESTIMENTOS S.A.                              ;I;4010;0031800004;OPERACOES DE RISCO NIVEL G                        ; 0000000001850222,46
200505;00689364;BANCO OK DE INVESTIMENTOS S.A.                              ;I;4010;0031900007;OPERACOES DE RISCO NIVEL H                        ; 0000000000014834,05
200505;00689364;BANCO OK DE INVESTIMENTOS S.A.                              ;I;4010;0039999993;TOTAL GERAL DO ATIVO                              ; 0000000029799280,64
200505;00689364;BANCO OK DE INVESTIMENTOS S.A.                              ;I;4010;0040000008;CIRCULANTE EXIGIVEL A LONGO PRAZO                 ; 0000000008338447,70
200505;00689364;BANCO OK DE INVESTIMENTOS S.A.                              ;I;4010;0049000009;OUTRAS OBRIGACOES                                 ; 0000000008338447,70
200505;00689364;BANCO OK DE INVESTIMENTOS S.A.                              ;I;4010;0049100002;COBRANCA E ARRECADACAO DE TRIBUTOS E ASSEMELHADOS ; 0000000000010938,83
200505;00689364;BANCO OK DE INVESTIMENTOS S.A.                              ;I;4010;0049400001;FISCAIS E PREVIDENCIARIAS                         ; 0000000000212976,77
200505;00689364;BANCO OK DE INVESTIMENTOS S.A.                              ;I;4010;0049900006;DIVERSAS                                          ; 0000000008114532,10
200505;00689364;BANCO OK DE INVESTIMENTOS S.A.                              ;I;4010;0060000002;PATRIMONIO LIQUIDO                                ; 0000000006152515,59
200505;00689364;BANCO OK DE INVESTIMENTOS S.A.                              ;I;4010;0061000001;PATRIMONIO LIQUIDO                                ; 0000000006152515,59
200505;00689364;BANCO OK DE INVESTIMENTOS S.A.                              ;I;4010;0061100004;CAPITAL SOCIAL                                    ; 0000000006416050,00
200505;00689364;BANCO OK DE INVESTIMENTOS S.A.                              ;I;4010;0061500006;RESERVAS DE LUCROS                                ; 0000000000017773,28
200505;00689364;BANCO OK DE INVESTIMENTOS S.A.                              ;I;4010;0061800005;LUCROS OU PREJUIZOS ACUMULADOS                    ;-0000000000281307,69
200505;00689364;BANCO OK DE INVESTIMENTOS S.A.                              ;I;4010;0070000009;CONTAS DE RESULTADO CREDORAS                      ; 0000000001228395,77
200505;00689364;BANCO OK DE INVESTIMENTOS S.A.                              ;I;4010;0071000008;RECEITAS OPERACIONAIS                             ; 0000000001228395,77
200505;00689364;BANCO OK DE INVESTIMENTOS S.A.                              ;I;4010;0071100001;RENDAS DE OPERACOES DE CREDITO                    ; 0000000001212641,97
200505;00689364;BANCO OK DE INVESTIMENTOS S.A.                              ;I;4010;0071500003;RENDAS COM TIT. E VAL. MOB. E INST. FINANC. DERIV.; 0000000000000450,64
200505;00689364;BANCO OK DE INVESTIMENTOS S.A.                              ;I;4010;0071700009;RENDAS DE PRESTACAO DE SERVICOS                   ; 0000000000000800,00
200505;00689364;BANCO OK DE INVESTIMENTOS S.A.                              ;I;4010;0071900005;OUTRAS RECEITAS OPERACIONAIS                      ; 0000000000014503,16
200505;00689364;BANCO OK DE INVESTIMENTOS S.A.                              ;I;4010;0080000006;(-) CONTAS DE RESULTADO DEVEDORAS                 ;-0000000002711955,51
200505;00689364;BANCO OK DE INVESTIMENTOS S.A.                              ;I;4010;0081000005;(-) DESPESAS OPERACIONAIS                         ;-0000000002657105,91
200505;00689364;BANCO OK DE INVESTIMENTOS S.A.                              ;I;4010;0081700006;(-) DESPESAS ADMINISTRATIVAS                      ;-0000000000416783,46
200505;00689364;BANCO OK DE INVESTIMENTOS S.A.                              ;I;4010;0081800009;(-) APROVISIONAMENTOS E AJUSTES PATRIMONIAIS      ;-0000000002001695,52
200505;00689364;BANCO OK DE INVESTIMENTOS S.A.                              ;I;4010;0081900002;(-) OUTRAS DESPESAS OPERACIONAIS                  ;-0000000000238626,93
200505;00689364;BANCO OK DE INVESTIMENTOS S.A.                              ;I;4010;0089000007;(-) APURACAO DE RESULTADO                         ;-0000000000054849,60
200505;00689364;BANCO OK DE INVESTIMENTOS S.A.                              ;I;4010;0089400009;(-) IMPOSTO DE RENDA                              ;-0000000000054849,60
200505;00689364;BANCO OK DE INVESTIMENTOS S.A.                              ;I;4010;0090000003;COMPENSACAO                                       ; 0000000016791877,09
200505;00689364;BANCO OK DE INVESTIMENTOS S.A.                              ;I;4010;0090400005;CUSTODIA DE VALORES                               ; 0000000000063446,80
200505;00689364;BANCO OK DE INVESTIMENTOS S.A.                              ;I;4010;0090900000;CONTROLE                                          ; 0000000007430275,00
200505;00689364;BANCO OK DE INVESTIMENTOS S.A.                              ;I;4010;0091000002;CLASSIFICACAO DA CARTEIRA DE CREDITOS             ; 0000000009298155,29
200505;00689364;BANCO OK DE INVESTIMENTOS S.A.                              ;I;4010;0091100005;OPERACOES DE CREDITOS E ARRENDAMENTO MERCANTIL    ; 0000000009298155,29
200505;00689364;BANCO OK DE INVESTIMENTOS S.A.                              ;I;4010;0099999995;TOTAL GERAL DO PASSIVO                            ; 0000000029799280,64
200505;00795423;BANCO SEMEAR                                                ;B;4010;0010000007;CIRCULANTE E REALIZAVEL A LONGO PRAZO             ; 0000000118331022,35
200505;00795423;BANCO SEMEAR                                                ;B;4010;0011000006;DISPONIBILIDADES                                  ; 0000000000246057,60
200505;00795423;BANCO SEMEAR                                                ;B;4010;0011100009;CAIXA                                             ; 0000000000083997,81
200505;00795423;BANCO SEMEAR                                                ;B;4010;0011300005;RESERVAS LIVRES                                   ; 0000000000162059,79
200505;00795423;BANCO SEMEAR                                                ;B;4010;0012000005;APLICACOES INTERFINANCEIRAS DE LIQUIDEZ           ; 0000000087412423,39
200505;00795423;BANCO SEMEAR                                                ;B;4010;0012200001;APLICACOES EM DEPOSITOS INTERFINANCEIROS          ; 0000000087412423,39
200505;00795423;BANCO SEMEAR                                                ;B;4010;0013000004;TITULOS E VAL. MOB. E INST. FINANC. DERIVATIVOS   ; 0000000003462552,02
200505;00795423;BANCO SEMEAR                                                ;B;4010;0013100007;LIVRES                                            ; 0000000002770041,62
200505;00795423;BANCO SEMEAR                                                ;B;4010;0013600002;VINCULADOS A PRESTACAO DE GARANTIAS               ; 0000000000692510,40
200505;00795423;BANCO SEMEAR                                                ;B;4010;0014000003;RELACOES INTERFINANCEIRAS                         ; 0000000000237091,41
200505;00795423;BANCO SEMEAR                                                ;B;4010;0014100006;DIREITOS JUNTO A PARTIC. DE SISTEMAS DE LIQUIDAÇÃO; 0000000000178158,47
200505;00795423;BANCO SEMEAR                                                ;B;4010;0014400005;RELACOES COM CORRESPONDENTES                      ; 0000000000058932,94
200505;00795423;BANCO SEMEAR                                                ;B;4010;0016000001;OPERACOES DE CREDITO                              ; 0000000020802964,43
200505;00795423;BANCO SEMEAR                                                ;B;4010;0016100004;EMPRESTIMOS E TITULOS DESCONTADOS                 ; 0000000019288749,00
200505;00795423;BANCO SEMEAR                                                ;B;4010;0016200007;FINANCIAMENTOS                                    ; 0000000002057966,44
200505;00795423;BANCO SEMEAR                                                ;B;4010;0016900008;(-) PROVISOES PARA OPERACOES DE CREDITO           ;-0000000000543751,01
200505;00795423;BANCO SEMEAR                                                ;B;4010;0018000009;OUTROS CREDITOS                                   ; 0000000006149992,59
200505;00795423;BANCO SEMEAR                                                ;B;4010;0018300008;RENDAS A RECEBER                                  ; 0000000000001675,00
200505;00795423;BANCO SEMEAR                                                ;B;4010;0018800003;DIVERSOS                                          ; 0000000006217376,19
200505;00795423;BANCO SEMEAR                                                ;B;4010;0018900006;(-) PROVISOES PARA OUTROS CREDITOS                ;-0000000000069058,60
200505;00795423;BANCO SEMEAR                                                ;B;4010;0019000008;OUTROS VALORES E BENS                             ; 0000000000019940,91
200505;00795423;BANCO SEMEAR                                                ;B;4010;0019800002;OUTROS VALORES E BENS                             ; 0000000000001261,90
200505;00795423;BANCO SEMEAR                                                ;B;4010;0019900005;DESPESAS ANTECIPADAS                              ; 0000000000018679,01
200505;00795423;BANCO SEMEAR                                                ;B;4010;0020000004;PERMANENTE                                        ; 0000000000387298,15
200505;00795423;BANCO SEMEAR                                                ;B;4010;0021000003;INVESTIMENTOS                                     ; 0000000000186768,31
200505;00795423;BANCO SEMEAR                                                ;B;4010;0021400005;TITULOS PATRIMONIAIS                              ; 0000000000182218,31
200505;00795423;BANCO SEMEAR                                                ;B;4010;0021900000;OUTROS INVESTIMENTOS                              ; 0000000000004550,00
200505;00795423;BANCO SEMEAR                                                ;B;4010;0022000002;IMOBILIZADO DE USO                                ; 0000000000117005,11
200505;00795423;BANCO SEMEAR                                                ;B;4010;0022400004;INSTALACOES, MOVEIS E EQUIPAMENTOS DE USO         ; 0000000000028489,15
200505;00795423;BANCO SEMEAR                                                ;B;4010;0022900009;OUTROS                                            ; 0000000000088515,96
200505;00795423;BANCO SEMEAR                                                ;B;4010;0024000000;DIFERIDO                                          ; 0000000000083524,73
200505;00795423;BANCO SEMEAR                                                ;B;4010;0024100003;GASTOS DE ORGANIZACAO E EXPANSAO                  ; 0000000000083524,73
200505;00795423;BANCO SEMEAR                                                ;B;4010;0030000001;COMPENSACAO                                       ; 0000000309637533,49
200505;00795423;BANCO SEMEAR                                                ;B;4010;0030100004;COOBRIGACOES E RISCOS EM GARANTIAS PRESTADAS      ; 0000000000772271,23
200505;00795423;BANCO SEMEAR                                                ;B;4010;0030300000;TITULOS E VALORES MOBILIARIOS                     ; 0000000003462552,02
200505;00795423;BANCO SEMEAR                                                ;B;4010;0030400003;CUSTODIA DE VALORES                               ; 0000000256694508,12
200505;00795423;BANCO SEMEAR                                                ;B;4010;0030500006;COBRANCA                                          ; 0000000002683228,77
200505;00795423;BANCO SEMEAR                                                ;B;4010;0030600009;NEGOCIACAO E INTERMEDIACAO DE VALORES             ; 0000000000689954,93
200505;00795423;BANCO SEMEAR                                                ;B;4010;0030900008;CONTROLE                                          ; 0000000023988302,98
200505;00795423;BANCO SEMEAR                                                ;B;4010;0031000000;CLASSIFICACAO DA CARTEIRA DE CREDITOS             ; 0000000021346715,44
200505;00795423;BANCO SEMEAR                                                ;B;4010;0031200006;OPERACOES DE RISCO NIVEL A                        ; 0000000015119445,49
200505;00795423;BANCO SEMEAR                                                ;B;4010;0031300009;OPERACOES DE RISCO NIVELB                         ; 0000000001520778,95
200505;00795423;BANCO SEMEAR                                                ;B;4010;0031400002;OPERACOES DE RISCO NIVELC                         ; 0000000001710230,73
200505;00795423;BANCO SEMEAR                                                ;B;4010;0031500005;OPERACOES DE RISCO NIVEL D                        ; 0000000002861513,67
200505;00795423;BANCO SEMEAR                                                ;B;4010;0031600008;OPERACOES DE RISCO NIVEL E                        ; 0000000000024164,58
200505;00795423;BANCO SEMEAR                                                ;B;4010;0031700001;OPERACOES DE RISCO NIVEL F                        ; 0000000000004687,37
200505;00795423;BANCO SEMEAR                                                ;B;4010;0031900007;OPERACOES DE RISCO NIVEL H                        ; 0000000000105894,65
200505;00795423;BANCO SEMEAR                                                ;B;4010;0039999993;TOTAL GERAL DO ATIVO                              ; 0000000428355853,99
200505;00795423;BANCO SEMEAR                                                ;B;4010;0040000008;CIRCULANTE EXIGIVEL A LONGO PRAZO                 ; 0000000100573320,26
200505;00795423;BANCO SEMEAR                                                ;B;4010;0041000007;DEPOSITOS                                         ; 0000000098550781,08
200505;00795423;BANCO SEMEAR                                                ;B;4010;0041100000;DEPOSITOS A VISTA                                 ; 0000000000324201,83
200505;00795423;BANCO SEMEAR                                                ;B;4010;0041500002;DEPOSITOS A PRAZO                                 ; 0000000098226170,11
200505;00795423;BANCO SEMEAR                                                ;B;4010;0041900004;OUTROS DEPOSITOS                                  ; 0000000000000409,14
200505;00795423;BANCO SEMEAR                                                ;B;4010;0044000004;RELACOES INTERFINANCEIRAS                         ; 0000000000002428,30
200505;00795423;BANCO SEMEAR                                                ;B;4010;0044100007;OBRIGAÇÕES JUNTO A PARTIC. DE SIST. DE LIQUIDACÃO ; 0000000000002428,30
200505;00795423;BANCO SEMEAR                                                ;B;4010;0049000009;OUTRAS OBRIGACOES                                 ; 0000000002020110,88
200505;00795423;BANCO SEMEAR                                                ;B;4010;0049100002;COBRANCA E ARRECADACAO DE TRIBUTOS E ASSEMELHADOS ; 0000000000005815,39
200505;00795423;BANCO SEMEAR                                                ;B;4010;0049400001;FISCAIS E PREVIDENCIARIAS                         ; 0000000001389259,22
200505;00795423;BANCO SEMEAR                                                ;B;4010;0049500004;NEGOCIACAO E INTERMEDIACAO DE VALORES             ; 0000000000001230,40
200505;00795423;BANCO SEMEAR                                                ;B;4010;0049900006;DIVERSAS                                          ; 0000000000623805,87
200505;00795423;BANCO SEMEAR                                                ;B;4010;0050000005;RESULTADOS DE EXERCICIOS FUTUROS                  ; 0000000000004166,08
200505;00795423;BANCO SEMEAR                                                ;B;4010;0051000004;RECEITAS DE EXERCICIOS FUTUROS                    ; 0000000000004166,08
200505;00795423;BANCO SEMEAR                                                ;B;4010;0051100007;RECEITAS DE EXERCICIOS FUTUROS                    ; 0000000000004166,08
200505;00795423;BANCO SEMEAR                                                ;B;4010;0060000002;PATRIMONIO LIQUIDO                                ; 0000000018688146,44
200505;00795423;BANCO SEMEAR                                                ;B;4010;0061000001;PATRIMONIO LIQUIDO                                ; 0000000018688146,44
200505;00795423;BANCO SEMEAR                                                ;B;4010;0061100004;CAPITAL SOCIAL                                    ; 0000000026000000,00
200505;00795423;BANCO SEMEAR                                                ;B;4010;0061800005;LUCROS OU PREJUIZOS ACUMULADOS                    ;-0000000007311853,56
200505;00795423;BANCO SEMEAR                                                ;B;4010;0070000009;CONTAS DE RESULTADO CREDORAS                      ; 0000000010776289,07
200505;00795423;BANCO SEMEAR                                                ;B;4010;0071000008;RECEITAS OPERACIONAIS                             ; 0000000010776289,07
200505;00795423;BANCO SEMEAR                                                ;B;4010;0071100001;RENDAS DE OPERACOES DE CREDITO                    ; 0000000002613479,60
200505;00795423;BANCO SEMEAR                                                ;B;4010;0071400000;RENDAS DE APLICACOES INTERFINANCEIRAS DE LIQUIDEZ ; 0000000007351504,54
200505;00795423;BANCO SEMEAR                                                ;B;4010;0071500003;RENDAS COM TIT. E VAL. MOB. E INST. FINANC. DERIV.; 0000000000437665,96
200505;00795423;BANCO SEMEAR                                                ;B;4010;0071700009;RENDAS DE PRESTACAO DE SERVICOS                   ; 0000000000016432,76
200505;00795423;BANCO SEMEAR                                                ;B;4010;0071900005;OUTRAS RECEITAS OPERACIONAIS                      ; 0000000000357206,21
200505;00795423;BANCO SEMEAR                                                ;B;4010;0080000006;(-) CONTAS DE RESULTADO DEVEDORAS                 ;-0000000011323601,35
200505;00795423;BANCO SEMEAR                                                ;B;4010;0081000005;(-) DESPESAS OPERACIONAIS                         ;-0000000011289607,95
200505;00795423;BANCO SEMEAR                                                ;B;4010;0081100008;(-) DESPESAS DE CAPTACAO                          ;-0000000007804739,20
200505;00795423;BANCO SEMEAR                                                ;B;4010;0081500000;(-) DESP. COM TIT. E VAL. MOB. E INST. FIN. DERIV.;-0000000000457079,24
200505;00795423;BANCO SEMEAR                                                ;B;4010;0081700006;(-) DESPESAS ADMINISTRATIVAS                      ;-0000000002419891,29
200505;00795423;BANCO SEMEAR                                                ;B;4010;0081800009;(-) APROVISIONAMENTOS E AJUSTES PATRIMONIAIS      ;-0000000000495118,43
200505;00795423;BANCO SEMEAR                                                ;B;4010;0081900002;(-) OUTRAS DESPESAS OPERACIONAIS                  ;-0000000000112779,79
200505;00795423;BANCO SEMEAR                                                ;B;4010;0089000007;(-) APURACAO DE RESULTADO                         ;-0000000000033993,40
200505;00795423;BANCO SEMEAR                                                ;B;4010;0089400009;(-) IMPOSTO DE RENDA                              ;-0000000000033993,40
200505;00795423;BANCO SEMEAR                                                ;B;4010;0090000003;COMPENSACAO                                       ; 0000000309637533,49
200505;00795423;BANCO SEMEAR                                                ;B;4010;0090100006;COOBRIGACOES E RISCOS EM GARANTIAS PRESTADAS      ; 0000000000772271,23
200505;00795423;BANCO SEMEAR                                                ;B;4010;0090300002;TITULOS E VALORES MOBILIARIOS                     ; 0000000003462552,02
200505;00795423;BANCO SEMEAR                                                ;B;4010;0090400005;CUSTODIA DE VALORES                               ; 0000000256694508,12
200505;00795423;BANCO SEMEAR                                                ;B;4010;0090500008;COBRANCA                                          ; 0000000002683228,77
200505;00795423;BANCO SEMEAR                                                ;B;4010;0090600001;NEGOCIACAO E INTERMEDIACAO DE VALORES             ; 0000000000689954,93
200505;00795423;BANCO SEMEAR                                                ;B;4010;0090900000;CONTROLE                                          ; 0000000023988302,98
200505;00795423;BANCO SEMEAR                                                ;B;4010;0091000002;CLASSIFICACAO DA CARTEIRA DE CREDITOS             ; 0000000021346715,44
200505;00795423;BANCO SEMEAR                                                ;B;4010;0091100005;OPERACOES DE CREDITOS E ARRENDAMENTO MERCANTIL    ; 0000000021346715,44
200505;00795423;BANCO SEMEAR                                                ;B;4010;0099999995;TOTAL GERAL DO PASSIVO                            ; 0000000428355853,99
200505;00997185;BCO BM&F S.A.                                               ;B;4010;0010000007;CIRCULANTE E REALIZAVEL A LONGO PRAZO             ; 0000000049222568,49
200505;00997185;BCO BM&F S.A.                                               ;B;4010;0011000006;DISPONIBILIDADES                                  ; 0000000000069099,68
200505;00997185;BCO BM&F S.A.                                               ;B;4010;0011300005;RESERVAS LIVRES                                   ; 0000000000069099,68
200505;00997185;BCO BM&F S.A.                                               ;B;4010;0012000005;APLICACOES INTERFINANCEIRAS DE LIQUIDEZ           ; 0000000030538586,47
200505;00997185;BCO BM&F S.A.                                               ;B;4010;0012100008;APLICACOES EM OPERACOES COMPROMISSADAS            ; 0000000030538586,47
200505;00997185;BCO BM&F S.A.                                               ;B;4010;0013000004;TITULOS E VAL. MOB. E INST. FINANC. DERIVATIVOS   ; 0000000018527408,99
200505;00997185;BCO BM&F S.A.                                               ;B;4010;0013100007;LIVRES                                            ; 0000000009036743,74
200505;00997185;BCO BM&F S.A.                                               ;B;4010;0013200000;VINCULADOS A OPERACOES COMPROMISSADAS             ; 0000000009490665,25
200505;00997185;BCO BM&F S.A.                                               ;B;4010;0014000003;RELACOES INTERFINANCEIRAS                         ; 0000000000085909,92
200505;00997185;BCO BM&F S.A.                                               ;B;4010;0014100006;DIREITOS JUNTO A PARTIC. DE SISTEMAS DE LIQUIDAÇÃO; 0000000000038079,24
200505;00997185;BCO BM&F S.A.                                               ;B;4010;0014200009;CREDITOS VINCULADOS                               ; 0000000000047830,68
200505;00997185;BCO BM&F S.A.                                               ;B;4010;0018000009;OUTROS CREDITOS                                   ; 0000000000000734,73
200505;00997185;BCO BM&F S.A.                                               ;B;4010;0018800003;DIVERSOS                                          ; 0000000000000734,73
200505;00997185;BCO BM&F S.A.                                               ;B;4010;0019000008;OUTROS VALORES E BENS                             ; 0000000000000828,70
200505;00997185;BCO BM&F S.A.                                               ;B;4010;0019900005;DESPESAS ANTECIPADAS                              ; 0000000000000828,70
200505;00997185;BCO BM&F S.A.                                               ;B;4010;0020000004;PERMANENTE                                        ; 0000000000004081,63
200505;00997185;BCO BM&F S.A.                                               ;B;4010;0024000000;DIFERIDO                                          ; 0000000000004081,63
200505;00997185;BCO BM&F S.A.                                               ;B;4010;0024100003;GASTOS DE ORGANIZACAO E EXPANSAO                  ; 0000000000004081,63
200505;00997185;BCO BM&F S.A.                                               ;B;4010;0030000001;COMPENSACAO                                       ; 0000000980786776,16
200505;00997185;BCO BM&F S.A.                                               ;B;4010;0030300000;TITULOS E VALORES MOBILIARIOS                     ; 0000000067617105,42
200505;00997185;BCO BM&F S.A.                                               ;B;4010;0030400003;CUSTODIA DE VALORES                               ; 0000000049089696,43
200505;00997185;BCO BM&F S.A.                                               ;B;4010;0030900008;CONTROLE                                          ; 0000000864079974,31
200505;00997185;BCO BM&F S.A.                                               ;B;4010;0039999993;TOTAL GERAL DO ATIVO                              ; 0000001030013426,28
200505;00997185;BCO BM&F S.A.                                               ;B;4010;0040000008;CIRCULANTE EXIGIVEL A LONGO PRAZO                 ; 0000000030647654,22
200505;00997185;BCO BM&F S.A.                                               ;B;4010;0041000007;DEPOSITOS                                         ; 0000000003883241,15
200505;00997185;BCO BM&F S.A.                                               ;B;4010;0041100000;DEPOSITOS A VISTA                                 ; 0000000003883241,15
200505;00997185;BCO BM&F S.A.                                               ;B;4010;0042000006;OBRIGACOES POR OPERACOES COMPROMISSADAS           ; 0000000024580403,23
200505;00997185;BCO BM&F S.A.                                               ;B;4010;0042100009;CARTEIRA PROPRIA                                  ; 0000000009480364,80
200505;00997185;BCO BM&F S.A.                                               ;B;4010;0042200002;CARTEIRA DE TERCEIROS                             ; 0000000015100038,43
200505;00997185;BCO BM&F S.A.                                               ;B;4010;0044000004;RELACOES INTERFINANCEIRAS                         ; 0000000000000167,66
200505;00997185;BCO BM&F S.A.                                               ;B;4010;0044100007;OBRIGAÇÕES JUNTO A PARTIC. DE SIST. DE LIQUIDACÃO ; 0000000000000167,66
200505;00997185;BCO BM&F S.A.                                               ;B;4010;0049000009;OUTRAS OBRIGACOES                                 ; 0000000002183842,18
200505;00997185;BCO BM&F S.A.                                               ;B;4010;0049100002;COBRANCA E ARRECADACAO DE TRIBUTOS E ASSEMELHADOS ; 0000000000000002,32
200505;00997185;BCO BM&F S.A.                                               ;B;4010;0049400001;FISCAIS E PREVIDENCIARIAS                         ; 0000000000174758,27
200505;00997185;BCO BM&F S.A.                                               ;B;4010;0049900006;DIVERSAS                                          ; 0000000002009081,59
200505;00997185;BCO BM&F S.A.                                               ;B;4010;0060000002;PATRIMONIO LIQUIDO                                ; 0000000018104653,35
200505;00997185;BCO BM&F S.A.                                               ;B;4010;0061000001;PATRIMONIO LIQUIDO                                ; 0000000018104653,35
200505;00997185;BCO BM&F S.A.                                               ;B;4010;0061100004;CAPITAL SOCIAL                                    ; 0000000017500000,00
200505;00997185;BCO BM&F S.A.                                               ;B;4010;0061500006;RESERVAS DE LUCROS                                ; 0000000000605805,93
200505;00997185;BCO BM&F S.A.                                               ;B;4010;0061600009;AJUSTES DE AVALIACAO PATRIMONIAL                  ;-0000000000001152,58
200505;00997185;BCO BM&F S.A.                                               ;B;4010;0070000009;CONTAS DE RESULTADO CREDORAS                      ; 0000000002329566,65
200505;00997185;BCO BM&F S.A.                                               ;B;4010;0071000008;RECEITAS OPERACIONAIS                             ; 0000000002329566,65
200505;00997185;BCO BM&F S.A.                                               ;B;4010;0071400000;RENDAS DE APLICACOES INTERFINANCEIRAS DE LIQUIDEZ ; 0000000000944683,34
200505;00997185;BCO BM&F S.A.                                               ;B;4010;0071500003;RENDAS COM TIT. E VAL. MOB. E INST. FINANC. DERIV.; 0000000001383356,32
200505;00997185;BCO BM&F S.A.                                               ;B;4010;0071700009;RENDAS DE PRESTACAO DE SERVICOS                   ; 0000000000001526,99
200505;00997185;BCO BM&F S.A.                                               ;B;4010;0080000006;(-) CONTAS DE RESULTADO DEVEDORAS                 ;-0000000001855224,10
200505;00997185;BCO BM&F S.A.                                               ;B;4010;0081000005;(-) DESPESAS OPERACIONAIS                         ;-0000000001623306,48
200505;00997185;BCO BM&F S.A.                                               ;B;4010;0081100008;(-) DESPESAS DE CAPTACAO                          ;-0000000000308568,03
200505;00997185;BCO BM&F S.A.                                               ;B;4010;0081500000;(-) DESP. COM TIT. E VAL. MOB. E INST. FIN. DERIV.;-0000000000000072,07
200505;00997185;BCO BM&F S.A.                                               ;B;4010;0081700006;(-) DESPESAS ADMINISTRATIVAS                      ;-0000000001218137,94
200505;00997185;BCO BM&F S.A.                                               ;B;4010;0081900002;(-) OUTRAS DESPESAS OPERACIONAIS                  ;-0000000000096528,44
200505;00997185;BCO BM&F S.A.                                               ;B;4010;0089000007;(-) APURACAO DE RESULTADO                         ;-0000000000231917,62
200505;00997185;BCO BM&F S.A.                                               ;B;4010;0089400009;(-) IMPOSTO DE RENDA                              ;-0000000000231917,62
200505;00997185;BCO BM&F S.A.                                               ;B;4010;0090000003;COMPENSACAO                                       ; 0000000980786776,16
200505;00997185;BCO BM&F S.A.                                               ;B;4010;0090300002;TITULOS E VALORES MOBILIARIOS                     ; 0000000067617105,42
200505;00997185;BCO BM&F S.A.                                               ;B;4010;0090400005;CUSTODIA DE VALORES                               ; 0000000049089696,43
200505;00997185;BCO BM&F S.A.                                               ;B;4010;0090900000;CONTROLE                                          ; 0000000864079974,31
200505;00997185;BCO BM&F S.A.                                               ;B;4010;0099999995;TOTAL GERAL DO PASSIVO                            ; 0000001030013426,28
200505;01023570;BCO RABOBANK INTL BRASIL S.A.                               ;U;4010;0010000007;CIRCULANTE E REALIZAVEL A LONGO PRAZO             ; 0000003310653359,57
200505;01023570;BCO RABOBANK INTL BRASIL S.A.                               ;U;4010;0011000006;DISPONIBILIDADES                                  ; 0000000000351036,84
200505;01023570;BCO RABOBANK INTL BRASIL S.A.                               ;U;4010;0011100009;CAIXA                                             ; 0000000000008000,00
200505;01023570;BCO RABOBANK INTL BRASIL S.A.                               ;U;4010;0011300005;RESERVAS LIVRES                                   ; 0000000000341167,01
200505;01023570;BCO RABOBANK INTL BRASIL S.A.                               ;U;4010;0011500001;DISPONIBILIDADES EM MOEDAS ESTRANGEIRAS           ; 0000000000001869,83
200505;01023570;BCO RABOBANK INTL BRASIL S.A.                               ;U;4010;0012000005;APLICACOES INTERFINANCEIRAS DE LIQUIDEZ           ; 0000000073791027,53
200505;01023570;BCO RABOBANK INTL BRASIL S.A.                               ;U;4010;0012100008;APLICACOES EM OPERACOES COMPROMISSADAS            ; 0000000013599719,13
200505;01023570;BCO RABOBANK INTL BRASIL S.A.                               ;U;4010;0012600003;APLICA OES EM MOEDAS ESTRANGEIRAS                 ; 0000000060191308,40
200505;01023570;BCO RABOBANK INTL BRASIL S.A.                               ;U;4010;0013000004;TITULOS E VAL. MOB. E INST. FINANC. DERIVATIVOS   ; 0000001907481725,28
200505;01023570;BCO RABOBANK INTL BRASIL S.A.                               ;U;4010;0013100007;LIVRES                                            ; 0000001371255156,55
200505;01023570;BCO RABOBANK INTL BRASIL S.A.                               ;U;4010;0013200000;VINCULADOS A OPERACOES COMPROMISSADAS             ; 0000000068203301,55
200505;01023570;BCO RABOBANK INTL BRASIL S.A.                               ;U;4010;0013300003;INSTRUMENTOS FINANCEIROS DERIVATIVOS              ; 0000000105136499,60
200505;01023570;BCO RABOBANK INTL BRASIL S.A.                               ;U;4010;0013600002;VINCULADOS A PRESTACAO DE GARANTIAS               ; 0000000362886767,58
200505;01023570;BCO RABOBANK INTL BRASIL S.A.                               ;U;4010;0014000003;RELACOES INTERFINANCEIRAS                         ; 0000000000246020,13
200505;01023570;BCO RABOBANK INTL BRASIL S.A.                               ;U;4010;0014200009;CREDITOS VINCULADOS                               ; 0000000000003769,53
200505;01023570;BCO RABOBANK INTL BRASIL S.A.                               ;U;4010;0014400005;RELACOES COM CORRESPONDENTES                      ; 0000000000242250,60
200505;01023570;BCO RABOBANK INTL BRASIL S.A.                               ;U;4010;0016000001;OPERACOES DE CREDITO                              ; 0000000672133984,71
200505;01023570;BCO RABOBANK INTL BRASIL S.A.                               ;U;4010;0016100004;EMPRESTIMOS E TITULOS DESCONTADOS                 ; 0000000120695302,31
200505;01023570;BCO RABOBANK INTL BRASIL S.A.                               ;U;4010;0016200007;FINANCIAMENTOS                                    ; 0000000002752403,61
200505;01023570;BCO RABOBANK INTL BRASIL S.A.                               ;U;4010;0016300000;FINANCIAMENTOS RURAIS E AGROINDUSTRIAIS           ; 0000000566333810,55
200505;01023570;BCO RABOBANK INTL BRASIL S.A.                               ;U;4010;0016900008;(-) PROVISOES PARA OPERACOES DE CREDITO           ;-0000000017647531,76
200505;01023570;BCO RABOBANK INTL BRASIL S.A.                               ;U;4010;0018000009;OUTROS CREDITOS                                   ; 0000000656463897,22
200505;01023570;BCO RABOBANK INTL BRASIL S.A.                               ;U;4010;0018200005;CARTEIRA DE CAMBIO                                ; 0000000576930224,53
200505;01023570;BCO RABOBANK INTL BRASIL S.A.                               ;U;4010;0018300008;RENDAS A RECEBER                                  ; 0000000000683975,31
200505;01023570;BCO RABOBANK INTL BRASIL S.A.                               ;U;4010;0018400001;NEGOCIACAO E INTERMEDIACAO DE VALORES             ; 0000000027351008,04
200505;01023570;BCO RABOBANK INTL BRASIL S.A.                               ;U;4010;0018800003;DIVERSOS                                          ; 0000000052826035,78
200505;01023570;BCO RABOBANK INTL BRASIL S.A.                               ;U;4010;0018900006;(-) PROVISOES PARA OUTROS CREDITOS                ;-0000000001327346,44
200505;01023570;BCO RABOBANK INTL BRASIL S.A.                               ;U;4010;0019000008;OUTROS VALORES E BENS                             ; 0000000000185667,86
200505;01023570;BCO RABOBANK INTL BRASIL S.A.                               ;U;4010;0019800002;OUTROS VALORES E BENS                             ; 0000000000161379,98
200505;01023570;BCO RABOBANK INTL BRASIL S.A.                               ;U;4010;0019900005;DESPESAS ANTECIPADAS                              ; 0000000000024287,88
200505;01023570;BCO RABOBANK INTL BRASIL S.A.                               ;U;4010;0020000004;PERMANENTE                                        ; 0000000006304630,09
200505;01023570;BCO RABOBANK INTL BRASIL S.A.                               ;U;4010;0021000003;INVESTIMENTOS                                     ; 0000000003243493,31
200505;01023570;BCO RABOBANK INTL BRASIL S.A.                               ;U;4010;0021400005;TITULOS PATRIMONIAIS                              ; 0000000003243493,31
200505;01023570;BCO RABOBANK INTL BRASIL S.A.                               ;U;4010;0022000002;IMOBILIZADO DE USO                                ; 0000000002986608,89
200505;01023570;BCO RABOBANK INTL BRASIL S.A.                               ;U;4010;0022400004;INSTALACOES, MOVEIS E EQUIPAMENTOS DE USO         ; 0000000000299324,07
200505;01023570;BCO RABOBANK INTL BRASIL S.A.                               ;U;4010;0022900009;OUTROS                                            ; 0000000002687284,82
200505;01023570;BCO RABOBANK INTL BRASIL S.A.                               ;U;4010;0024000000;DIFERIDO                                          ; 0000000000074527,89
200505;01023570;BCO RABOBANK INTL BRASIL S.A.                               ;U;4010;0024100003;GASTOS DE ORGANIZACAO E EXPANSAO                  ; 0000000000074527,89
200505;01023570;BCO RABOBANK INTL BRASIL S.A.                               ;U;4010;0030000001;COMPENSACAO                                       ; 0000015349061066,59
200505;01023570;BCO RABOBANK INTL BRASIL S.A.                               ;U;4010;0030100004;COOBRIGACOES E RISCOS EM GARANTIAS PRESTADAS      ; 0000000004450562,68
200505;01023570;BCO RABOBANK INTL BRASIL S.A.                               ;U;4010;0030300000;TITULOS E VALORES MOBILIARIOS                     ; 0000003604690451,36
200505;01023570;BCO RABOBANK INTL BRASIL S.A.                               ;U;4010;0030400003;CUSTODIA DE VALORES                               ; 0000002452570344,09
200505;01023570;BCO RABOBANK INTL BRASIL S.A.                               ;U;4010;0030500006;COBRANCA                                          ; 0000000010451241,46
200505;01023570;BCO RABOBANK INTL BRASIL S.A.                               ;U;4010;0030600009;NEGOCIACAO E INTERMEDIACAO DE VALORES             ; 0000008395929465,96
200505;01023570;BCO RABOBANK INTL BRASIL S.A.                               ;U;4010;0030800005;CONTRATOS                                         ; 0000000006812105,98
200505;01023570;BCO RABOBANK INTL BRASIL S.A.                               ;U;4010;0030900008;CONTROLE                                          ; 0000000062856879,99
200505;01023570;BCO RABOBANK INTL BRASIL S.A.                               ;U;4010;0031000000;CLASSIFICACAO DA CARTEIRA DE CREDITOS             ; 0000000811300015,07
200505;01023570;BCO RABOBANK INTL BRASIL S.A.                               ;U;4010;0031100003;OPERACOES DE RISCO NIVEL AA                       ; 0000000188987012,32
200505;01023570;BCO RABOBANK INTL BRASIL S.A.                               ;U;4010;0031200006;OPERACOES DE RISCO NIVEL A                        ; 0000000234377725,65
200505;01023570;BCO RABOBANK INTL BRASIL S.A.                               ;U;4010;0031300009;OPERACOES DE RISCO NIVELB                         ; 0000000297189512,31
200505;01023570;BCO RABOBANK INTL BRASIL S.A.                               ;U;4010;0031400002;OPERACOES DE RISCO NIVELC                         ; 0000000048787143,62
200505;01023570;BCO RABOBANK INTL BRASIL S.A.                               ;U;4010;0031500005;OPERACOES DE RISCO NIVEL D                        ; 0000000020350699,47
200505;01023570;BCO RABOBANK INTL BRASIL S.A.                               ;U;4010;0031600008;OPERACOES DE RISCO NIVEL E                        ; 0000000010164479,06
200505;01023570;BCO RABOBANK INTL BRASIL S.A.                               ;U;4010;0031700001;OPERACOES DE RISCO NIVEL F                        ; 0000000005356232,74
200505;01023570;BCO RABOBANK INTL BRASIL S.A.                               ;U;4010;0031800004;OPERACOES DE RISCO NIVEL G                        ; 0000000001607502,56
200505;01023570;BCO RABOBANK INTL BRASIL S.A.                               ;U;4010;0031900007;OPERACOES DE RISCO NIVEL H                        ; 0000000004479707,34
200505;01023570;BCO RABOBANK INTL BRASIL S.A.                               ;U;4010;0039999993;TOTAL GERAL DO ATIVO                              ; 0000018666019056,25
200505;01023570;BCO RABOBANK INTL BRASIL S.A.                               ;U;4010;0040000008;CIRCULANTE EXIGIVEL A LONGO PRAZO                 ; 0000003095325817,47
200505;01023570;BCO RABOBANK INTL BRASIL S.A.                               ;U;4010;0041000007;DEPOSITOS                                         ; 0000000149451924,50
200505;01023570;BCO RABOBANK INTL BRASIL S.A.                               ;U;4010;0041100000;DEPOSITOS A VISTA                                 ; 0000000000135314,50
200505;01023570;BCO RABOBANK INTL BRASIL S.A.                               ;U;4010;0041500002;DEPOSITOS A PRAZO                                 ; 0000000149202376,19
200505;01023570;BCO RABOBANK INTL BRASIL S.A.                               ;U;4010;0041900004;OUTROS DEPOSITOS                                  ; 0000000000114233,81
200505;01023570;BCO RABOBANK INTL BRASIL S.A.                               ;U;4010;0042000006;OBRIGACOES POR OPERACOES COMPROMISSADAS           ; 0000000073450605,56
200505;01023570;BCO RABOBANK INTL BRASIL S.A.                               ;U;4010;0042100009;CARTEIRA PROPRIA                                  ; 0000000073450605,56
200505;01023570;BCO RABOBANK INTL BRASIL S.A.                               ;U;4010;0044000004;RELACOES INTERFINANCEIRAS                         ; 0000000000064042,47
200505;01023570;BCO RABOBANK INTL BRASIL S.A.                               ;U;4010;0044100007;OBRIGAÇÕES JUNTO A PARTIC. DE SIST. DE LIQUIDACÃO ; 0000000000064042,47
200505;01023570;BCO RABOBANK INTL BRASIL S.A.                               ;U;4010;0045000003;RELACOES INTERDEPENDENCIAS                        ; 0000000023860045,15
200505;01023570;BCO RABOBANK INTL BRASIL S.A.                               ;U;4010;0045100006;RECURSOS EM TRANSITO DE TERCEIROS                 ; 0000000023860045,15
200505;01023570;BCO RABOBANK INTL BRASIL S.A.                               ;U;4010;0046000002;OBRIGACOES POR EMPRESTIMOS E REPASSES             ; 0000002239004045,08
200505;01023570;BCO RABOBANK INTL BRASIL S.A.                               ;U;4010;0046300001;EMPRESTIMOS NO EXTERIOR                           ; 0000000157577808,14
200505;01023570;BCO RABOBANK INTL BRASIL S.A.                               ;U;4010;0046400004;REPASSES DO PAIS - INSTITUICOES OFICIAIS          ; 0000000583373858,44
200505;01023570;BCO RABOBANK INTL BRASIL S.A.                               ;U;4010;0046600000;REPASSES DO EXTERIOR                              ; 0000001498052378,50
200505;01023570;BCO RABOBANK INTL BRASIL S.A.                               ;U;4010;0047000001;INSTRUMENTOS FINANCEIROS DERIVATIVOS              ; 0000000036667804,05
200505;01023570;BCO RABOBANK INTL BRASIL S.A.                               ;U;4010;0047100004;INSTRUMENTOS FINANCEIROS DERIVATIVOS              ; 0000000036667804,05
200505;01023570;BCO RABOBANK INTL BRASIL S.A.                               ;U;4010;0049000009;OUTRAS OBRIGACOES                                 ; 0000000572827350,66
200505;01023570;BCO RABOBANK INTL BRASIL S.A.                               ;U;4010;0049100002;COBRANCA E ARRECADACAO DE TRIBUTOS E ASSEMELHADOS ; 0000000000000730,41
200505;01023570;BCO RABOBANK INTL BRASIL S.A.                               ;U;4010;0049200005;CARTEIRA DE CAMBIO                                ; 0000000474078009,22
200505;01023570;BCO RABOBANK INTL BRASIL S.A.                               ;U;4010;0049400001;FISCAIS E PREVIDENCIARIAS                         ; 0000000003350530,55
200505;01023570;BCO RABOBANK INTL BRASIL S.A.                               ;U;4010;0049900006;DIVERSAS                                          ; 0000000095398080,48
200505;01023570;BCO RABOBANK INTL BRASIL S.A.                               ;U;4010;0050000005;RESULTADOS DE EXERCICIOS FUTUROS                  ; 0000000000019725,03
200505;01023570;BCO RABOBANK INTL BRASIL S.A.                               ;U;4010;0051000004;RECEITAS DE EXERCICIOS FUTUROS                    ; 0000000000019725,03
200505;01023570;BCO RABOBANK INTL BRASIL S.A.                               ;U;4010;0051100007;RECEITAS DE EXERCICIOS FUTUROS                    ; 0000000000019725,03
200505;01023570;BCO RABOBANK INTL BRASIL S.A.                               ;U;4010;0060000002;PATRIMONIO LIQUIDO                                ; 0000000228021192,48
200505;01023570;BCO RABOBANK INTL BRASIL S.A.                               ;U;4010;0061000001;PATRIMONIO LIQUIDO                                ; 0000000228021192,48
200505;01023570;BCO RABOBANK INTL BRASIL S.A.                               ;U;4010;0061100004;CAPITAL SOCIAL                                    ; 0000000166720266,62
200505;01023570;BCO RABOBANK INTL BRASIL S.A.                               ;U;4010;0061300000;RESERVAS DE CAPITAL                               ; 0000000001196507,31
200505;01023570;BCO RABOBANK INTL BRASIL S.A.                               ;U;4010;0061500006;RESERVAS DE LUCROS                                ; 0000000005949398,00
200505;01023570;BCO RABOBANK INTL BRASIL S.A.                               ;U;4010;0061600009;AJUSTES DE AVALIACAO PATRIMONIAL                  ; 0000000002347273,61
200505;01023570;BCO RABOBANK INTL BRASIL S.A.                               ;U;4010;0061800005;LUCROS OU PREJUIZOS ACUMULADOS                    ; 0000000051807746,94
200505;01023570;BCO RABOBANK INTL BRASIL S.A.                               ;U;4010;0070000009;CONTAS DE RESULTADO CREDORAS                      ; 0000001438655487,17
200505;01023570;BCO RABOBANK INTL BRASIL S.A.                               ;U;4010;0071000008;RECEITAS OPERACIONAIS                             ; 0000001438531932,65
200505;01023570;BCO RABOBANK INTL BRASIL S.A.                               ;U;4010;0071100001;RENDAS DE OPERACOES DE CREDITO                    ; 0000000023020287,39
200505;01023570;BCO RABOBANK INTL BRASIL S.A.                               ;U;4010;0071300007;RENDAS DE CAMBIO                                  ; 0000000358262776,78
200505;01023570;BCO RABOBANK INTL BRASIL S.A.                               ;U;4010;0071400000;RENDAS DE APLICACOES INTERFINANCEIRAS DE LIQUIDEZ ; 0000000009262710,52
200505;01023570;BCO RABOBANK INTL BRASIL S.A.                               ;U;4010;0071500003;RENDAS COM TIT. E VAL. MOB. E INST. FINANC. DERIV.; 0000000902564987,24
200505;01023570;BCO RABOBANK INTL BRASIL S.A.                               ;U;4010;0071700009;RENDAS DE PRESTACAO DE SERVICOS                   ; 0000000001217691,87
200505;01023570;BCO RABOBANK INTL BRASIL S.A.                               ;U;4010;0071900005;OUTRAS RECEITAS OPERACIONAIS                      ; 0000000144203478,85
200505;01023570;BCO RABOBANK INTL BRASIL S.A.                               ;U;4010;0073000006;RECEITAS NAO OPERACIONAIS                         ; 0000000000123554,52
200505;01023570;BCO RABOBANK INTL BRASIL S.A.                               ;U;4010;0073100009;LUCROS EM TRANSACOES COM VALORES E BENS           ; 0000000000119057,31
200505;01023570;BCO RABOBANK INTL BRASIL S.A.                               ;U;4010;0073900003;OUTRAS RECEITAS NAO OPERACIONAIS                  ; 0000000000004497,21
200505;01023570;BCO RABOBANK INTL BRASIL S.A.                               ;U;4010;0080000006;(-) CONTAS DE RESULTADO DEVEDORAS                 ;-0000001445064232,49
200505;01023570;BCO RABOBANK INTL BRASIL S.A.                               ;U;4010;0081000005;(-) DESPESAS OPERACIONAIS                         ;-0000001443944969,17
200505;01023570;BCO RABOBANK INTL BRASIL S.A.                               ;U;4010;0081100008;(-) DESPESAS DE CAPTACAO                          ;-0000000016670451,42
200505;01023570;BCO RABOBANK INTL BRASIL S.A.                               ;U;4010;0081200001;(-) DESP DE OBRIGACOES POR EMPRESTIMOS E REPASSES ;-0000000015541081,57
200505;01023570;BCO RABOBANK INTL BRASIL S.A.                               ;U;4010;0081400007;(-) DESPESAS DE CAMBIO                            ;-0000000372888003,26
200505;01023570;BCO RABOBANK INTL BRASIL S.A.                               ;U;4010;0081500000;(-) DESP. COM TIT. E VAL. MOB. E INST. FIN. DERIV.;-0000000999766599,21
200505;01023570;BCO RABOBANK INTL BRASIL S.A.                               ;U;4010;0081700006;(-) DESPESAS ADMINISTRATIVAS                      ;-0000000017030822,60
200505;01023570;BCO RABOBANK INTL BRASIL S.A.                               ;U;4010;0081800009;(-) APROVISIONAMENTOS E AJUSTES PATRIMONIAIS      ;-0000000010737307,25
200505;01023570;BCO RABOBANK INTL BRASIL S.A.                               ;U;4010;0081900002;(-) OUTRAS DESPESAS OPERACIONAIS                  ;-0000000011310703,86
200505;01023570;BCO RABOBANK INTL BRASIL S.A.                               ;U;4010;0083000003;(-) DESPESAS NAO OPERACIONAIS                     ;-0000000000024589,58
200505;01023570;BCO RABOBANK INTL BRASIL S.A.                               ;U;4010;0083100006;(-) PREJUIZOS EM TRANSACOES COM VALORES E BENS    ;-0000000000024589,58
200505;01023570;BCO RABOBANK INTL BRASIL S.A.                               ;U;4010;0089000007;(-) APURACAO DE RESULTADO                         ;-0000000001094673,74
200505;01023570;BCO RABOBANK INTL BRASIL S.A.                               ;U;4010;0089400009;(-) IMPOSTO DE RENDA                              ; 0000000002964030,60
200505;01023570;BCO RABOBANK INTL BRASIL S.A.                               ;U;4010;0089700008;(-) PARTICIPACOES NO LUCRO                        ;-0000000004058704,34
200505;01023570;BCO RABOBANK INTL BRASIL S.A.                               ;U;4010;0090000003;COMPENSACAO                                       ; 0000015349061066,59
200505;01023570;BCO RABOBANK INTL BRASIL S.A.                               ;U;4010;0090100006;COOBRIGACOES E RISCOS EM GARANTIAS PRESTADAS      ; 0000000004450562,68
200505;01023570;BCO RABOBANK INTL BRASIL S.A.                               ;U;4010;0090300002;TITULOS E VALORES MOBILIARIOS                     ; 0000003604690451,36
200505;01023570;BCO RABOBANK INTL BRASIL S.A.                               ;U;4010;0090400005;CUSTODIA DE VALORES                               ; 0000002452570344,09
200505;01023570;BCO RABOBANK INTL BRASIL S.A.                               ;U;4010;0090500008;COBRANCA                                          ; 0000000010451241,46
200505;01023570;BCO RABOBANK INTL BRASIL S.A.                               ;U;4010;0090600001;NEGOCIACAO E INTERMEDIACAO DE VALORES             ; 0000008395929465,96
200505;01023570;BCO RABOBANK INTL BRASIL S.A.                               ;U;4010;0090800007;CONTRATOS                                         ; 0000000006812105,98
200505;01023570;BCO RABOBANK INTL BRASIL S.A.                               ;U;4010;0090900000;CONTROLE                                          ; 0000000062856879,99
200505;01023570;BCO RABOBANK INTL BRASIL S.A.                               ;U;4010;0091000002;CLASSIFICACAO DA CARTEIRA DE CREDITOS             ; 0000000811300015,07
200505;01023570;BCO RABOBANK INTL BRASIL S.A.                               ;U;4010;0091100005;OPERACOES DE CREDITOS E ARRENDAMENTO MERCANTIL    ; 0000000811300015,07
200505;01023570;BCO RABOBANK INTL BRASIL S.A.                               ;U;4010;0099999995;TOTAL GERAL DO PASSIVO                            ; 0000018666019056,25
200505;01181521;BANCO COOPERATIVO SICREDI S.A.                              ;U;4010;0010000007;CIRCULANTE E REALIZAVEL A LONGO PRAZO             ; 0000002273517949,24
200505;01181521;BANCO COOPERATIVO SICREDI S.A.                              ;U;4010;0011000006;DISPONIBILIDADES                                  ; 0000000006422426,43
200505;01181521;BANCO COOPERATIVO SICREDI S.A.                              ;U;4010;0011100009;CAIXA                                             ; 0000000000289446,50
200505;01181521;BANCO COOPERATIVO SICREDI S.A.                              ;U;4010;0011300005;RESERVAS LIVRES                                   ; 0000000000288827,39
200505;01181521;BANCO COOPERATIVO SICREDI S.A.                              ;U;4010;0011500001;DISPONIBILIDADES EM MOEDAS ESTRANGEIRAS           ; 0000000005844152,54
200505;01181521;BANCO COOPERATIVO SICREDI S.A.                              ;U;4010;0012000005;APLICACOES INTERFINANCEIRAS DE LIQUIDEZ           ; 0000001237546687,71
200505;01181521;BANCO COOPERATIVO SICREDI S.A.                              ;U;4010;0012100008;APLICACOES EM OPERACOES COMPROMISSADAS            ; 0000001204497201,45
200505;01181521;BANCO COOPERATIVO SICREDI S.A.                              ;U;4010;0012200001;APLICACOES EM DEPOSITOS INTERFINANCEIROS          ; 0000000033049486,26
200505;01181521;BANCO COOPERATIVO SICREDI S.A.                              ;U;4010;0013000004;TITULOS E VAL. MOB. E INST. FINANC. DERIVATIVOS   ; 0000000071276987,97
200505;01181521;BANCO COOPERATIVO SICREDI S.A.                              ;U;4010;0013100007;LIVRES                                            ; 0000000009541822,84
200505;01181521;BANCO COOPERATIVO SICREDI S.A.                              ;U;4010;0013300003;INSTRUMENTOS FINANCEIROS DERIVATIVOS              ; 0000000000002221,06
200505;01181521;BANCO COOPERATIVO SICREDI S.A.                              ;U;4010;0013600002;VINCULADOS A PRESTACAO DE GARANTIAS               ; 0000000061732944,07
200505;01181521;BANCO COOPERATIVO SICREDI S.A.                              ;U;4010;0014000003;RELACOES INTERFINANCEIRAS                         ; 0000000021674564,93
200505;01181521;BANCO COOPERATIVO SICREDI S.A.                              ;U;4010;0014100006;DIREITOS JUNTO A PARTIC. DE SISTEMAS DE LIQUIDAÇÃO; 0000000000337903,73
200505;01181521;BANCO COOPERATIVO SICREDI S.A.                              ;U;4010;0014200009;CREDITOS VINCULADOS                               ; 0000000019899836,94
200505;01181521;BANCO COOPERATIVO SICREDI S.A.                              ;U;4010;0014400005;RELACOES COM CORRESPONDENTES                      ; 0000000001436824,26
200505;01181521;BANCO COOPERATIVO SICREDI S.A.                              ;U;4010;0016000001;OPERACOES DE CREDITO                              ; 0000000881337514,97
200505;01181521;BANCO COOPERATIVO SICREDI S.A.                              ;U;4010;0016100004;EMPRESTIMOS E TITULOS DESCONTADOS                 ; 0000000017693175,88
200505;01181521;BANCO COOPERATIVO SICREDI S.A.                              ;U;4010;0016200007;FINANCIAMENTOS                                    ; 0000000003425622,59
200505;01181521;BANCO COOPERATIVO SICREDI S.A.                              ;U;4010;0016300000;FINANCIAMENTOS RURAIS E AGROINDUSTRIAIS           ; 0000000861157606,11
200505;01181521;BANCO COOPERATIVO SICREDI S.A.                              ;U;4010;0016900008;(-) PROVISOES PARA OPERACOES DE CREDITO           ;-0000000000938889,61
200505;01181521;BANCO COOPERATIVO SICREDI S.A.                              ;U;4010;0018000009;OUTROS CREDITOS                                   ; 0000000055154791,56
200505;01181521;BANCO COOPERATIVO SICREDI S.A.                              ;U;4010;0018200005;CARTEIRA DE CAMBIO                                ; 0000000030086993,13
200505;01181521;BANCO COOPERATIVO SICREDI S.A.                              ;U;4010;0018300008;RENDAS A RECEBER                                  ; 0000000002992562,37
200505;01181521;BANCO COOPERATIVO SICREDI S.A.                              ;U;4010;0018800003;DIVERSOS                                          ; 0000000022571456,67
200505;01181521;BANCO COOPERATIVO SICREDI S.A.                              ;U;4010;0018900006;(-) PROVISOES PARA OUTROS CREDITOS                ;-0000000000496220,61
200505;01181521;BANCO COOPERATIVO SICREDI S.A.                              ;U;4010;0019000008;OUTROS VALORES E BENS                             ; 0000000000104975,67
200505;01181521;BANCO COOPERATIVO SICREDI S.A.                              ;U;4010;0019800002;OUTROS VALORES E BENS                             ; 0000000000036000,00
200505;01181521;BANCO COOPERATIVO SICREDI S.A.                              ;U;4010;0019900005;DESPESAS ANTECIPADAS                              ; 0000000000068975,67
200505;01181521;BANCO COOPERATIVO SICREDI S.A.                              ;U;4010;0020000004;PERMANENTE                                        ; 0000000044091521,77
200505;01181521;BANCO COOPERATIVO SICREDI S.A.                              ;U;4010;0021000003;INVESTIMENTOS                                     ; 0000000036924854,60
200505;01181521;BANCO COOPERATIVO SICREDI S.A.                              ;U;4010;0021200009;PARTICIPACOES EM COLIGADAS E CONTROLADAS NO PAIS  ; 0000000036886239,60
200505;01181521;BANCO COOPERATIVO SICREDI S.A.                              ;U;4010;0021400005;TITULOS PATRIMONIAIS                              ; 0000000000018965,00
200505;01181521;BANCO COOPERATIVO SICREDI S.A.                              ;U;4010;0021500008;ACOES E COTAS                                     ; 0000000000002650,00
200505;01181521;BANCO COOPERATIVO SICREDI S.A.                              ;U;4010;0021900000;OUTROS INVESTIMENTOS                              ; 0000000000017000,00
200505;01181521;BANCO COOPERATIVO SICREDI S.A.                              ;U;4010;0022000002;IMOBILIZADO DE USO                                ; 0000000006362134,77
200505;01181521;BANCO COOPERATIVO SICREDI S.A.                              ;U;4010;0022300001;IMOVEIS DE USO                                    ; 0000000004396567,41
200505;01181521;BANCO COOPERATIVO SICREDI S.A.                              ;U;4010;0022400004;INSTALACOES, MOVEIS E EQUIPAMENTOS DE USO         ; 0000000001238195,58
200505;01181521;BANCO COOPERATIVO SICREDI S.A.                              ;U;4010;0022900009;OUTROS                                            ; 0000000000727371,78
200505;01181521;BANCO COOPERATIVO SICREDI S.A.                              ;U;4010;0024000000;DIFERIDO                                          ; 0000000000804532,40
200505;01181521;BANCO COOPERATIVO SICREDI S.A.                              ;U;4010;0024100003;GASTOS DE ORGANIZACAO E EXPANSAO                  ; 0000000000804532,40
200505;01181521;BANCO COOPERATIVO SICREDI S.A.                              ;U;4010;0030000001;COMPENSACAO                                       ; 0000032055490922,61
200505;01181521;BANCO COOPERATIVO SICREDI S.A.                              ;U;4010;0030100004;COOBRIGACOES E RISCOS EM GARANTIAS PRESTADAS      ; 0000000006461226,00
200505;01181521;BANCO COOPERATIVO SICREDI S.A.                              ;U;4010;0030300000;TITULOS E VALORES MOBILIARIOS                     ; 0000001347034092,24
200505;01181521;BANCO COOPERATIVO SICREDI S.A.                              ;U;4010;0030400003;CUSTODIA DE VALORES                               ; 0000001243079417,63
200505;01181521;BANCO COOPERATIVO SICREDI S.A.                              ;U;4010;0030500006;COBRANCA                                          ; 0000002888004341,16
200505;01181521;BANCO COOPERATIVO SICREDI S.A.                              ;U;4010;0030600009;NEGOCIACAO E INTERMEDIACAO DE VALORES             ; 0000000000162760,89
200505;01181521;BANCO COOPERATIVO SICREDI S.A.                              ;U;4010;0030800005;CONTRATOS                                         ; 0000000653942818,03
200505;01181521;BANCO COOPERATIVO SICREDI S.A.                              ;U;4010;0030900008;CONTROLE                                          ; 0000025001362104,23
200505;01181521;BANCO COOPERATIVO SICREDI S.A.                              ;U;4010;0031000000;CLASSIFICACAO DA CARTEIRA DE CREDITOS             ; 0000000915444162,43
200505;01181521;BANCO COOPERATIVO SICREDI S.A.                              ;U;4010;0031100003;OPERACOES DE RISCO NIVEL AA                       ; 0000000822702341,78
200505;01181521;BANCO COOPERATIVO SICREDI S.A.                              ;U;4010;0031200006;OPERACOES DE RISCO NIVEL A                        ; 0000000066952776,38
200505;01181521;BANCO COOPERATIVO SICREDI S.A.                              ;U;4010;0031300009;OPERACOES DE RISCO NIVELB                         ; 0000000017502867,23
200505;01181521;BANCO COOPERATIVO SICREDI S.A.                              ;U;4010;0031400002;OPERACOES DE RISCO NIVELC                         ; 0000000006904389,15
200505;01181521;BANCO COOPERATIVO SICREDI S.A.                              ;U;4010;0031500005;OPERACOES DE RISCO NIVEL D                        ; 0000000000603660,91
200505;01181521;BANCO COOPERATIVO SICREDI S.A.                              ;U;4010;0031600008;OPERACOES DE RISCO NIVEL E                        ; 0000000000173963,06
200505;01181521;BANCO COOPERATIVO SICREDI S.A.                              ;U;4010;0031900007;OPERACOES DE RISCO NIVEL H                        ; 0000000000604163,92
200505;01181521;BANCO COOPERATIVO SICREDI S.A.                              ;U;4010;0039999993;TOTAL GERAL DO ATIVO                              ; 0000034373100393,62
200505;01181521;BANCO COOPERATIVO SICREDI S.A.                              ;U;4010;0040000008;CIRCULANTE EXIGIVEL A LONGO PRAZO                 ; 0000002232121794,32
200505;01181521;BANCO COOPERATIVO SICREDI S.A.                              ;U;4010;0041000007;DEPOSITOS                                         ; 0000000595039041,48
200505;01181521;BANCO COOPERATIVO SICREDI S.A.                              ;U;4010;0041100000;DEPOSITOS A VISTA                                 ; 0000000012627590,64
200505;01181521;BANCO COOPERATIVO SICREDI S.A.                              ;U;4010;0041200003;DEPOSITOS DE POUPANCA                             ; 0000000031274405,84
200505;01181521;BANCO COOPERATIVO SICREDI S.A.                              ;U;4010;0041300006;DEPOSITOS INTERFINANCEIROS                        ; 0000000269265038,81
200505;01181521;BANCO COOPERATIVO SICREDI S.A.                              ;U;4010;0041500002;DEPOSITOS A PRAZO                                 ; 0000000281872006,19
200505;01181521;BANCO COOPERATIVO SICREDI S.A.                              ;U;4010;0042000006;OBRIGACOES POR OPERACOES COMPROMISSADAS           ; 0000001169908907,25
200505;01181521;BANCO COOPERATIVO SICREDI S.A.                              ;U;4010;0042200002;CARTEIRA DE TERCEIROS                             ; 0000001169908907,25
200505;01181521;BANCO COOPERATIVO SICREDI S.A.                              ;U;4010;0044000004;RELACOES INTERFINANCEIRAS                         ; 0000000001268652,80
200505;01181521;BANCO COOPERATIVO SICREDI S.A.                              ;U;4010;0044100007;OBRIGAÇÕES JUNTO A PARTIC. DE SIST. DE LIQUIDACÃO ; 0000000001268652,80
200505;01181521;BANCO COOPERATIVO SICREDI S.A.                              ;U;4010;0045000003;RELACOES INTERDEPENDENCIAS                        ; 0000000004321628,57
200505;01181521;BANCO COOPERATIVO SICREDI S.A.                              ;U;4010;0045100006;RECURSOS EM TRANSITO DE TERCEIROS                 ; 0000000004321628,57
200505;01181521;BANCO COOPERATIVO SICREDI S.A.                              ;U;4010;0046000002;OBRIGACOES POR EMPRESTIMOS E REPASSES             ; 0000000388560066,20
200505;01181521;BANCO COOPERATIVO SICREDI S.A.                              ;U;4010;0046300001;EMPRESTIMOS NO EXTERIOR                           ; 0000000028258622,55
200505;01181521;BANCO COOPERATIVO SICREDI S.A.                              ;U;4010;0046400004;REPASSES DO PAIS - INSTITUICOES OFICIAIS          ; 0000000360301443,65
200505;01181521;BANCO COOPERATIVO SICREDI S.A.                              ;U;4010;0047000001;INSTRUMENTOS FINANCEIROS DERIVATIVOS              ; 0000000000002505,24
200505;01181521;BANCO COOPERATIVO SICREDI S.A.                              ;U;4010;0047100004;INSTRUMENTOS FINANCEIROS DERIVATIVOS              ; 0000000000002505,24
200505;01181521;BANCO COOPERATIVO SICREDI S.A.                              ;U;4010;0049000009;OUTRAS OBRIGACOES                                 ; 0000000073020992,78
200505;01181521;BANCO COOPERATIVO SICREDI S.A.                              ;U;4010;0049100002;COBRANCA E ARRECADACAO DE TRIBUTOS E ASSEMELHADOS ; 0000000000288443,41
200505;01181521;BANCO COOPERATIVO SICREDI S.A.                              ;U;4010;0049200005;CARTEIRA DE CAMBIO                                ; 0000000001387160,65
200505;01181521;BANCO COOPERATIVO SICREDI S.A.                              ;U;4010;0049400001;FISCAIS E PREVIDENCIARIAS                         ; 0000000001114991,46
200505;01181521;BANCO COOPERATIVO SICREDI S.A.                              ;U;4010;0049900006;DIVERSAS                                          ; 0000000070230397,26
200505;01181521;BANCO COOPERATIVO SICREDI S.A.                              ;U;4010;0060000002;PATRIMONIO LIQUIDO                                ; 0000000081938733,97
200505;01181521;BANCO COOPERATIVO SICREDI S.A.                              ;U;4010;0061000001;PATRIMONIO LIQUIDO                                ; 0000000081938733,97
200505;01181521;BANCO COOPERATIVO SICREDI S.A.                              ;U;4010;0061100004;CAPITAL SOCIAL                                    ; 0000000080200400,00
200505;01181521;BANCO COOPERATIVO SICREDI S.A.                              ;U;4010;0061500006;RESERVAS DE LUCROS                                ; 0000000001738333,97
200505;01181521;BANCO COOPERATIVO SICREDI S.A.                              ;U;4010;0070000009;CONTAS DE RESULTADO CREDORAS                      ; 0000000132720940,19
200505;01181521;BANCO COOPERATIVO SICREDI S.A.                              ;U;4010;0071000008;RECEITAS OPERACIONAIS                             ; 0000000131252253,90
200505;01181521;BANCO COOPERATIVO SICREDI S.A.                              ;U;4010;0071100001;RENDAS DE OPERACOES DE CREDITO                    ; 0000000036012861,52
200505;01181521;BANCO COOPERATIVO SICREDI S.A.                              ;U;4010;0071300007;RENDAS DE CAMBIO                                  ; 0000000002248011,39
200505;01181521;BANCO COOPERATIVO SICREDI S.A.                              ;U;4010;0071400000;RENDAS DE APLICACOES INTERFINANCEIRAS DE LIQUIDEZ ; 0000000076609698,61
200505;01181521;BANCO COOPERATIVO SICREDI S.A.                              ;U;4010;0071500003;RENDAS COM TIT. E VAL. MOB. E INST. FINANC. DERIV.; 0000000005125883,63
200505;01181521;BANCO COOPERATIVO SICREDI S.A.                              ;U;4010;0071700009;RENDAS DE PRESTACAO DE SERVICOS                   ; 0000000007010475,87
200505;01181521;BANCO COOPERATIVO SICREDI S.A.                              ;U;4010;0071800002;RENDAS DE PARTICIPACOES                           ; 0000000000406293,16
200505;01181521;BANCO COOPERATIVO SICREDI S.A.                              ;U;4010;0071900005;OUTRAS RECEITAS OPERACIONAIS                      ; 0000000003839029,72
200505;01181521;BANCO COOPERATIVO SICREDI S.A.                              ;U;4010;0073000006;RECEITAS NAO OPERACIONAIS                         ; 0000000001468686,29
200505;01181521;BANCO COOPERATIVO SICREDI S.A.                              ;U;4010;0073100009;LUCROS EM TRANSACOES COM VALORES E BENS           ; 0000000001468686,29
200505;01181521;BANCO COOPERATIVO SICREDI S.A.                              ;U;4010;0080000006;(-) CONTAS DE RESULTADO DEVEDORAS                 ;-0000000129171997,47
200505;01181521;BANCO COOPERATIVO SICREDI S.A.                              ;U;4010;0081000005;(-) DESPESAS OPERACIONAIS                         ;-0000000127338064,69
200505;01181521;BANCO COOPERATIVO SICREDI S.A.                              ;U;4010;0081100008;(-) DESPESAS DE CAPTACAO                          ;-0000000099261419,85
200505;01181521;BANCO COOPERATIVO SICREDI S.A.                              ;U;4010;0081200001;(-) DESP DE OBRIGACOES POR EMPRESTIMOS E REPASSES ;-0000000009122401,99
200505;01181521;BANCO COOPERATIVO SICREDI S.A.                              ;U;4010;0081400007;(-) DESPESAS DE CAMBIO                            ;-0000000002787823,85
200505;01181521;BANCO COOPERATIVO SICREDI S.A.                              ;U;4010;0081500000;(-) DESP. COM TIT. E VAL. MOB. E INST. FIN. DERIV.;-0000000000013350,00
200505;01181521;BANCO COOPERATIVO SICREDI S.A.                              ;U;4010;0081700006;(-) DESPESAS ADMINISTRATIVAS                      ;-0000000013411314,00
200505;01181521;BANCO COOPERATIVO SICREDI S.A.                              ;U;4010;0081800009;(-) APROVISIONAMENTOS E AJUSTES PATRIMONIAIS      ;-0000000000432041,88
200505;01181521;BANCO COOPERATIVO SICREDI S.A.                              ;U;4010;0081900002;(-) OUTRAS DESPESAS OPERACIONAIS                  ;-0000000002309713,12
200505;01181521;BANCO COOPERATIVO SICREDI S.A.                              ;U;4010;0083000003;(-) DESPESAS NAO OPERACIONAIS                     ;-0000000000029958,60
200505;01181521;BANCO COOPERATIVO SICREDI S.A.                              ;U;4010;0083100006;(-) PREJUIZOS EM TRANSACOES COM VALORES E BENS    ;-0000000000013724,72
200505;01181521;BANCO COOPERATIVO SICREDI S.A.                              ;U;4010;0083900000;(-) OUTRAS DESPESAS NAO OPERACIONAIS              ;-0000000000016233,88
200505;01181521;BANCO COOPERATIVO SICREDI S.A.                              ;U;4010;0089000007;(-) APURACAO DE RESULTADO                         ;-0000000001803974,18
200505;01181521;BANCO COOPERATIVO SICREDI S.A.                              ;U;4010;0089400009;(-) IMPOSTO DE RENDA                              ;-0000000001803974,18
200505;01181521;BANCO COOPERATIVO SICREDI S.A.                              ;U;4010;0090000003;COMPENSACAO                                       ; 0000032055490922,61
200505;01181521;BANCO COOPERATIVO SICREDI S.A.                              ;U;4010;0090100006;COOBRIGACOES E RISCOS EM GARANTIAS PRESTADAS      ; 0000000006461226,00
200505;01181521;BANCO COOPERATIVO SICREDI S.A.                              ;U;4010;0090300002;TITULOS E VALORES MOBILIARIOS                     ; 0000001347034092,24
200505;01181521;BANCO COOPERATIVO SICREDI S.A.                              ;U;4010;0090400005;CUSTODIA DE VALORES                               ; 0000001243079417,63
200505;01181521;BANCO COOPERATIVO SICREDI S.A.                              ;U;4010;0090500008;COBRANCA                                          ; 0000002888004341,16
200505;01181521;BANCO COOPERATIVO SICREDI S.A.                              ;U;4010;0090600001;NEGOCIACAO E INTERMEDIACAO DE VALORES             ; 0000000000162760,89
200505;01181521;BANCO COOPERATIVO SICREDI S.A.                              ;U;4010;0090800007;CONTRATOS                                         ; 0000000653942818,03
200505;01181521;BANCO COOPERATIVO SICREDI S.A.                              ;U;4010;0090900000;CONTROLE                                          ; 0000025001362104,23
200505;01181521;BANCO COOPERATIVO SICREDI S.A.                              ;U;4010;0091000002;CLASSIFICACAO DA CARTEIRA DE CREDITOS             ; 0000000915444162,43
200505;01181521;BANCO COOPERATIVO SICREDI S.A.                              ;U;4010;0091100005;OPERACOES DE CREDITOS E ARRENDAMENTO MERCANTIL    ; 0000000915444162,43
200505;01181521;BANCO COOPERATIVO SICREDI S.A.                              ;U;4010;0099999995;TOTAL GERAL DO PASSIVO                            ; 0000034373100393,62
200505;01522368;BCO BNP PARIBAS BRASIL S A                                  ;U;4010;0010000007;CIRCULANTE E REALIZAVEL A LONGO PRAZO             ; 0000006722704337,22
200505;01522368;BCO BNP PARIBAS BRASIL S A                                  ;U;4010;0011000006;DISPONIBILIDADES                                  ; 0000000010764105,68
200505;01522368;BCO BNP PARIBAS BRASIL S A                                  ;U;4010;0011300005;RESERVAS LIVRES                                   ; 0000000000119988,13
200505;01522368;BCO BNP PARIBAS BRASIL S A                                  ;U;4010;0011500001;DISPONIBILIDADES EM MOEDAS ESTRANGEIRAS           ; 0000000010644117,55
200505;01522368;BCO BNP PARIBAS BRASIL S A                                  ;U;4010;0012000005;APLICACOES INTERFINANCEIRAS DE LIQUIDEZ           ; 0000001207476655,13
200505;01522368;BCO BNP PARIBAS BRASIL S A                                  ;U;4010;0012100008;APLICACOES EM OPERACOES COMPROMISSADAS            ; 0000000426521213,31
200505;01522368;BCO BNP PARIBAS BRASIL S A                                  ;U;4010;0012200001;APLICACOES EM DEPOSITOS INTERFINANCEIROS          ; 0000000708865441,82
200505;01522368;BCO BNP PARIBAS BRASIL S A                                  ;U;4010;0012600003;APLICA OES EM MOEDAS ESTRANGEIRAS                 ; 0000000072090000,00
200505;01522368;BCO BNP PARIBAS BRASIL S A                                  ;U;4010;0013000004;TITULOS E VAL. MOB. E INST. FINANC. DERIVATIVOS   ; 0000002152369623,17
200505;01522368;BCO BNP PARIBAS BRASIL S A                                  ;U;4010;0013100007;LIVRES                                            ; 0000000379916650,90
200505;01522368;BCO BNP PARIBAS BRASIL S A                                  ;U;4010;0013200000;VINCULADOS A OPERACOES COMPROMISSADAS             ; 0000000654078947,35
200505;01522368;BCO BNP PARIBAS BRASIL S A                                  ;U;4010;0013300003;INSTRUMENTOS FINANCEIROS DERIVATIVOS              ; 0000000663464758,90
200505;01522368;BCO BNP PARIBAS BRASIL S A                                  ;U;4010;0013600002;VINCULADOS A PRESTACAO DE GARANTIAS               ; 0000000454909266,02
200505;01522368;BCO BNP PARIBAS BRASIL S A                                  ;U;4010;0014000003;RELACOES INTERFINANCEIRAS                         ; 0000000002044762,27
200505;01522368;BCO BNP PARIBAS BRASIL S A                                  ;U;4010;0014100006;DIREITOS JUNTO A PARTIC. DE SISTEMAS DE LIQUIDAÇÃO; 0000000000040168,78
200505;01522368;BCO BNP PARIBAS BRASIL S A                                  ;U;4010;0014200009;CREDITOS VINCULADOS                               ; 0000000002004593,49
200505;01522368;BCO BNP PARIBAS BRASIL S A                                  ;U;4010;0016000001;OPERACOES DE CREDITO                              ; 0000000666714607,14
200505;01522368;BCO BNP PARIBAS BRASIL S A                                  ;U;4010;0016100004;EMPRESTIMOS E TITULOS DESCONTADOS                 ; 0000000347256191,13
200505;01522368;BCO BNP PARIBAS BRASIL S A                                  ;U;4010;0016200007;FINANCIAMENTOS                                    ; 0000000319815385,47
200505;01522368;BCO BNP PARIBAS BRASIL S A                                  ;U;4010;0016900008;(-) PROVISOES PARA OPERACOES DE CREDITO           ;-0000000000356969,46
200505;01522368;BCO BNP PARIBAS BRASIL S A                                  ;U;4010;0018000009;OUTROS CREDITOS                                   ; 0000002681939496,05
200505;01522368;BCO BNP PARIBAS BRASIL S A                                  ;U;4010;0018200005;CARTEIRA DE CAMBIO                                ; 0000002639219860,04
200505;01522368;BCO BNP PARIBAS BRASIL S A                                  ;U;4010;0018300008;RENDAS A RECEBER                                  ; 0000000011669948,69
200505;01522368;BCO BNP PARIBAS BRASIL S A                                  ;U;4010;0018400001;NEGOCIACAO E INTERMEDIACAO DE VALORES             ; 0000000015064572,79
200505;01522368;BCO BNP PARIBAS BRASIL S A                                  ;U;4010;0018800003;DIVERSOS                                          ; 0000000015985114,53
200505;01522368;BCO BNP PARIBAS BRASIL S A                                  ;U;4010;0019000008;OUTROS VALORES E BENS                             ; 0000000001395087,78
200505;01522368;BCO BNP PARIBAS BRASIL S A                                  ;U;4010;0019900005;DESPESAS ANTECIPADAS                              ; 0000000001395087,78
200505;01522368;BCO BNP PARIBAS BRASIL S A                                  ;U;4010;0020000004;PERMANENTE                                        ; 0000000032566004,09
200505;01522368;BCO BNP PARIBAS BRASIL S A                                  ;U;4010;0021000003;INVESTIMENTOS                                     ; 0000000020250732,24
200505;01522368;BCO BNP PARIBAS BRASIL S A                                  ;U;4010;0021200009;PARTICIPACOES EM COLIGADAS E CONTROLADAS NO PAIS  ; 0000000016417974,02
200505;01522368;BCO BNP PARIBAS BRASIL S A                                  ;U;4010;0021400005;TITULOS PATRIMONIAIS                              ; 0000000003790529,22
200505;01522368;BCO BNP PARIBAS BRASIL S A                                  ;U;4010;0021900000;OUTROS INVESTIMENTOS                              ; 0000000000042229,00
200505;01522368;BCO BNP PARIBAS BRASIL S A                                  ;U;4010;0022000002;IMOBILIZADO DE USO                                ; 0000000007383722,38
200505;01522368;BCO BNP PARIBAS BRASIL S A                                  ;U;4010;0022400004;INSTALACOES, MOVEIS E EQUIPAMENTOS DE USO         ; 0000000001718934,46
200505;01522368;BCO BNP PARIBAS BRASIL S A                                  ;U;4010;0022900009;OUTROS                                            ; 0000000005664787,92
200505;01522368;BCO BNP PARIBAS BRASIL S A                                  ;U;4010;0024000000;DIFERIDO                                          ; 0000000004931549,47
200505;01522368;BCO BNP PARIBAS BRASIL S A                                  ;U;4010;0024100003;GASTOS DE ORGANIZACAO E EXPANSAO                  ; 0000000004931549,47
200505;01522368;BCO BNP PARIBAS BRASIL S A                                  ;U;4010;0030000001;COMPENSACAO                                       ; 0000062631628899,11
200505;01522368;BCO BNP PARIBAS BRASIL S A                                  ;U;4010;0030100004;COOBRIGACOES E RISCOS EM GARANTIAS PRESTADAS      ; 0000001267331761,58
200505;01522368;BCO BNP PARIBAS BRASIL S A                                  ;U;4010;0030300000;TITULOS E VALORES MOBILIARIOS                     ; 0000002977809728,54
200505;01522368;BCO BNP PARIBAS BRASIL S A                                  ;U;4010;0030400003;CUSTODIA DE VALORES                               ; 0000006303728057,14
200505;01522368;BCO BNP PARIBAS BRASIL S A                                  ;U;4010;0030500006;COBRANCA                                          ; 0000000101595329,94
200505;01522368;BCO BNP PARIBAS BRASIL S A                                  ;U;4010;0030600009;NEGOCIACAO E INTERMEDIACAO DE VALORES             ; 0000037805578827,19
200505;01522368;BCO BNP PARIBAS BRASIL S A                                  ;U;4010;0030800005;CONTRATOS                                         ; 0000011980300706,68
200505;01522368;BCO BNP PARIBAS BRASIL S A                                  ;U;4010;0030900008;CONTROLE                                          ; 0000001457427912,00
200505;01522368;BCO BNP PARIBAS BRASIL S A                                  ;U;4010;0031000000;CLASSIFICACAO DA CARTEIRA DE CREDITOS             ; 0000000737856576,04
200505;01522368;BCO BNP PARIBAS BRASIL S A                                  ;U;4010;0031100003;OPERACOES DE RISCO NIVEL AA                       ; 0000000666562647,27
200505;01522368;BCO BNP PARIBAS BRASIL S A                                  ;U;4010;0031200006;OPERACOES DE RISCO NIVEL A                        ; 0000000071193963,54
200505;01522368;BCO BNP PARIBAS BRASIL S A                                  ;U;4010;0031300009;OPERACOES DE RISCO NIVELB                         ; 0000000000099965,23
200505;01522368;BCO BNP PARIBAS BRASIL S A                                  ;U;4010;0039999993;TOTAL GERAL DO ATIVO                              ; 0000069386899240,42
200505;01522368;BCO BNP PARIBAS BRASIL S A                                  ;U;4010;0040000008;CIRCULANTE EXIGIVEL A LONGO PRAZO                 ; 0000006181622329,07
200505;01522368;BCO BNP PARIBAS BRASIL S A                                  ;U;4010;0041000007;DEPOSITOS                                         ; 0000001162396455,50
200505;01522368;BCO BNP PARIBAS BRASIL S A                                  ;U;4010;0041100000;DEPOSITOS A VISTA                                 ; 0000000006365173,25
200505;01522368;BCO BNP PARIBAS BRASIL S A                                  ;U;4010;0041300006;DEPOSITOS INTERFINANCEIROS                        ; 0000000066943557,41
200505;01522368;BCO BNP PARIBAS BRASIL S A                                  ;U;4010;0041500002;DEPOSITOS A PRAZO                                 ; 0000001089060224,55
200505;01522368;BCO BNP PARIBAS BRASIL S A                                  ;U;4010;0041900004;OUTROS DEPOSITOS                                  ; 0000000000027500,29
200505;01522368;BCO BNP PARIBAS BRASIL S A                                  ;U;4010;0042000006;OBRIGACOES POR OPERACOES COMPROMISSADAS           ; 0000000800910369,94
200505;01522368;BCO BNP PARIBAS BRASIL S A                                  ;U;4010;0042100009;CARTEIRA PROPRIA                                  ; 0000000652717052,76
200505;01522368;BCO BNP PARIBAS BRASIL S A                                  ;U;4010;0042200002;CARTEIRA DE TERCEIROS                             ; 0000000148193317,18
200505;01522368;BCO BNP PARIBAS BRASIL S A                                  ;U;4010;0043000005;RECURSOS ACEITES CAMB,LI E HIP.,DEBENT.E SIMILARES; 0000000146244800,90
200505;01522368;BCO BNP PARIBAS BRASIL S A                                  ;U;4010;0043500000;OBRIGACOES P/TITULOS E VALS.MOBILIARIOS EXTERIOR  ; 0000000146244800,90
200505;01522368;BCO BNP PARIBAS BRASIL S A                                  ;U;4010;0044000004;RELACOES INTERFINANCEIRAS                         ; 0000000000329472,60
200505;01522368;BCO BNP PARIBAS BRASIL S A                                  ;U;4010;0044100007;OBRIGAÇÕES JUNTO A PARTIC. DE SIST. DE LIQUIDACÃO ; 0000000000329472,60
200505;01522368;BCO BNP PARIBAS BRASIL S A                                  ;U;4010;0045000003;RELACOES INTERDEPENDENCIAS                        ; 0000000006529590,83
200505;01522368;BCO BNP PARIBAS BRASIL S A                                  ;U;4010;0045100006;RECURSOS EM TRANSITO DE TERCEIROS                 ; 0000000006529590,83
200505;01522368;BCO BNP PARIBAS BRASIL S A                                  ;U;4010;0046000002;OBRIGACOES POR EMPRESTIMOS E REPASSES             ; 0000000573687329,73
200505;01522368;BCO BNP PARIBAS BRASIL S A                                  ;U;4010;0046300001;EMPRESTIMOS NO EXTERIOR                           ; 0000000380273175,12
200505;01522368;BCO BNP PARIBAS BRASIL S A                                  ;U;4010;0046400004;REPASSES DO PAIS - INSTITUICOES OFICIAIS          ; 0000000001054874,07
200505;01522368;BCO BNP PARIBAS BRASIL S A                                  ;U;4010;0046600000;REPASSES DO EXTERIOR                              ; 0000000192359280,54
200505;01522368;BCO BNP PARIBAS BRASIL S A                                  ;U;4010;0047000001;INSTRUMENTOS FINANCEIROS DERIVATIVOS              ; 0000000376857528,39
200505;01522368;BCO BNP PARIBAS BRASIL S A                                  ;U;4010;0047100004;INSTRUMENTOS FINANCEIROS DERIVATIVOS              ; 0000000376857528,39
200505;01522368;BCO BNP PARIBAS BRASIL S A                                  ;U;4010;0049000009;OUTRAS OBRIGACOES                                 ; 0000003114666781,18
200505;01522368;BCO BNP PARIBAS BRASIL S A                                  ;U;4010;0049100002;COBRANCA E ARRECADACAO DE TRIBUTOS E ASSEMELHADOS ; 0000000000001232,97
200505;01522368;BCO BNP PARIBAS BRASIL S A                                  ;U;4010;0049200005;CARTEIRA DE CAMBIO                                ; 0000002838203635,35
200505;01522368;BCO BNP PARIBAS BRASIL S A                                  ;U;4010;0049300008;SOCIAIS E ESTATUTARIAS                            ; 0000000009050000,00
200505;01522368;BCO BNP PARIBAS BRASIL S A                                  ;U;4010;0049400001;FISCAIS E PREVIDENCIARIAS                         ; 0000000070202572,39
200505;01522368;BCO BNP PARIBAS BRASIL S A                                  ;U;4010;0049900006;DIVERSAS                                          ; 0000000197209340,47
200505;01522368;BCO BNP PARIBAS BRASIL S A                                  ;U;4010;0050000005;RESULTADOS DE EXERCICIOS FUTUROS                  ; 0000000003073022,58
200505;01522368;BCO BNP PARIBAS BRASIL S A                                  ;U;4010;0051000004;RECEITAS DE EXERCICIOS FUTUROS                    ; 0000000003073022,58
200505;01522368;BCO BNP PARIBAS BRASIL S A                                  ;U;4010;0051100007;RECEITAS DE EXERCICIOS FUTUROS                    ; 0000000003073022,58
200505;01522368;BCO BNP PARIBAS BRASIL S A                                  ;U;4010;0060000002;PATRIMONIO LIQUIDO                                ; 0000000536555063,57
200505;01522368;BCO BNP PARIBAS BRASIL S A                                  ;U;4010;0061000001;PATRIMONIO LIQUIDO                                ; 0000000536555063,57
200505;01522368;BCO BNP PARIBAS BRASIL S A                                  ;U;4010;0061100004;CAPITAL SOCIAL                                    ; 0000000190311000,00
200505;01522368;BCO BNP PARIBAS BRASIL S A                                  ;U;4010;0061300000;RESERVAS DE CAPITAL                               ; 0000000002047623,84
200505;01522368;BCO BNP PARIBAS BRASIL S A                                  ;U;4010;0061500006;RESERVAS DE LUCROS                                ; 0000000022683519,43
200505;01522368;BCO BNP PARIBAS BRASIL S A                                  ;U;4010;0061600009;AJUSTES DE AVALIACAO PATRIMONIAL                  ;-0000000000190160,82
200505;01522368;BCO BNP PARIBAS BRASIL S A                                  ;U;4010;0061800005;LUCROS OU PREJUIZOS ACUMULADOS                    ; 0000000321703081,12
200505;01522368;BCO BNP PARIBAS BRASIL S A                                  ;U;4010;0070000009;CONTAS DE RESULTADO CREDORAS                      ; 0000002009870126,98
200505;01522368;BCO BNP PARIBAS BRASIL S A                                  ;U;4010;0071000008;RECEITAS OPERACIONAIS                             ; 0000002009771403,85
200505;01522368;BCO BNP PARIBAS BRASIL S A                                  ;U;4010;0071100001;RENDAS DE OPERACOES DE CREDITO                    ; 0000000014306787,12
200505;01522368;BCO BNP PARIBAS BRASIL S A                                  ;U;4010;0071300007;RENDAS DE CAMBIO                                  ; 0000000575507743,57
200505;01522368;BCO BNP PARIBAS BRASIL S A                                  ;U;4010;0071400000;RENDAS DE APLICACOES INTERFINANCEIRAS DE LIQUIDEZ ; 0000000116814528,20
200505;01522368;BCO BNP PARIBAS BRASIL S A                                  ;U;4010;0071500003;RENDAS COM TIT. E VAL. MOB. E INST. FINANC. DERIV.; 0000001229174424,98
200505;01522368;BCO BNP PARIBAS BRASIL S A                                  ;U;4010;0071700009;RENDAS DE PRESTACAO DE SERVICOS                   ; 0000000016723228,85
200505;01522368;BCO BNP PARIBAS BRASIL S A                                  ;U;4010;0071800002;RENDAS DE PARTICIPACOES                           ; 0000000005092972,98
200505;01522368;BCO BNP PARIBAS BRASIL S A                                  ;U;4010;0071900005;OUTRAS RECEITAS OPERACIONAIS                      ; 0000000052151718,15
200505;01522368;BCO BNP PARIBAS BRASIL S A                                  ;U;4010;0073000006;RECEITAS NAO OPERACIONAIS                         ; 0000000000098723,13
200505;01522368;BCO BNP PARIBAS BRASIL S A                                  ;U;4010;0073100009;LUCROS EM TRANSACOES COM VALORES E BENS           ; 0000000000098723,13
200505;01522368;BCO BNP PARIBAS BRASIL S A                                  ;U;4010;0080000006;(-) CONTAS DE RESULTADO DEVEDORAS                 ;-0000001975850200,89
200505;01522368;BCO BNP PARIBAS BRASIL S A                                  ;U;4010;0081000005;(-) DESPESAS OPERACIONAIS                         ;-0000001950798818,32
200505;01522368;BCO BNP PARIBAS BRASIL S A                                  ;U;4010;0081100008;(-) DESPESAS DE CAPTACAO                          ;-0000000147418287,06
200505;01522368;BCO BNP PARIBAS BRASIL S A                                  ;U;4010;0081200001;(-) DESP DE OBRIGACOES POR EMPRESTIMOS E REPASSES ;-0000000009829687,99
200505;01522368;BCO BNP PARIBAS BRASIL S A                                  ;U;4010;0081400007;(-) DESPESAS DE CAMBIO                            ;-0000000577374559,08
200505;01522368;BCO BNP PARIBAS BRASIL S A                                  ;U;4010;0081500000;(-) DESP. COM TIT. E VAL. MOB. E INST. FIN. DERIV.;-0000001167775006,22
200505;01522368;BCO BNP PARIBAS BRASIL S A                                  ;U;4010;0081700006;(-) DESPESAS ADMINISTRATIVAS                      ;-0000000037007748,63
200505;01522368;BCO BNP PARIBAS BRASIL S A                                  ;U;4010;0081800009;(-) APROVISIONAMENTOS E AJUSTES PATRIMONIAIS      ;-0000000002216897,75
200505;01522368;BCO BNP PARIBAS BRASIL S A                                  ;U;4010;0081900002;(-) OUTRAS DESPESAS OPERACIONAIS                  ;-0000000009176631,59
200505;01522368;BCO BNP PARIBAS BRASIL S A                                  ;U;4010;0083000003;(-) DESPESAS NAO OPERACIONAIS                     ;-0000000000161240,60
200505;01522368;BCO BNP PARIBAS BRASIL S A                                  ;U;4010;0083900000;(-) OUTRAS DESPESAS NAO OPERACIONAIS              ;-0000000000161240,60
200505;01522368;BCO BNP PARIBAS BRASIL S A                                  ;U;4010;0089000007;(-) APURACAO DE RESULTADO                         ;-0000000024890141,97
200505;01522368;BCO BNP PARIBAS BRASIL S A                                  ;U;4010;0089400009;(-) IMPOSTO DE RENDA                              ;-0000000015840141,97
200505;01522368;BCO BNP PARIBAS BRASIL S A                                  ;U;4010;0089700008;(-) PARTICIPACOES NO LUCRO                        ;-0000000009050000,00
200505;01522368;BCO BNP PARIBAS BRASIL S A                                  ;U;4010;0090000003;COMPENSACAO                                       ; 0000062631628899,11
200505;01522368;BCO BNP PARIBAS BRASIL S A                                  ;U;4010;0090100006;COOBRIGACOES E RISCOS EM GARANTIAS PRESTADAS      ; 0000001267331761,58
200505;01522368;BCO BNP PARIBAS BRASIL S A                                  ;U;4010;0090300002;TITULOS E VALORES MOBILIARIOS                     ; 0000002977809728,54
200505;01522368;BCO BNP PARIBAS BRASIL S A                                  ;U;4010;0090400005;CUSTODIA DE VALORES                               ; 0000006303728057,14
200505;01522368;BCO BNP PARIBAS BRASIL S A                                  ;U;4010;0090500008;COBRANCA                                          ; 0000000101595329,94
200505;01522368;BCO BNP PARIBAS BRASIL S A                                  ;U;4010;0090600001;NEGOCIACAO E INTERMEDIACAO DE VALORES             ; 0000037805578827,19
200505;01522368;BCO BNP PARIBAS BRASIL S A                                  ;U;4010;0090800007;CONTRATOS                                         ; 0000011980300706,68
200505;01522368;BCO BNP PARIBAS BRASIL S A                                  ;U;4010;0090900000;CONTROLE                                          ; 0000001457427912,00
200505;01522368;BCO BNP PARIBAS BRASIL S A                                  ;U;4010;0091000002;CLASSIFICACAO DA CARTEIRA DE CREDITOS             ; 0000000737856576,04
200505;01522368;BCO BNP PARIBAS BRASIL S A                                  ;U;4010;0091100005;OPERACOES DE CREDITOS E ARRENDAMENTO MERCANTIL    ; 0000000737856576,04
200505;01522368;BCO BNP PARIBAS BRASIL S A                                  ;U;4010;0099999995;TOTAL GERAL DO PASSIVO                            ; 0000069386899240,42
200505;01540541;BCO BEG S A                                                 ;U;4010;0010000007;CIRCULANTE E REALIZAVEL A LONGO PRAZO             ; 0000002038094308,51
200505;01540541;BCO BEG S A                                                 ;U;4010;0011000006;DISPONIBILIDADES                                  ; 0000000000001352,04
200505;01540541;BCO BEG S A                                                 ;U;4010;0011300005;RESERVAS LIVRES                                   ; 0000000000001352,04
200505;01540541;BCO BEG S A                                                 ;U;4010;0012000005;APLICACOES INTERFINANCEIRAS DE LIQUIDEZ           ; 0000001988990268,28
200505;01540541;BCO BEG S A                                                 ;U;4010;0012100008;APLICACOES EM OPERACOES COMPROMISSADAS            ; 0000000000308432,59
200505;01540541;BCO BEG S A                                                 ;U;4010;0012200001;APLICACOES EM DEPOSITOS INTERFINANCEIROS          ; 0000001988681835,69
200505;01540541;BCO BEG S A                                                 ;U;4010;0018000009;OUTROS CREDITOS                                   ; 0000000049102688,19
200505;01540541;BCO BEG S A                                                 ;U;4010;0018800003;DIVERSOS                                          ; 0000000049102688,19
200505;01540541;BCO BEG S A                                                 ;U;4010;0020000004;PERMANENTE                                        ; 0000000005917758,35
200505;01540541;BCO BEG S A                                                 ;U;4010;0021000003;INVESTIMENTOS                                     ; 0000000005917758,35
200505;01540541;BCO BEG S A                                                 ;U;4010;0021200009;PARTICIPACOES EM COLIGADAS E CONTROLADAS NO PAIS  ; 0000000005917758,35
200505;01540541;BCO BEG S A                                                 ;U;4010;0030000001;COMPENSACAO                                       ; 0000001935094000,00
200505;01540541;BCO BEG S A                                                 ;U;4010;0030400003;CUSTODIA DE VALORES                               ; 0000001935094000,00
200505;01540541;BCO BEG S A                                                 ;U;4010;0039999993;TOTAL GERAL DO ATIVO                              ; 0000003979106066,86
200505;01540541;BCO BEG S A                                                 ;U;4010;0040000008;CIRCULANTE EXIGIVEL A LONGO PRAZO                 ; 0000001760577910,89
200505;01540541;BCO BEG S A                                                 ;U;4010;0041000007;DEPOSITOS                                         ; 0000001734557497,00
200505;01540541;BCO BEG S A                                                 ;U;4010;0041300006;DEPOSITOS INTERFINANCEIROS                        ; 0000001734557497,00
200505;01540541;BCO BEG S A                                                 ;U;4010;0049000009;OUTRAS OBRIGACOES                                 ; 0000000026020413,89
200505;01540541;BCO BEG S A                                                 ;U;4010;0049300008;SOCIAIS E ESTATUTARIAS                            ; 0000000000179887,97
200505;01540541;BCO BEG S A                                                 ;U;4010;0049400001;FISCAIS E PREVIDENCIARIAS                         ; 0000000008752158,69
200505;01540541;BCO BEG S A                                                 ;U;4010;0049900006;DIVERSAS                                          ; 0000000017088367,23
200505;01540541;BCO BEG S A                                                 ;U;4010;0060000002;PATRIMONIO LIQUIDO                                ; 0000000272025938,33
200505;01540541;BCO BEG S A                                                 ;U;4010;0061000001;PATRIMONIO LIQUIDO                                ; 0000000272025938,33
200505;01540541;BCO BEG S A                                                 ;U;4010;0061100004;CAPITAL SOCIAL                                    ; 0000000147201024,53
200505;01540541;BCO BEG S A                                                 ;U;4010;0061300000;RESERVAS DE CAPITAL                               ; 0000000034176501,61
200505;01540541;BCO BEG S A                                                 ;U;4010;0061500006;RESERVAS DE LUCROS                                ; 0000000090623179,32
200505;01540541;BCO BEG S A                                                 ;U;4010;0061600009;AJUSTES DE AVALIACAO PATRIMONIAL                  ; 0000000000025232,87
200505;01540541;BCO BEG S A                                                 ;U;4010;0070000009;CONTAS DE RESULTADO CREDORAS                      ; 0000000052493182,27
200505;01540541;BCO BEG S A                                                 ;U;4010;0071000008;RECEITAS OPERACIONAIS                             ; 0000000052493182,21
200505;01540541;BCO BEG S A                                                 ;U;4010;0071400000;RENDAS DE APLICACOES INTERFINANCEIRAS DE LIQUIDEZ ; 0000000051689759,35
200505;01540541;BCO BEG S A                                                 ;U;4010;0071500003;RENDAS COM TIT. E VAL. MOB. E INST. FINANC. DERIV.; 0000000000147943,57
200505;01540541;BCO BEG S A                                                 ;U;4010;0071800002;RENDAS DE PARTICIPACOES                           ; 0000000000395360,59
200505;01540541;BCO BEG S A                                                 ;U;4010;0071900005;OUTRAS RECEITAS OPERACIONAIS                      ; 0000000000260118,70
200505;01540541;BCO BEG S A                                                 ;U;4010;0073000006;RECEITAS NAO OPERACIONAIS                         ; 0000000000000000,06
200505;01540541;BCO BEG S A                                                 ;U;4010;0073900003;OUTRAS RECEITAS NAO OPERACIONAIS                  ; 0000000000000000,06
200505;01540541;BCO BEG S A                                                 ;U;4010;0080000006;(-) CONTAS DE RESULTADO DEVEDORAS                 ;-0000000041084964,63
200505;01540541;BCO BEG S A                                                 ;U;4010;0081000005;(-) DESPESAS OPERACIONAIS                         ;-0000000035531478,88
200505;01540541;BCO BEG S A                                                 ;U;4010;0081100008;(-) DESPESAS DE CAPTACAO                          ;-0000000034557497,00
200505;01540541;BCO BEG S A                                                 ;U;4010;0081700006;(-) DESPESAS ADMINISTRATIVAS                      ;-0000000000059512,18
200505;01540541;BCO BEG S A                                                 ;U;4010;0081900002;(-) OUTRAS DESPESAS OPERACIONAIS                  ;-0000000000914469,70
200505;01540541;BCO BEG S A                                                 ;U;4010;0083000003;(-) DESPESAS NAO OPERACIONAIS                     ;-0000000000005758,48
200505;01540541;BCO BEG S A                                                 ;U;4010;0083900000;(-) OUTRAS DESPESAS NAO OPERACIONAIS              ;-0000000000005758,48
200505;01540541;BCO BEG S A                                                 ;U;4010;0089000007;(-) APURACAO DE RESULTADO                         ;-0000000005547727,27
200505;01540541;BCO BEG S A                                                 ;U;4010;0089400009;(-) IMPOSTO DE RENDA                              ;-0000000005547727,27
200505;01540541;BCO BEG S A                                                 ;U;4010;0090000003;COMPENSACAO                                       ; 0000001935094000,00
200505;01540541;BCO BEG S A                                                 ;U;4010;0090400005;CUSTODIA DE VALORES                               ; 0000001935094000,00
200505;01540541;BCO BEG S A                                                 ;U;4010;0099999995;TOTAL GERAL DO PASSIVO                            ; 0000003979106066,86
200505;01701201;HSBC BANK BRASIL SA BCO MULTIP                              ;U;4010;0010000007;CIRCULANTE E REALIZAVEL A LONGO PRAZO             ; 0000040494806954,59
200505;01701201;HSBC BANK BRASIL SA BCO MULTIP                              ;U;4010;0011000006;DISPONIBILIDADES                                  ; 0000000750902453,64
200505;01701201;HSBC BANK BRASIL SA BCO MULTIP                              ;U;4010;0011100009;CAIXA                                             ; 0000000515199424,91
200505;01701201;HSBC BANK BRASIL SA BCO MULTIP                              ;U;4010;0011400008;APLICACOES EM OURO                                ; 0000000000051693,39
200505;01701201;HSBC BANK BRASIL SA BCO MULTIP                              ;U;4010;0011500001;DISPONIBILIDADES EM MOEDAS ESTRANGEIRAS           ; 0000000235651335,34
200505;01701201;HSBC BANK BRASIL SA BCO MULTIP                              ;U;4010;0012000005;APLICACOES INTERFINANCEIRAS DE LIQUIDEZ           ; 0000006854153763,56
200505;01701201;HSBC BANK BRASIL SA BCO MULTIP                              ;U;4010;0012100008;APLICACOES EM OPERACOES COMPROMISSADAS            ; 0000003322324845,18
200505;01701201;HSBC BANK BRASIL SA BCO MULTIP                              ;U;4010;0012200001;APLICACOES EM DEPOSITOS INTERFINANCEIROS          ; 0000003028587182,63
200505;01701201;HSBC BANK BRASIL SA BCO MULTIP                              ;U;4010;0012600003;APLICA OES EM MOEDAS ESTRANGEIRAS                 ; 0000000503241735,75
200505;01701201;HSBC BANK BRASIL SA BCO MULTIP                              ;U;4010;0013000004;TITULOS E VAL. MOB. E INST. FINANC. DERIVATIVOS   ; 0000010953903577,91
200505;01701201;HSBC BANK BRASIL SA BCO MULTIP                              ;U;4010;0013100007;LIVRES                                            ; 0000004053396171,56
200505;01701201;HSBC BANK BRASIL SA BCO MULTIP                              ;U;4010;0013200000;VINCULADOS A OPERACOES COMPROMISSADAS             ; 0000000433744323,00
200505;01701201;HSBC BANK BRASIL SA BCO MULTIP                              ;U;4010;0013300003;INSTRUMENTOS FINANCEIROS DERIVATIVOS              ; 0000002114754383,01
200505;01701201;HSBC BANK BRASIL SA BCO MULTIP                              ;U;4010;0013400006;VINCULADOS AO BANCO CENTRAL                       ; 0000003393370033,11
200505;01701201;HSBC BANK BRASIL SA BCO MULTIP                              ;U;4010;0013600002;VINCULADOS A PRESTACAO DE GARANTIAS               ; 0000000854087184,42
200505;01701201;HSBC BANK BRASIL SA BCO MULTIP                              ;U;4010;0013700005;TÍTULOS OBJ. OPER. COMPROMISSADAS COM LIVRE MOV   ; 0000000104551482,81
200505;01701201;HSBC BANK BRASIL SA BCO MULTIP                              ;U;4010;0014000003;RELACOES INTERFINANCEIRAS                         ; 0000003842340842,28
200505;01701201;HSBC BANK BRASIL SA BCO MULTIP                              ;U;4010;0014100006;DIREITOS JUNTO A PARTIC. DE SISTEMAS DE LIQUIDAÇÃO; 0000000292667016,64
200505;01701201;HSBC BANK BRASIL SA BCO MULTIP                              ;U;4010;0014200009;CREDITOS VINCULADOS                               ; 0000003549673817,39
200505;01701201;HSBC BANK BRASIL SA BCO MULTIP                              ;U;4010;0014400005;RELACOES COM CORRESPONDENTES                      ; 0000000000000008,25
200505;01701201;HSBC BANK BRASIL SA BCO MULTIP                              ;U;4010;0015000002;RELACOES INTERDEPENDENCIAS                        ; 0000000001395390,11
200505;01701201;HSBC BANK BRASIL SA BCO MULTIP                              ;U;4010;0015100005;RECURSOS EM TRANSITO DE TERCEIROS                 ; 0000000000333631,41
200505;01701201;HSBC BANK BRASIL SA BCO MULTIP                              ;U;4010;0015200008;TRANSFERENCIAS INTERNAS DE RECURSOS               ; 0000000001061758,70
200505;01701201;HSBC BANK BRASIL SA BCO MULTIP                              ;U;4010;0016000001;OPERACOES DE CREDITO                              ; 0000012836114287,42
200505;01701201;HSBC BANK BRASIL SA BCO MULTIP                              ;U;4010;0016100004;EMPRESTIMOS E TITULOS DESCONTADOS                 ; 0000007321944431,76
200505;01701201;HSBC BANK BRASIL SA BCO MULTIP                              ;U;4010;0016200007;FINANCIAMENTOS                                    ; 0000004349623122,24
200505;01701201;HSBC BANK BRASIL SA BCO MULTIP                              ;U;4010;0016300000;FINANCIAMENTOS RURAIS E AGROINDUSTRIAIS           ; 0000001239290977,66
200505;01701201;HSBC BANK BRASIL SA BCO MULTIP                              ;U;4010;0016400003;FINANCIAMENTOS IMOBILIARIOS                       ; 0000000659552317,77
200505;01701201;HSBC BANK BRASIL SA BCO MULTIP                              ;U;4010;0016900008;(-) PROVISOES PARA OPERACOES DE CREDITO           ;-0000000734296562,01
200505;01701201;HSBC BANK BRASIL SA BCO MULTIP                              ;U;4010;0017000000;OPERACOES DE ARRENDAMENTO MERCANTIL               ; 0000000003184443,64
200505;01701201;HSBC BANK BRASIL SA BCO MULTIP                              ;U;4010;0017100003;ARRENDAMENTOS FINANCEIROS A RECEBER               ; 0000000004354871,32
200505;01701201;HSBC BANK BRASIL SA BCO MULTIP                              ;U;4010;0017900007;(-) PROVISOES PARA OPER. DE ARRENDAMENTO MERCANTIL;-0000000001170427,68
200505;01701201;HSBC BANK BRASIL SA BCO MULTIP                              ;U;4010;0018000009;OUTROS CREDITOS                                   ; 0000004974222398,56
200505;01701201;HSBC BANK BRASIL SA BCO MULTIP                              ;U;4010;0018100002;AVAIS E FIANCAS HONRADOS                          ; 0000000000005041,61
200505;01701201;HSBC BANK BRASIL SA BCO MULTIP                              ;U;4010;0018200005;CARTEIRA DE CAMBIO                                ; 0000002938821750,76
200505;01701201;HSBC BANK BRASIL SA BCO MULTIP                              ;U;4010;0018300008;RENDAS A RECEBER                                  ; 0000000121228776,08
200505;01701201;HSBC BANK BRASIL SA BCO MULTIP                              ;U;4010;0018400001;NEGOCIACAO E INTERMEDIACAO DE VALORES             ; 0000000136741332,90
200505;01701201;HSBC BANK BRASIL SA BCO MULTIP                              ;U;4010;0018800003;DIVERSOS                                          ; 0000001798026567,54
200505;01701201;HSBC BANK BRASIL SA BCO MULTIP                              ;U;4010;0018900006;(-) PROVISOES PARA OUTROS CREDITOS                ;-0000000020601070,33
200505;01701201;HSBC BANK BRASIL SA BCO MULTIP                              ;U;4010;0019000008;OUTROS VALORES E BENS                             ; 0000000278589797,47
200505;01701201;HSBC BANK BRASIL SA BCO MULTIP                              ;U;4010;0019100001;INVESTIMENTOS TEMPORARIOS                         ; 0000000001330000,00
200505;01701201;HSBC BANK BRASIL SA BCO MULTIP                              ;U;4010;0019800002;OUTROS VALORES E BENS                             ; 0000000016270556,84
200505;01701201;HSBC BANK BRASIL SA BCO MULTIP                              ;U;4010;0019900005;DESPESAS ANTECIPADAS                              ; 0000000260989240,63
200505;01701201;HSBC BANK BRASIL SA BCO MULTIP                              ;U;4010;0020000004;PERMANENTE                                        ; 0000002318524881,84
200505;01701201;HSBC BANK BRASIL SA BCO MULTIP                              ;U;4010;0021000003;INVESTIMENTOS                                     ; 0000001404362315,97
200505;01701201;HSBC BANK BRASIL SA BCO MULTIP                              ;U;4010;0021100006;INVESTIMENTOS NO EXTERIOR                         ; 0000000018143278,38
200505;01701201;HSBC BANK BRASIL SA BCO MULTIP                              ;U;4010;0021200009;PARTICIPACOES EM COLIGADAS E CONTROLADAS NO PAIS  ; 0000001371680027,62
200505;01701201;HSBC BANK BRASIL SA BCO MULTIP                              ;U;4010;0021400005;TITULOS PATRIMONIAIS                              ; 0000000003700529,22
200505;01701201;HSBC BANK BRASIL SA BCO MULTIP                              ;U;4010;0021500008;ACOES E COTAS                                     ; 0000000010772174,42
200505;01701201;HSBC BANK BRASIL SA BCO MULTIP                              ;U;4010;0021900000;OUTROS INVESTIMENTOS                              ; 0000000000066306,33
200505;01701201;HSBC BANK BRASIL SA BCO MULTIP                              ;U;4010;0022000002;IMOBILIZADO DE USO                                ; 0000000207745438,29
200505;01701201;HSBC BANK BRASIL SA BCO MULTIP                              ;U;4010;0022100005;MOVEIS E EQUIPAMENTOS EM ESTOQUE                  ; 0000000002778059,91
200505;01701201;HSBC BANK BRASIL SA BCO MULTIP                              ;U;4010;0022200008;IMOBILIZACOES EM CURSO                            ; 0000000019537193,54
200505;01701201;HSBC BANK BRASIL SA BCO MULTIP                              ;U;4010;0022300001;IMOVEIS DE USO                                    ; 0000000022697854,89
200505;01701201;HSBC BANK BRASIL SA BCO MULTIP                              ;U;4010;0022400004;INSTALACOES, MOVEIS E EQUIPAMENTOS DE USO         ; 0000000021210342,15
200505;01701201;HSBC BANK BRASIL SA BCO MULTIP                              ;U;4010;0022900009;OUTROS                                            ; 0000000141521987,80
200505;01701201;HSBC BANK BRASIL SA BCO MULTIP                              ;U;4010;0023000001;IMOBILIZADO DE ARRENDAMENTO                       ; 0000000362929698,48
200505;01701201;HSBC BANK BRASIL SA BCO MULTIP                              ;U;4010;0023200007;BENS ARRENDADOS - ARRENDAMENTO FINANCEIRO         ; 0000000353734119,17
200505;01701201;HSBC BANK BRASIL SA BCO MULTIP                              ;U;4010;0023300000;BENS ARRENDADOS - ARRENDAMENTO OPERACIONAL        ; 0000000009195579,31
200505;01701201;HSBC BANK BRASIL SA BCO MULTIP                              ;U;4010;0024000000;DIFERIDO                                          ; 0000000343487429,10
200505;01701201;HSBC BANK BRASIL SA BCO MULTIP                              ;U;4010;0024100003;GASTOS DE ORGANIZACAO E EXPANSAO                  ; 0000000343487429,10
200505;01701201;HSBC BANK BRASIL SA BCO MULTIP                              ;U;4010;0030000001;COMPENSACAO                                       ; 0000296334219878,43
200505;01701201;HSBC BANK BRASIL SA BCO MULTIP                              ;U;4010;0030100004;COOBRIGACOES E RISCOS EM GARANTIAS PRESTADAS      ; 0000001533697001,61
200505;01701201;HSBC BANK BRASIL SA BCO MULTIP                              ;U;4010;0030300000;TITULOS E VALORES MOBILIARIOS                     ; 0000017678298389,80
200505;01701201;HSBC BANK BRASIL SA BCO MULTIP                              ;U;4010;0030400003;CUSTODIA DE VALORES                               ; 0000059175549980,38
200505;01701201;HSBC BANK BRASIL SA BCO MULTIP                              ;U;4010;0030500006;COBRANCA                                          ; 0000005080041723,15
200505;01701201;HSBC BANK BRASIL SA BCO MULTIP                              ;U;4010;0030600009;NEGOCIACAO E INTERMEDIACAO DE VALORES             ; 0000045601219916,31
200505;01701201;HSBC BANK BRASIL SA BCO MULTIP                              ;U;4010;0030800005;CONTRATOS                                         ; 0000033381973024,52
200505;01701201;HSBC BANK BRASIL SA BCO MULTIP                              ;U;4010;0030900008;CONTROLE                                          ; 0000118494508826,09
200505;01701201;HSBC BANK BRASIL SA BCO MULTIP                              ;U;4010;0031000000;CLASSIFICACAO DA CARTEIRA DE CREDITOS             ; 0000015388931016,57
200505;01701201;HSBC BANK BRASIL SA BCO MULTIP                              ;U;4010;0031100003;OPERACOES DE RISCO NIVEL AA                       ; 0000009198833778,41
200505;01701201;HSBC BANK BRASIL SA BCO MULTIP                              ;U;4010;0031200006;OPERACOES DE RISCO NIVEL A                        ; 0000003760523774,92
200505;01701201;HSBC BANK BRASIL SA BCO MULTIP                              ;U;4010;0031300009;OPERACOES DE RISCO NIVELB                         ; 0000001035457058,32
200505;01701201;HSBC BANK BRASIL SA BCO MULTIP                              ;U;4010;0031400002;OPERACOES DE RISCO NIVELC                         ; 0000000446936578,41
200505;01701201;HSBC BANK BRASIL SA BCO MULTIP                              ;U;4010;0031500005;OPERACOES DE RISCO NIVEL D                        ; 0000000152106953,83
200505;01701201;HSBC BANK BRASIL SA BCO MULTIP                              ;U;4010;0031600008;OPERACOES DE RISCO NIVEL E                        ; 0000000144699271,42
200505;01701201;HSBC BANK BRASIL SA BCO MULTIP                              ;U;4010;0031700001;OPERACOES DE RISCO NIVEL F                        ; 0000000103472208,52
200505;01701201;HSBC BANK BRASIL SA BCO MULTIP                              ;U;4010;0031800004;OPERACOES DE RISCO NIVEL G                        ; 0000000073676359,16
200505;01701201;HSBC BANK BRASIL SA BCO MULTIP                              ;U;4010;0031900007;OPERACOES DE RISCO NIVEL H                        ; 0000000473225033,58
200505;01701201;HSBC BANK BRASIL SA BCO MULTIP                              ;U;4010;0039999993;TOTAL GERAL DO ATIVO                              ; 0000339147551714,86
200505;01701201;HSBC BANK BRASIL SA BCO MULTIP                              ;U;4010;0040000008;CIRCULANTE EXIGIVEL A LONGO PRAZO                 ; 0000040247547388,17
200505;01701201;HSBC BANK BRASIL SA BCO MULTIP                              ;U;4010;0041000007;DEPOSITOS                                         ; 0000027656220214,86
200505;01701201;HSBC BANK BRASIL SA BCO MULTIP                              ;U;4010;0041100000;DEPOSITOS A VISTA                                 ; 0000003562595003,37
200505;01701201;HSBC BANK BRASIL SA BCO MULTIP                              ;U;4010;0041200003;DEPOSITOS DE POUPANCA                             ; 0000001605273442,60
200505;01701201;HSBC BANK BRASIL SA BCO MULTIP                              ;U;4010;0041300006;DEPOSITOS INTERFINANCEIROS                        ; 0000001988910908,33
200505;01701201;HSBC BANK BRASIL SA BCO MULTIP                              ;U;4010;0041500002;DEPOSITOS A PRAZO                                 ; 0000020490344875,06
200505;01701201;HSBC BANK BRASIL SA BCO MULTIP                              ;U;4010;0041900004;OUTROS DEPOSITOS                                  ; 0000000009095985,50
200505;01701201;HSBC BANK BRASIL SA BCO MULTIP                              ;U;4010;0042000006;OBRIGACOES POR OPERACOES COMPROMISSADAS           ; 0000003809639637,29
200505;01701201;HSBC BANK BRASIL SA BCO MULTIP                              ;U;4010;0042100009;CARTEIRA PROPRIA                                  ; 0000000480390991,63
200505;01701201;HSBC BANK BRASIL SA BCO MULTIP                              ;U;4010;0042200002;CARTEIRA DE TERCEIROS                             ; 0000003249248795,02
200505;01701201;HSBC BANK BRASIL SA BCO MULTIP                              ;U;4010;0042300005;CARTEIRA LIVRE MOVIMENTACAO                       ; 0000000079999850,64
200505;01701201;HSBC BANK BRASIL SA BCO MULTIP                              ;U;4010;0044000004;RELACOES INTERFINANCEIRAS                         ; 0000000287704134,69
200505;01701201;HSBC BANK BRASIL SA BCO MULTIP                              ;U;4010;0044100007;OBRIGAÇÕES JUNTO A PARTIC. DE SIST. DE LIQUIDACÃO ; 0000000284787568,93
200505;01701201;HSBC BANK BRASIL SA BCO MULTIP                              ;U;4010;0044400006;RELACOES COM CORRESPONDENTES                      ; 0000000002916565,76
200505;01701201;HSBC BANK BRASIL SA BCO MULTIP                              ;U;4010;0045000003;RELACOES INTERDEPENDENCIAS                        ; 0000000405619501,28
200505;01701201;HSBC BANK BRASIL SA BCO MULTIP                              ;U;4010;0045100006;RECURSOS EM TRANSITO DE TERCEIROS                 ; 0000000405619033,12
200505;01701201;HSBC BANK BRASIL SA BCO MULTIP                              ;U;4010;0045200009;TRANSFERENCIAS INTERNAS DE RECURSOS               ; 0000000000000468,16
200505;01701201;HSBC BANK BRASIL SA BCO MULTIP                              ;U;4010;0046000002;OBRIGACOES POR EMPRESTIMOS E REPASSES             ; 0000001776001091,31
200505;01701201;HSBC BANK BRASIL SA BCO MULTIP                              ;U;4010;0046100005;EMPRESTIMOS NO PAIS - INSTITUICOES OFICIAIS       ; 0000000027191980,77
200505;01701201;HSBC BANK BRASIL SA BCO MULTIP                              ;U;4010;0046300001;EMPRESTIMOS NO EXTERIOR                           ; 0000001182932682,89
200505;01701201;HSBC BANK BRASIL SA BCO MULTIP                              ;U;4010;0046400004;REPASSES DO PAIS - INSTITUICOES OFICIAIS          ; 0000000411058800,87
200505;01701201;HSBC BANK BRASIL SA BCO MULTIP                              ;U;4010;0046600000;REPASSES DO EXTERIOR                              ; 0000000154817626,78
200505;01701201;HSBC BANK BRASIL SA BCO MULTIP                              ;U;4010;0047000001;INSTRUMENTOS FINANCEIROS DERIVATIVOS              ; 0000001740806497,49
200505;01701201;HSBC BANK BRASIL SA BCO MULTIP                              ;U;4010;0047100004;INSTRUMENTOS FINANCEIROS DERIVATIVOS              ; 0000001740806497,49
200505;01701201;HSBC BANK BRASIL SA BCO MULTIP                              ;U;4010;0049000009;OUTRAS OBRIGACOES                                 ; 0000004571556311,25
200505;01701201;HSBC BANK BRASIL SA BCO MULTIP                              ;U;4010;0049100002;COBRANCA E ARRECADACAO DE TRIBUTOS E ASSEMELHADOS ; 0000000181026204,74
200505;01701201;HSBC BANK BRASIL SA BCO MULTIP                              ;U;4010;0049200005;CARTEIRA DE CAMBIO                                ; 0000002190226910,65
200505;01701201;HSBC BANK BRASIL SA BCO MULTIP                              ;U;4010;0049300008;SOCIAIS E ESTATUTARIAS                            ; 0000000050549130,90
200505;01701201;HSBC BANK BRASIL SA BCO MULTIP                              ;U;4010;0049400001;FISCAIS E PREVIDENCIARIAS                         ; 0000000174702378,49
200505;01701201;HSBC BANK BRASIL SA BCO MULTIP                              ;U;4010;0049500004;NEGOCIACAO E INTERMEDIACAO DE VALORES             ; 0000000160137411,69
200505;01701201;HSBC BANK BRASIL SA BCO MULTIP                              ;U;4010;0049900006;DIVERSAS                                          ; 0000001814914274,78
200505;01701201;HSBC BANK BRASIL SA BCO MULTIP                              ;U;4010;0050000005;RESULTADOS DE EXERCICIOS FUTUROS                  ; 0000000011866314,57
200505;01701201;HSBC BANK BRASIL SA BCO MULTIP                              ;U;4010;0051000004;RECEITAS DE EXERCICIOS FUTUROS                    ; 0000000011866314,57
200505;01701201;HSBC BANK BRASIL SA BCO MULTIP                              ;U;4010;0051100007;RECEITAS DE EXERCICIOS FUTUROS                    ; 0000000011866314,57
200505;01701201;HSBC BANK BRASIL SA BCO MULTIP                              ;U;4010;0060000002;PATRIMONIO LIQUIDO                                ; 0000002325826625,72
200505;01701201;HSBC BANK BRASIL SA BCO MULTIP                              ;U;4010;0061000001;PATRIMONIO LIQUIDO                                ; 0000002325826625,72
200505;01701201;HSBC BANK BRASIL SA BCO MULTIP                              ;U;4010;0061100004;CAPITAL SOCIAL                                    ; 0000001761812930,12
200505;01701201;HSBC BANK BRASIL SA BCO MULTIP                              ;U;4010;0061300000;RESERVAS DE CAPITAL                               ; 0000000001570773,98
200505;01701201;HSBC BANK BRASIL SA BCO MULTIP                              ;U;4010;0061400003;RESERVAS DE REAVALIACAO                           ; 0000000003407543,81
200505;01701201;HSBC BANK BRASIL SA BCO MULTIP                              ;U;4010;0061500006;RESERVAS DE LUCROS                                ; 0000000073844423,22
200505;01701201;HSBC BANK BRASIL SA BCO MULTIP                              ;U;4010;0061600009;AJUSTES DE AVALIACAO PATRIMONIAL                  ; 0000000002646235,99
200505;01701201;HSBC BANK BRASIL SA BCO MULTIP                              ;U;4010;0061800005;LUCROS OU PREJUIZOS ACUMULADOS                    ; 0000000482544718,60
200505;01701201;HSBC BANK BRASIL SA BCO MULTIP                              ;U;4010;0070000009;CONTAS DE RESULTADO CREDORAS                      ; 0000012369696051,19
200505;01701201;HSBC BANK BRASIL SA BCO MULTIP                              ;U;4010;0071000008;RECEITAS OPERACIONAIS                             ; 0000011863513048,11
200505;01701201;HSBC BANK BRASIL SA BCO MULTIP                              ;U;4010;0071100001;RENDAS DE OPERACOES DE CREDITO                    ; 0000001749891649,03
200505;01701201;HSBC BANK BRASIL SA BCO MULTIP                              ;U;4010;0071200004;RENDAS DE ARRENDAMENTO MERCANTIL                  ; 0000000103506434,51
200505;01701201;HSBC BANK BRASIL SA BCO MULTIP                              ;U;4010;0071300007;RENDAS DE CAMBIO                                  ; 0000000434801698,19
200505;01701201;HSBC BANK BRASIL SA BCO MULTIP                              ;U;4010;0071400000;RENDAS DE APLICACOES INTERFINANCEIRAS DE LIQUIDEZ ; 0000000425416537,08
200505;01701201;HSBC BANK BRASIL SA BCO MULTIP                              ;U;4010;0071500003;RENDAS COM TIT. E VAL. MOB. E INST. FINANC. DERIV.; 0000008064602912,18
200505;01701201;HSBC BANK BRASIL SA BCO MULTIP                              ;U;4010;0071700009;RENDAS DE PRESTACAO DE SERVICOS                   ; 0000000655850689,75
200505;01701201;HSBC BANK BRASIL SA BCO MULTIP                              ;U;4010;0071800002;RENDAS DE PARTICIPACOES                           ; 0000000103740130,81
200505;01701201;HSBC BANK BRASIL SA BCO MULTIP                              ;U;4010;0071900005;OUTRAS RECEITAS OPERACIONAIS                      ; 0000000325702996,56
200505;01701201;HSBC BANK BRASIL SA BCO MULTIP                              ;U;4010;0073000006;RECEITAS NAO OPERACIONAIS                         ; 0000000006899916,86
200505;01701201;HSBC BANK BRASIL SA BCO MULTIP                              ;U;4010;0073100009;LUCROS EM TRANSACOES COM VALORES E BENS           ; 0000000002013079,15
200505;01701201;HSBC BANK BRASIL SA BCO MULTIP                              ;U;4010;0073900003;OUTRAS RECEITAS NAO OPERACIONAIS                  ; 0000000004886837,71
200505;01701201;HSBC BANK BRASIL SA BCO MULTIP                              ;U;4010;0078000001;RATEIO DE RESULTADOS INTERNOS                     ; 0000000499283086,22
200505;01701201;HSBC BANK BRASIL SA BCO MULTIP                              ;U;4010;0078100004;RATEIO DE RESULTADOS INTERNOS                     ; 0000000499283086,22
200505;01701201;HSBC BANK BRASIL SA BCO MULTIP                              ;U;4010;0080000006;(-) CONTAS DE RESULTADO DEVEDORAS                 ;-0000012141604543,22
200505;01701201;HSBC BANK BRASIL SA BCO MULTIP                              ;U;4010;0081000005;(-) DESPESAS OPERACIONAIS                         ;-0000011552755504,75
200505;01701201;HSBC BANK BRASIL SA BCO MULTIP                              ;U;4010;0081100008;(-) DESPESAS DE CAPTACAO                          ;-0000001774970278,46
200505;01701201;HSBC BANK BRASIL SA BCO MULTIP                              ;U;4010;0081200001;(-) DESP DE OBRIGACOES POR EMPRESTIMOS E REPASSES ;-0000000041190445,39
200505;01701201;HSBC BANK BRASIL SA BCO MULTIP                              ;U;4010;0081300004;(-) DESPESAS DE ARRENDAMENTO MERCANTIL            ;-0000000076784645,04
200505;01701201;HSBC BANK BRASIL SA BCO MULTIP                              ;U;4010;0081400007;(-) DESPESAS DE CAMBIO                            ;-0000000425416347,01
200505;01701201;HSBC BANK BRASIL SA BCO MULTIP                              ;U;4010;0081500000;(-) DESP. COM TIT. E VAL. MOB. E INST. FIN. DERIV.;-0000007274302124,19
200505;01701201;HSBC BANK BRASIL SA BCO MULTIP                              ;U;4010;0081600003;(-) DESPESAS DE PARTICIPACOES                     ;-0000000003303618,68
200505;01701201;HSBC BANK BRASIL SA BCO MULTIP                              ;U;4010;0081700006;(-) DESPESAS ADMINISTRATIVAS                      ;-0000001155234183,56
200505;01701201;HSBC BANK BRASIL SA BCO MULTIP                              ;U;4010;0081800009;(-) APROVISIONAMENTOS E AJUSTES PATRIMONIAIS      ;-0000000409816962,83
200505;01701201;HSBC BANK BRASIL SA BCO MULTIP                              ;U;4010;0081900002;(-) OUTRAS DESPESAS OPERACIONAIS                  ;-0000000391736899,59
200505;01701201;HSBC BANK BRASIL SA BCO MULTIP                              ;U;4010;0083000003;(-) DESPESAS NAO OPERACIONAIS                     ;-0000000009075045,86
200505;01701201;HSBC BANK BRASIL SA BCO MULTIP                              ;U;4010;0083100006;(-) PREJUIZOS EM TRANSACOES COM VALORES E BENS    ;-0000000000675988,97
200505;01701201;HSBC BANK BRASIL SA BCO MULTIP                              ;U;4010;0083900000;(-) OUTRAS DESPESAS NAO OPERACIONAIS              ;-0000000008399056,89
200505;01701201;HSBC BANK BRASIL SA BCO MULTIP                              ;U;4010;0088000008;(-) RATEIO DE RESULTADOS INTERNOS                 ;-0000000499283086,22
200505;01701201;HSBC BANK BRASIL SA BCO MULTIP                              ;U;4010;0088100001;(-) RATEIO DE RESULTADOS INTERNOS                 ;-0000000499283086,22
200505;01701201;HSBC BANK BRASIL SA BCO MULTIP                              ;U;4010;0089000007;(-) APURACAO DE RESULTADO                         ;-0000000080490906,39
200505;01701201;HSBC BANK BRASIL SA BCO MULTIP                              ;U;4010;0089400009;(-) IMPOSTO DE RENDA                              ;-0000000032347909,17
200505;01701201;HSBC BANK BRASIL SA BCO MULTIP                              ;U;4010;0089700008;(-) PARTICIPACOES NO LUCRO                        ;-0000000048142997,22
200505;01701201;HSBC BANK BRASIL SA BCO MULTIP                              ;U;4010;0090000003;COMPENSACAO                                       ; 0000296334219878,43
200505;01701201;HSBC BANK BRASIL SA BCO MULTIP                              ;U;4010;0090100006;COOBRIGACOES E RISCOS EM GARANTIAS PRESTADAS      ; 0000001533697001,61
200505;01701201;HSBC BANK BRASIL SA BCO MULTIP                              ;U;4010;0090300002;TITULOS E VALORES MOBILIARIOS                     ; 0000017678298389,80
200505;01701201;HSBC BANK BRASIL SA BCO MULTIP                              ;U;4010;0090400005;CUSTODIA DE VALORES                               ; 0000059175549980,38
200505;01701201;HSBC BANK BRASIL SA BCO MULTIP                              ;U;4010;0090500008;COBRANCA                                          ; 0000005080041723,15
200505;01701201;HSBC BANK BRASIL SA BCO MULTIP                              ;U;4010;0090600001;NEGOCIACAO E INTERMEDIACAO DE VALORES             ; 0000045601219916,31
200505;01701201;HSBC BANK BRASIL SA BCO MULTIP                              ;U;4010;0090800007;CONTRATOS                                         ; 0000033381973024,52
200505;01701201;HSBC BANK BRASIL SA BCO MULTIP                              ;U;4010;0090900000;CONTROLE                                          ; 0000118494508826,09
200505;01701201;HSBC BANK BRASIL SA BCO MULTIP                              ;U;4010;0091000002;CLASSIFICACAO DA CARTEIRA DE CREDITOS             ; 0000015388931016,57
200505;01701201;HSBC BANK BRASIL SA BCO MULTIP                              ;U;4010;0091100005;OPERACOES DE CREDITOS E ARRENDAMENTO MERCANTIL    ; 0000015388931016,57
200505;01701201;HSBC BANK BRASIL SA BCO MULTIP                              ;U;4010;0099999995;TOTAL GERAL DO PASSIVO                            ; 0000339147551714,86
200505;02038232;BANCOOB                                                     ;B;4010;0010000007;CIRCULANTE E REALIZAVEL A LONGO PRAZO             ; 0000002218903011,04
200505;02038232;BANCOOB                                                     ;B;4010;0011000006;DISPONIBILIDADES                                  ; 0000000002855471,06
200505;02038232;BANCOOB                                                     ;B;4010;0011100009;CAIXA                                             ; 0000000000039999,36
200505;02038232;BANCOOB                                                     ;B;4010;0011300005;RESERVAS LIVRES                                   ; 0000000002815471,70
200505;02038232;BANCOOB                                                     ;B;4010;0012000005;APLICACOES INTERFINANCEIRAS DE LIQUIDEZ           ; 0000000366798932,99
200505;02038232;BANCOOB                                                     ;B;4010;0012100008;APLICACOES EM OPERACOES COMPROMISSADAS            ; 0000000287196968,54
200505;02038232;BANCOOB                                                     ;B;4010;0012200001;APLICACOES EM DEPOSITOS INTERFINANCEIROS          ; 0000000079601964,45
200505;02038232;BANCOOB                                                     ;B;4010;0013000004;TITULOS E VAL. MOB. E INST. FINANC. DERIVATIVOS   ; 0000001066276048,01
200505;02038232;BANCOOB                                                     ;B;4010;0013100007;LIVRES                                            ; 0000000137846673,56
200505;02038232;BANCOOB                                                     ;B;4010;0013200000;VINCULADOS A OPERACOES COMPROMISSADAS             ; 0000000755549664,33
200505;02038232;BANCOOB                                                     ;B;4010;0013300003;INSTRUMENTOS FINANCEIROS DERIVATIVOS              ; 0000000172082643,69
200505;02038232;BANCOOB                                                     ;B;4010;0013600002;VINCULADOS A PRESTACAO DE GARANTIAS               ; 0000000000797066,43
200505;02038232;BANCOOB                                                     ;B;4010;0014000003;RELACOES INTERFINANCEIRAS                         ; 0000000138724978,85
200505;02038232;BANCOOB                                                     ;B;4010;0014100006;DIREITOS JUNTO A PARTIC. DE SISTEMAS DE LIQUIDAÇÃO; 0000000121679268,79
200505;02038232;BANCOOB                                                     ;B;4010;0014200009;CREDITOS VINCULADOS                               ; 0000000017040294,97
200505;02038232;BANCOOB                                                     ;B;4010;0014400005;RELACOES COM CORRESPONDENTES                      ; 0000000000005415,09
200505;02038232;BANCOOB                                                     ;B;4010;0016000001;OPERACOES DE CREDITO                              ; 0000000616339928,73
200505;02038232;BANCOOB                                                     ;B;4010;0016100004;EMPRESTIMOS E TITULOS DESCONTADOS                 ; 0000000051033557,98
200505;02038232;BANCOOB                                                     ;B;4010;0016200007;FINANCIAMENTOS                                    ; 0000000009053736,21
200505;02038232;BANCOOB                                                     ;B;4010;0016300000;FINANCIAMENTOS RURAIS E AGROINDUSTRIAIS           ; 0000000561386035,71
200505;02038232;BANCOOB                                                     ;B;4010;0016900008;(-) PROVISOES PARA OPERACOES DE CREDITO           ;-0000000005133401,17
200505;02038232;BANCOOB                                                     ;B;4010;0018000009;OUTROS CREDITOS                                   ; 0000000027531691,06
200505;02038232;BANCOOB                                                     ;B;4010;0018300008;RENDAS A RECEBER                                  ; 0000000000505223,20
200505;02038232;BANCOOB                                                     ;B;4010;0018800003;DIVERSOS                                          ; 0000000028173562,57
200505;02038232;BANCOOB                                                     ;B;4010;0018900006;(-) PROVISOES PARA OUTROS CREDITOS                ;-0000000001147094,71
200505;02038232;BANCOOB                                                     ;B;4010;0019000008;OUTROS VALORES E BENS                             ; 0000000000375960,34
200505;02038232;BANCOOB                                                     ;B;4010;0019900005;DESPESAS ANTECIPADAS                              ; 0000000000375960,34
200505;02038232;BANCOOB                                                     ;B;4010;0020000004;PERMANENTE                                        ; 0000000031919753,39
200505;02038232;BANCOOB                                                     ;B;4010;0021000003;INVESTIMENTOS                                     ; 0000000002240279,69
200505;02038232;BANCOOB                                                     ;B;4010;0021200009;PARTICIPACOES EM COLIGADAS E CONTROLADAS NO PAIS  ; 0000000002070279,69
200505;02038232;BANCOOB                                                     ;B;4010;0021400005;TITULOS PATRIMONIAIS                              ; 0000000000170000,00
200505;02038232;BANCOOB                                                     ;B;4010;0022000002;IMOBILIZADO DE USO                                ; 0000000025799036,40
200505;02038232;BANCOOB                                                     ;B;4010;0022200008;IMOBILIZACOES EM CURSO                            ; 0000000000153551,50
200505;02038232;BANCOOB                                                     ;B;4010;0022300001;IMOVEIS DE USO                                    ; 0000000002308105,71
200505;02038232;BANCOOB                                                     ;B;4010;0022400004;INSTALACOES, MOVEIS E EQUIPAMENTOS DE USO         ; 0000000002089562,45
200505;02038232;BANCOOB                                                     ;B;4010;0022900009;OUTROS                                            ; 0000000021247816,74
200505;02038232;BANCOOB                                                     ;B;4010;0024000000;DIFERIDO                                          ; 0000000003880437,30
200505;02038232;BANCOOB                                                     ;B;4010;0024100003;GASTOS DE ORGANIZACAO E EXPANSAO                  ; 0000000003880437,30
200505;02038232;BANCOOB                                                     ;B;4010;0030000001;COMPENSACAO                                       ; 0000019409693919,02
200505;02038232;BANCOOB                                                     ;B;4010;0030100004;COOBRIGACOES E RISCOS EM GARANTIAS PRESTADAS      ; 0000000037948497,61
200505;02038232;BANCOOB                                                     ;B;4010;0030300000;TITULOS E VALORES MOBILIARIOS                     ; 0000001788386808,64
200505;02038232;BANCOOB                                                     ;B;4010;0030400003;CUSTODIA DE VALORES                               ; 0000002353548838,34
200505;02038232;BANCOOB                                                     ;B;4010;0030600009;NEGOCIACAO E INTERMEDIACAO DE VALORES             ; 0000000173764391,24
200505;02038232;BANCOOB                                                     ;B;4010;0030800005;CONTRATOS                                         ; 0000000556377690,19
200505;02038232;BANCOOB                                                     ;B;4010;0030900008;CONTROLE                                          ; 0000013878194363,10
200505;02038232;BANCOOB                                                     ;B;4010;0031000000;CLASSIFICACAO DA CARTEIRA DE CREDITOS             ; 0000000621473329,90
200505;02038232;BANCOOB                                                     ;B;4010;0031100003;OPERACOES DE RISCO NIVEL AA                       ; 0000000432466763,23
200505;02038232;BANCOOB                                                     ;B;4010;0031200006;OPERACOES DE RISCO NIVEL A                        ; 0000000157950550,90
200505;02038232;BANCOOB                                                     ;B;4010;0031300009;OPERACOES DE RISCO NIVELB                         ; 0000000022364627,43
200505;02038232;BANCOOB                                                     ;B;4010;0031400002;OPERACOES DE RISCO NIVELC                         ; 0000000002899576,23
200505;02038232;BANCOOB                                                     ;B;4010;0031500005;OPERACOES DE RISCO NIVEL D                        ; 0000000001368405,29
200505;02038232;BANCOOB                                                     ;B;4010;0031600008;OPERACOES DE RISCO NIVEL E                        ; 0000000000259242,41
200505;02038232;BANCOOB                                                     ;B;4010;0031700001;OPERACOES DE RISCO NIVEL F                        ; 0000000000589142,52
200505;02038232;BANCOOB                                                     ;B;4010;0031800004;OPERACOES DE RISCO NIVEL G                        ; 0000000000170638,51
200505;02038232;BANCOOB                                                     ;B;4010;0031900007;OPERACOES DE RISCO NIVEL H                        ; 0000000003404383,38
200505;02038232;BANCOOB                                                     ;B;4010;0039999993;TOTAL GERAL DO ATIVO                              ; 0000021660516683,45
200505;02038232;BANCOOB                                                     ;B;4010;0040000008;CIRCULANTE EXIGIVEL A LONGO PRAZO                 ; 0000002181431865,17
200505;02038232;BANCOOB                                                     ;B;4010;0041000007;DEPOSITOS                                         ; 0000000621471309,02
200505;02038232;BANCOOB                                                     ;B;4010;0041100000;DEPOSITOS A VISTA                                 ; 0000000004806472,12
200505;02038232;BANCOOB                                                     ;B;4010;0041200003;DEPOSITOS DE POUPANCA                             ; 0000000017976758,64
200505;02038232;BANCOOB                                                     ;B;4010;0041300006;DEPOSITOS INTERFINANCEIROS                        ; 0000000142893577,93
200505;02038232;BANCOOB                                                     ;B;4010;0041500002;DEPOSITOS A PRAZO                                 ; 0000000455657237,84
200505;02038232;BANCOOB                                                     ;B;4010;0041900004;OUTROS DEPOSITOS                                  ; 0000000000137262,49
200505;02038232;BANCOOB                                                     ;B;4010;0042000006;OBRIGACOES POR OPERACOES COMPROMISSADAS           ; 0000000910668528,15
200505;02038232;BANCOOB                                                     ;B;4010;0042100009;CARTEIRA PROPRIA                                  ; 0000000754068971,04
200505;02038232;BANCOOB                                                     ;B;4010;0042200002;CARTEIRA DE TERCEIROS                             ; 0000000156599557,11
200505;02038232;BANCOOB                                                     ;B;4010;0044000004;RELACOES INTERFINANCEIRAS                         ; 0000000125977622,45
200505;02038232;BANCOOB                                                     ;B;4010;0044100007;OBRIGAÇÕES JUNTO A PARTIC. DE SIST. DE LIQUIDACÃO ; 0000000125977622,45
200505;02038232;BANCOOB                                                     ;B;4010;0045000003;RELACOES INTERDEPENDENCIAS                        ; 0000000003627571,59
200505;02038232;BANCOOB                                                     ;B;4010;0045100006;RECURSOS EM TRANSITO DE TERCEIROS                 ; 0000000003627571,59
200505;02038232;BANCOOB                                                     ;B;4010;0046000002;OBRIGACOES POR EMPRESTIMOS E REPASSES             ; 0000000417355384,11
200505;02038232;BANCOOB                                                     ;B;4010;0046400004;REPASSES DO PAIS - INSTITUICOES OFICIAIS          ; 0000000417355384,11
200505;02038232;BANCOOB                                                     ;B;4010;0049000009;OUTRAS OBRIGACOES                                 ; 0000000102331449,85
200505;02038232;BANCOOB                                                     ;B;4010;0049100002;COBRANCA E ARRECADACAO DE TRIBUTOS E ASSEMELHADOS ; 0000000001057113,40
200505;02038232;BANCOOB                                                     ;B;4010;0049300008;SOCIAIS E ESTATUTARIAS                            ; 0000000000354521,64
200505;02038232;BANCOOB                                                     ;B;4010;0049400001;FISCAIS E PREVIDENCIARIAS                         ; 0000000008066587,20
200505;02038232;BANCOOB                                                     ;B;4010;0049500004;NEGOCIACAO E INTERMEDIACAO DE VALORES             ; 0000000012620650,96
200505;02038232;BANCOOB                                                     ;B;4010;0049900006;DIVERSAS                                          ; 0000000080232576,65
200505;02038232;BANCOOB                                                     ;B;4010;0050000005;RESULTADOS DE EXERCICIOS FUTUROS                  ; 0000000000060000,00
200505;02038232;BANCOOB                                                     ;B;4010;0051000004;RECEITAS DE EXERCICIOS FUTUROS                    ; 0000000000060000,00
200505;02038232;BANCOOB                                                     ;B;4010;0051100007;RECEITAS DE EXERCICIOS FUTUROS                    ; 0000000000060000,00
200505;02038232;BANCOOB                                                     ;B;4010;0060000002;PATRIMONIO LIQUIDO                                ; 0000000066751876,46
200505;02038232;BANCOOB                                                     ;B;4010;0061000001;PATRIMONIO LIQUIDO                                ; 0000000066751876,46
200505;02038232;BANCOOB                                                     ;B;4010;0061100004;CAPITAL SOCIAL                                    ; 0000000061000000,00
200505;02038232;BANCOOB                                                     ;B;4010;0061300000;RESERVAS DE CAPITAL                               ; 0000000000036842,08
200505;02038232;BANCOOB                                                     ;B;4010;0061500006;RESERVAS DE LUCROS                                ; 0000000001521471,65
200505;02038232;BANCOOB                                                     ;B;4010;0061600009;AJUSTES DE AVALIACAO PATRIMONIAL                  ; 0000000000034988,92
200505;02038232;BANCOOB                                                     ;B;4010;0061800005;LUCROS OU PREJUIZOS ACUMULADOS                    ; 0000000005263775,78
200505;02038232;BANCOOB                                                     ;B;4010;0061900008;(-) ACOES EM TESOURARIA                           ;-0000000001105201,97
200505;02038232;BANCOOB                                                     ;B;4010;0070000009;CONTAS DE RESULTADO CREDORAS                      ; 0000000163913887,58
200505;02038232;BANCOOB                                                     ;B;4010;0071000008;RECEITAS OPERACIONAIS                             ; 0000000163912367,58
200505;02038232;BANCOOB                                                     ;B;4010;0071100001;RENDAS DE OPERACOES DE CREDITO                    ; 0000000026289947,06
200505;02038232;BANCOOB                                                     ;B;4010;0071400000;RENDAS DE APLICACOES INTERFINANCEIRAS DE LIQUIDEZ ; 0000000029049616,92
200505;02038232;BANCOOB                                                     ;B;4010;0071500003;RENDAS COM TIT. E VAL. MOB. E INST. FINANC. DERIV.; 0000000068324880,53
200505;02038232;BANCOOB                                                     ;B;4010;0071700009;RENDAS DE PRESTACAO DE SERVICOS                   ; 0000000027999425,98
200505;02038232;BANCOOB                                                     ;B;4010;0071800002;RENDAS DE PARTICIPACOES                           ; 0000000000329591,72
200505;02038232;BANCOOB                                                     ;B;4010;0071900005;OUTRAS RECEITAS OPERACIONAIS                      ; 0000000011918905,37
200505;02038232;BANCOOB                                                     ;B;4010;0073000006;RECEITAS NAO OPERACIONAIS                         ; 0000000000001520,00
200505;02038232;BANCOOB                                                     ;B;4010;0073900003;OUTRAS RECEITAS NAO OPERACIONAIS                  ; 0000000000001520,00
200505;02038232;BANCOOB                                                     ;B;4010;0080000006;(-) CONTAS DE RESULTADO DEVEDORAS                 ;-0000000161334864,78
200505;02038232;BANCOOB                                                     ;B;4010;0081000005;(-) DESPESAS OPERACIONAIS                         ;-0000000159720016,14
200505;02038232;BANCOOB                                                     ;B;4010;0081100008;(-) DESPESAS DE CAPTACAO                          ;-0000000100605464,22
200505;02038232;BANCOOB                                                     ;B;4010;0081200001;(-) DESP DE OBRIGACOES POR EMPRESTIMOS E REPASSES ;-0000000011614781,72
200505;02038232;BANCOOB                                                     ;B;4010;0081500000;(-) DESP. COM TIT. E VAL. MOB. E INST. FIN. DERIV.;-0000000000000251,74
200505;02038232;BANCOOB                                                     ;B;4010;0081700006;(-) DESPESAS ADMINISTRATIVAS                      ;-0000000026480531,30
200505;02038232;BANCOOB                                                     ;B;4010;0081800009;(-) APROVISIONAMENTOS E AJUSTES PATRIMONIAIS      ;-0000000008343589,62
200505;02038232;BANCOOB                                                     ;B;4010;0081900002;(-) OUTRAS DESPESAS OPERACIONAIS                  ;-0000000012675397,54
200505;02038232;BANCOOB                                                     ;B;4010;0089000007;(-) APURACAO DE RESULTADO                         ;-0000000001614848,64
200505;02038232;BANCOOB                                                     ;B;4010;0089400009;(-) IMPOSTO DE RENDA                              ;-0000000001283797,27
200505;02038232;BANCOOB                                                     ;B;4010;0089700008;(-) PARTICIPACOES NO LUCRO                        ;-0000000000331051,37
200505;02038232;BANCOOB                                                     ;B;4010;0090000003;COMPENSACAO                                       ; 0000019409693919,02
200505;02038232;BANCOOB                                                     ;B;4010;0090100006;COOBRIGACOES E RISCOS EM GARANTIAS PRESTADAS      ; 0000000037948497,61
200505;02038232;BANCOOB                                                     ;B;4010;0090300002;TITULOS E VALORES MOBILIARIOS                     ; 0000001788386808,64
200505;02038232;BANCOOB                                                     ;B;4010;0090400005;CUSTODIA DE VALORES                               ; 0000002353548838,34
200505;02038232;BANCOOB                                                     ;B;4010;0090600001;NEGOCIACAO E INTERMEDIACAO DE VALORES             ; 0000000173764391,24
200505;02038232;BANCOOB                                                     ;B;4010;0090800007;CONTRATOS                                         ; 0000000556377690,19
200505;02038232;BANCOOB                                                     ;B;4010;0090900000;CONTROLE                                          ; 0000013878194363,10
200505;02038232;BANCOOB                                                     ;B;4010;0091000002;CLASSIFICACAO DA CARTEIRA DE CREDITOS             ; 0000000621473329,90
200505;02038232;BANCOOB                                                     ;B;4010;0091100005;OPERACOES DE CREDITOS E ARRENDAMENTO MERCANTIL    ; 0000000621473329,90
200505;02038232;BANCOOB                                                     ;B;4010;0099999995;TOTAL GERAL DO PASSIVO                            ; 0000021660516683,45
200505;02318507;BCO KEB DO BRASIL SA                                        ;B;4010;0010000007;CIRCULANTE E REALIZAVEL A LONGO PRAZO             ; 0000000037458560,49
200505;02318507;BCO KEB DO BRASIL SA                                        ;B;4010;0011000006;DISPONIBILIDADES                                  ; 0000000003327434,92
200505;02318507;BCO KEB DO BRASIL SA                                        ;B;4010;0011100009;CAIXA                                             ; 0000000000015561,37
200505;02318507;BCO KEB DO BRASIL SA                                        ;B;4010;0011300005;RESERVAS LIVRES                                   ; 0000000000159065,46
200505;02318507;BCO KEB DO BRASIL SA                                        ;B;4010;0011500001;DISPONIBILIDADES EM MOEDAS ESTRANGEIRAS           ; 0000000003152808,09
200505;02318507;BCO KEB DO BRASIL SA                                        ;B;4010;0012000005;APLICACOES INTERFINANCEIRAS DE LIQUIDEZ           ; 0000000018899331,20
200505;02318507;BCO KEB DO BRASIL SA                                        ;B;4010;0012100008;APLICACOES EM OPERACOES COMPROMISSADAS            ; 0000000018899331,20
200505;02318507;BCO KEB DO BRASIL SA                                        ;B;4010;0013000004;TITULOS E VAL. MOB. E INST. FINANC. DERIVATIVOS   ; 0000000010082672,14
200505;02318507;BCO KEB DO BRASIL SA                                        ;B;4010;0013100007;LIVRES                                            ; 0000000010082672,14
200505;02318507;BCO KEB DO BRASIL SA                                        ;B;4010;0014000003;RELACOES INTERFINANCEIRAS                         ; 0000000000103781,88
200505;02318507;BCO KEB DO BRASIL SA                                        ;B;4010;0014100006;DIREITOS JUNTO A PARTIC. DE SISTEMAS DE LIQUIDAÇÃO; 0000000000007699,08
200505;02318507;BCO KEB DO BRASIL SA                                        ;B;4010;0014200009;CREDITOS VINCULADOS                               ; 0000000000096082,80
200505;02318507;BCO KEB DO BRASIL SA                                        ;B;4010;0016000001;OPERACOES DE CREDITO                              ; 0000000001617543,51
200505;02318507;BCO KEB DO BRASIL SA                                        ;B;4010;0016100004;EMPRESTIMOS E TITULOS DESCONTADOS                 ; 0000000001896714,57
200505;02318507;BCO KEB DO BRASIL SA                                        ;B;4010;0016900008;(-) PROVISOES PARA OPERACOES DE CREDITO           ;-0000000000279171,06
200505;02318507;BCO KEB DO BRASIL SA                                        ;B;4010;0018000009;OUTROS CREDITOS                                   ; 0000000003399835,98
200505;02318507;BCO KEB DO BRASIL SA                                        ;B;4010;0018200005;CARTEIRA DE CAMBIO                                ; 0000000003098550,00
200505;02318507;BCO KEB DO BRASIL SA                                        ;B;4010;0018800003;DIVERSOS                                          ; 0000000000301285,98
200505;02318507;BCO KEB DO BRASIL SA                                        ;B;4010;0019000008;OUTROS VALORES E BENS                             ; 0000000000027960,86
200505;02318507;BCO KEB DO BRASIL SA                                        ;B;4010;0019800002;OUTROS VALORES E BENS                             ; 0000000000012167,48
200505;02318507;BCO KEB DO BRASIL SA                                        ;B;4010;0019900005;DESPESAS ANTECIPADAS                              ; 0000000000015793,38
200505;02318507;BCO KEB DO BRASIL SA                                        ;B;4010;0020000004;PERMANENTE                                        ; 0000000000447657,35
200505;02318507;BCO KEB DO BRASIL SA                                        ;B;4010;0021000003;INVESTIMENTOS                                     ; 0000000000031000,00
200505;02318507;BCO KEB DO BRASIL SA                                        ;B;4010;0021400005;TITULOS PATRIMONIAIS                              ; 0000000000025000,00
200505;02318507;BCO KEB DO BRASIL SA                                        ;B;4010;0021900000;OUTROS INVESTIMENTOS                              ; 0000000000006000,00
200505;02318507;BCO KEB DO BRASIL SA                                        ;B;4010;0022000002;IMOBILIZADO DE USO                                ; 0000000000112816,12
200505;02318507;BCO KEB DO BRASIL SA                                        ;B;4010;0022400004;INSTALACOES, MOVEIS E EQUIPAMENTOS DE USO         ; 0000000000050277,27
200505;02318507;BCO KEB DO BRASIL SA                                        ;B;4010;0022900009;OUTROS                                            ; 0000000000062538,85
200505;02318507;BCO KEB DO BRASIL SA                                        ;B;4010;0024000000;DIFERIDO                                          ; 0000000000303841,23
200505;02318507;BCO KEB DO BRASIL SA                                        ;B;4010;0024100003;GASTOS DE ORGANIZACAO E EXPANSAO                  ; 0000000000303841,23
200505;02318507;BCO KEB DO BRASIL SA                                        ;B;4010;0030000001;COMPENSACAO                                       ; 0000000056129331,95
200505;02318507;BCO KEB DO BRASIL SA                                        ;B;4010;0030300000;TITULOS E VALORES MOBILIARIOS                     ; 0000000010082672,14
200505;02318507;BCO KEB DO BRASIL SA                                        ;B;4010;0030400003;CUSTODIA DE VALORES                               ; 0000000011470000,00
200505;02318507;BCO KEB DO BRASIL SA                                        ;B;4010;0030500006;COBRANCA                                          ; 0000000001975338,40
200505;02318507;BCO KEB DO BRASIL SA                                        ;B;4010;0030900008;CONTROLE                                          ; 0000000030704606,84
200505;02318507;BCO KEB DO BRASIL SA                                        ;B;4010;0031000000;CLASSIFICACAO DA CARTEIRA DE CREDITOS             ; 0000000001896714,57
200505;02318507;BCO KEB DO BRASIL SA                                        ;B;4010;0031100003;OPERACOES DE RISCO NIVEL AA                       ; 0000000000195856,02
200505;02318507;BCO KEB DO BRASIL SA                                        ;B;4010;0031200006;OPERACOES DE RISCO NIVEL A                        ; 0000000000150535,33
200505;02318507;BCO KEB DO BRASIL SA                                        ;B;4010;0031300009;OPERACOES DE RISCO NIVELB                         ; 0000000000220786,43
200505;02318507;BCO KEB DO BRASIL SA                                        ;B;4010;0031500005;OPERACOES DE RISCO NIVEL D                        ; 0000000000971394,68
200505;02318507;BCO KEB DO BRASIL SA                                        ;B;4010;0031700001;OPERACOES DE RISCO NIVEL F                        ; 0000000000358142,11
200505;02318507;BCO KEB DO BRASIL SA                                        ;B;4010;0039999993;TOTAL GERAL DO ATIVO                              ; 0000000094035549,79
200505;02318507;BCO KEB DO BRASIL SA                                        ;B;4010;0040000008;CIRCULANTE EXIGIVEL A LONGO PRAZO                 ; 0000000012539925,44
200505;02318507;BCO KEB DO BRASIL SA                                        ;B;4010;0041000007;DEPOSITOS                                         ; 0000000009276618,53
200505;02318507;BCO KEB DO BRASIL SA                                        ;B;4010;0041100000;DEPOSITOS A VISTA                                 ; 0000000006390161,90
200505;02318507;BCO KEB DO BRASIL SA                                        ;B;4010;0041500002;DEPOSITOS A PRAZO                                 ; 0000000002886456,63
200505;02318507;BCO KEB DO BRASIL SA                                        ;B;4010;0044000004;RELACOES INTERFINANCEIRAS                         ; 0000000000006866,92
200505;02318507;BCO KEB DO BRASIL SA                                        ;B;4010;0044100007;OBRIGAÇÕES JUNTO A PARTIC. DE SIST. DE LIQUIDACÃO ; 0000000000006866,92
200505;02318507;BCO KEB DO BRASIL SA                                        ;B;4010;0049000009;OUTRAS OBRIGACOES                                 ; 0000000003256439,99
200505;02318507;BCO KEB DO BRASIL SA                                        ;B;4010;0049100002;COBRANCA E ARRECADACAO DE TRIBUTOS E ASSEMELHADOS ; 0000000000003098,30
200505;02318507;BCO KEB DO BRASIL SA                                        ;B;4010;0049200005;CARTEIRA DE CAMBIO                                ; 0000000003123900,00
200505;02318507;BCO KEB DO BRASIL SA                                        ;B;4010;0049400001;FISCAIS E PREVIDENCIARIAS                         ; 0000000000025248,32
200505;02318507;BCO KEB DO BRASIL SA                                        ;B;4010;0049900006;DIVERSAS                                          ; 0000000000104193,37
200505;02318507;BCO KEB DO BRASIL SA                                        ;B;4010;0060000002;PATRIMONIO LIQUIDO                                ; 0000000025039887,83
200505;02318507;BCO KEB DO BRASIL SA                                        ;B;4010;0061000001;PATRIMONIO LIQUIDO                                ; 0000000025039887,83
200505;02318507;BCO KEB DO BRASIL SA                                        ;B;4010;0061100004;CAPITAL SOCIAL                                    ; 0000000033726415,00
200505;02318507;BCO KEB DO BRASIL SA                                        ;B;4010;0061800005;LUCROS OU PREJUIZOS ACUMULADOS                    ;-0000000008686527,17
200505;02318507;BCO KEB DO BRASIL SA                                        ;B;4010;0070000009;CONTAS DE RESULTADO CREDORAS                      ; 0000000002049463,69
200505;02318507;BCO KEB DO BRASIL SA                                        ;B;4010;0071000008;RECEITAS OPERACIONAIS                             ; 0000000002047491,18
200505;02318507;BCO KEB DO BRASIL SA                                        ;B;4010;0071100001;RENDAS DE OPERACOES DE CREDITO                    ; 0000000000151786,79
200505;02318507;BCO KEB DO BRASIL SA                                        ;B;4010;0071300007;RENDAS DE CAMBIO                                  ; 0000000000035255,39
200505;02318507;BCO KEB DO BRASIL SA                                        ;B;4010;0071400000;RENDAS DE APLICACOES INTERFINANCEIRAS DE LIQUIDEZ ; 0000000001138720,17
200505;02318507;BCO KEB DO BRASIL SA                                        ;B;4010;0071500003;RENDAS COM TIT. E VAL. MOB. E INST. FINANC. DERIV.; 0000000000680385,16
200505;02318507;BCO KEB DO BRASIL SA                                        ;B;4010;0071700009;RENDAS DE PRESTACAO DE SERVICOS                   ; 0000000000001694,32
200505;02318507;BCO KEB DO BRASIL SA                                        ;B;4010;0071900005;OUTRAS RECEITAS OPERACIONAIS                      ; 0000000000039649,35
200505;02318507;BCO KEB DO BRASIL SA                                        ;B;4010;0073000006;RECEITAS NAO OPERACIONAIS                         ; 0000000000001972,51
200505;02318507;BCO KEB DO BRASIL SA                                        ;B;4010;0073900003;OUTRAS RECEITAS NAO OPERACIONAIS                  ; 0000000000001972,51
200505;02318507;BCO KEB DO BRASIL SA                                        ;B;4010;0080000006;(-) CONTAS DE RESULTADO DEVEDORAS                 ;-0000000001723059,12
200505;02318507;BCO KEB DO BRASIL SA                                        ;B;4010;0081000005;(-) DESPESAS OPERACIONAIS                         ;-0000000001723059,12
200505;02318507;BCO KEB DO BRASIL SA                                        ;B;4010;0081100008;(-) DESPESAS DE CAPTACAO                          ;-0000000000071596,35
200505;02318507;BCO KEB DO BRASIL SA                                        ;B;4010;0081400007;(-) DESPESAS DE CAMBIO                            ;-0000000000027535,00
200505;02318507;BCO KEB DO BRASIL SA                                        ;B;4010;0081700006;(-) DESPESAS ADMINISTRATIVAS                      ;-0000000001481895,97
200505;02318507;BCO KEB DO BRASIL SA                                        ;B;4010;0081800009;(-) APROVISIONAMENTOS E AJUSTES PATRIMONIAIS      ;-0000000000052905,50
200505;02318507;BCO KEB DO BRASIL SA                                        ;B;4010;0081900002;(-) OUTRAS DESPESAS OPERACIONAIS                  ;-0000000000089126,30
200505;02318507;BCO KEB DO BRASIL SA                                        ;B;4010;0090000003;COMPENSACAO                                       ; 0000000056129331,95
200505;02318507;BCO KEB DO BRASIL SA                                        ;B;4010;0090300002;TITULOS E VALORES MOBILIARIOS                     ; 0000000010082672,14
200505;02318507;BCO KEB DO BRASIL SA                                        ;B;4010;0090400005;CUSTODIA DE VALORES                               ; 0000000011470000,00
200505;02318507;BCO KEB DO BRASIL SA                                        ;B;4010;0090500008;COBRANCA                                          ; 0000000001975338,40
200505;02318507;BCO KEB DO BRASIL SA                                        ;B;4010;0090900000;CONTROLE                                          ; 0000000030704606,84
200505;02318507;BCO KEB DO BRASIL SA                                        ;B;4010;0091000002;CLASSIFICACAO DA CARTEIRA DE CREDITOS             ; 0000000001896714,57
200505;02318507;BCO KEB DO BRASIL SA                                        ;B;4010;0091100005;OPERACOES DE CREDITOS E ARRENDAMENTO MERCANTIL    ; 0000000001896714,57
200505;02318507;BCO KEB DO BRASIL SA                                        ;B;4010;0099999995;TOTAL GERAL DO PASSIVO                            ; 0000000094035549,79
200505;02801938;BCO MORGAN STANLEY S.A.                                     ;U;4010;0010000007;CIRCULANTE E REALIZAVEL A LONGO PRAZO             ; 0000000450428616,01
200505;02801938;BCO MORGAN STANLEY S.A.                                     ;U;4010;0011000006;DISPONIBILIDADES                                  ; 0000000000230874,16
200505;02801938;BCO MORGAN STANLEY S.A.                                     ;U;4010;0011300005;RESERVAS LIVRES                                   ; 0000000000170798,37
200505;02801938;BCO MORGAN STANLEY S.A.                                     ;U;4010;0011500001;DISPONIBILIDADES EM MOEDAS ESTRANGEIRAS           ; 0000000000060075,79
200505;02801938;BCO MORGAN STANLEY S.A.                                     ;U;4010;0012000005;APLICACOES INTERFINANCEIRAS DE LIQUIDEZ           ; 0000000055517117,77
200505;02801938;BCO MORGAN STANLEY S.A.                                     ;U;4010;0012100008;APLICACOES EM OPERACOES COMPROMISSADAS            ; 0000000051181870,28
200505;02801938;BCO MORGAN STANLEY S.A.                                     ;U;4010;0012600003;APLICA OES EM MOEDAS ESTRANGEIRAS                 ; 0000000004335247,49
200505;02801938;BCO MORGAN STANLEY S.A.                                     ;U;4010;0013000004;TITULOS E VAL. MOB. E INST. FINANC. DERIVATIVOS   ; 0000000257337362,07
200505;02801938;BCO MORGAN STANLEY S.A.                                     ;U;4010;0013100007;LIVRES                                            ; 0000000042279515,43
200505;02801938;BCO MORGAN STANLEY S.A.                                     ;U;4010;0013200000;VINCULADOS A OPERACOES COMPROMISSADAS             ; 0000000000429794,56
200505;02801938;BCO MORGAN STANLEY S.A.                                     ;U;4010;0013300003;INSTRUMENTOS FINANCEIROS DERIVATIVOS              ; 0000000175304449,11
200505;02801938;BCO MORGAN STANLEY S.A.                                     ;U;4010;0013600002;VINCULADOS A PRESTACAO DE GARANTIAS               ; 0000000039323602,97
200505;02801938;BCO MORGAN STANLEY S.A.                                     ;U;4010;0018000009;OUTROS CREDITOS                                   ; 0000000137343262,01
200505;02801938;BCO MORGAN STANLEY S.A.                                     ;U;4010;0018200005;CARTEIRA DE CAMBIO                                ; 0000000134104550,00
200505;02801938;BCO MORGAN STANLEY S.A.                                     ;U;4010;0018400001;NEGOCIACAO E INTERMEDIACAO DE VALORES             ; 0000000002046957,90
200505;02801938;BCO MORGAN STANLEY S.A.                                     ;U;4010;0018800003;DIVERSOS                                          ; 0000000001191754,11
200505;02801938;BCO MORGAN STANLEY S.A.                                     ;U;4010;0020000004;PERMANENTE                                        ; 0000000000218077,35
200505;02801938;BCO MORGAN STANLEY S.A.                                     ;U;4010;0021000003;INVESTIMENTOS                                     ; 0000000000201035,55
200505;02801938;BCO MORGAN STANLEY S.A.                                     ;U;4010;0021400005;TITULOS PATRIMONIAIS                              ; 0000000000201035,55
200505;02801938;BCO MORGAN STANLEY S.A.                                     ;U;4010;0022000002;IMOBILIZADO DE USO                                ; 0000000000017041,80
200505;02801938;BCO MORGAN STANLEY S.A.                                     ;U;4010;0022900009;OUTROS                                            ; 0000000000017041,80
200505;02801938;BCO MORGAN STANLEY S.A.                                     ;U;4010;0030000001;COMPENSACAO                                       ; 0000007253224665,29
200505;02801938;BCO MORGAN STANLEY S.A.                                     ;U;4010;0030300000;TITULOS E VALORES MOBILIARIOS                     ; 0000000164243781,15
200505;02801938;BCO MORGAN STANLEY S.A.                                     ;U;4010;0030600009;NEGOCIACAO E INTERMEDIACAO DE VALORES             ; 0000001921327996,74
200505;02801938;BCO MORGAN STANLEY S.A.                                     ;U;4010;0030900008;CONTROLE                                          ; 0000005167652887,40
200505;02801938;BCO MORGAN STANLEY S.A.                                     ;U;4010;0039999993;TOTAL GERAL DO ATIVO                              ; 0000007703871358,65
200505;02801938;BCO MORGAN STANLEY S.A.                                     ;U;4010;0040000008;CIRCULANTE EXIGIVEL A LONGO PRAZO                 ; 0000000322135676,02
200505;02801938;BCO MORGAN STANLEY S.A.                                     ;U;4010;0042000006;OBRIGACOES POR OPERACOES COMPROMISSADAS           ; 0000000000429703,41
200505;02801938;BCO MORGAN STANLEY S.A.                                     ;U;4010;0042100009;CARTEIRA PROPRIA                                  ; 0000000000429703,41
200505;02801938;BCO MORGAN STANLEY S.A.                                     ;U;4010;0047000001;INSTRUMENTOS FINANCEIROS DERIVATIVOS              ; 0000000132155558,96
200505;02801938;BCO MORGAN STANLEY S.A.                                     ;U;4010;0047100004;INSTRUMENTOS FINANCEIROS DERIVATIVOS              ; 0000000132155558,96
200505;02801938;BCO MORGAN STANLEY S.A.                                     ;U;4010;0049000009;OUTRAS OBRIGACOES                                 ; 0000000189550413,65
200505;02801938;BCO MORGAN STANLEY S.A.                                     ;U;4010;0049200005;CARTEIRA DE CAMBIO                                ; 0000000175009803,85
200505;02801938;BCO MORGAN STANLEY S.A.                                     ;U;4010;0049300008;SOCIAIS E ESTATUTARIAS                            ; 0000000000000001,41
200505;02801938;BCO MORGAN STANLEY S.A.                                     ;U;4010;0049400001;FISCAIS E PREVIDENCIARIAS                         ; 0000000013733180,95
200505;02801938;BCO MORGAN STANLEY S.A.                                     ;U;4010;0049500004;NEGOCIACAO E INTERMEDIACAO DE VALORES             ; 0000000000748702,00
200505;02801938;BCO MORGAN STANLEY S.A.                                     ;U;4010;0049900006;DIVERSAS                                          ; 0000000000058725,44
200505;02801938;BCO MORGAN STANLEY S.A.                                     ;U;4010;0060000002;PATRIMONIO LIQUIDO                                ; 0000000116147481,31
200505;02801938;BCO MORGAN STANLEY S.A.                                     ;U;4010;0061000001;PATRIMONIO LIQUIDO                                ; 0000000116147481,31
200505;02801938;BCO MORGAN STANLEY S.A.                                     ;U;4010;0061100004;CAPITAL SOCIAL                                    ; 0000000083251114,00
200505;02801938;BCO MORGAN STANLEY S.A.                                     ;U;4010;0061300000;RESERVAS DE CAPITAL                               ; 0000000000195035,55
200505;02801938;BCO MORGAN STANLEY S.A.                                     ;U;4010;0061500006;RESERVAS DE LUCROS                                ; 0000000001941627,97
200505;02801938;BCO MORGAN STANLEY S.A.                                     ;U;4010;0061600009;AJUSTES DE AVALIACAO PATRIMONIAL                  ;-0000000000117450,45
200505;02801938;BCO MORGAN STANLEY S.A.                                     ;U;4010;0061800005;LUCROS OU PREJUIZOS ACUMULADOS                    ; 0000000030877154,24
200505;02801938;BCO MORGAN STANLEY S.A.                                     ;U;4010;0070000009;CONTAS DE RESULTADO CREDORAS                      ; 0000000274186190,33
200505;02801938;BCO MORGAN STANLEY S.A.                                     ;U;4010;0071000008;RECEITAS OPERACIONAIS                             ; 0000000274186190,33
200505;02801938;BCO MORGAN STANLEY S.A.                                     ;U;4010;0071300007;RENDAS DE CAMBIO                                  ; 0000000065123481,60
200505;02801938;BCO MORGAN STANLEY S.A.                                     ;U;4010;0071400000;RENDAS DE APLICACOES INTERFINANCEIRAS DE LIQUIDEZ ; 0000000005364377,76
200505;02801938;BCO MORGAN STANLEY S.A.                                     ;U;4010;0071500003;RENDAS COM TIT. E VAL. MOB. E INST. FINANC. DERIV.; 0000000200558366,62
200505;02801938;BCO MORGAN STANLEY S.A.                                     ;U;4010;0071700009;RENDAS DE PRESTACAO DE SERVICOS                   ; 0000000001548510,93
200505;02801938;BCO MORGAN STANLEY S.A.                                     ;U;4010;0071900005;OUTRAS RECEITAS OPERACIONAIS                      ; 0000000001591453,42
200505;02801938;BCO MORGAN STANLEY S.A.                                     ;U;4010;0080000006;(-) CONTAS DE RESULTADO DEVEDORAS                 ;-0000000261822654,30
200505;02801938;BCO MORGAN STANLEY S.A.                                     ;U;4010;0081000005;(-) DESPESAS OPERACIONAIS                         ;-0000000255466700,84
200505;02801938;BCO MORGAN STANLEY S.A.                                     ;U;4010;0081100008;(-) DESPESAS DE CAPTACAO                          ;-0000000024454594,36
200505;02801938;BCO MORGAN STANLEY S.A.                                     ;U;4010;0081200001;(-) DESP DE OBRIGACOES POR EMPRESTIMOS E REPASSES ;-0000000000017706,41
200505;02801938;BCO MORGAN STANLEY S.A.                                     ;U;4010;0081400007;(-) DESPESAS DE CAMBIO                            ;-0000000061628013,45
200505;02801938;BCO MORGAN STANLEY S.A.                                     ;U;4010;0081500000;(-) DESP. COM TIT. E VAL. MOB. E INST. FIN. DERIV.;-0000000164056849,35
200505;02801938;BCO MORGAN STANLEY S.A.                                     ;U;4010;0081700006;(-) DESPESAS ADMINISTRATIVAS                      ;-0000000004144054,13
200505;02801938;BCO MORGAN STANLEY S.A.                                     ;U;4010;0081800009;(-) APROVISIONAMENTOS E AJUSTES PATRIMONIAIS      ;-0000000000004791,65
200505;02801938;BCO MORGAN STANLEY S.A.                                     ;U;4010;0081900002;(-) OUTRAS DESPESAS OPERACIONAIS                  ;-0000000001160691,49
200505;02801938;BCO MORGAN STANLEY S.A.                                     ;U;4010;0089000007;(-) APURACAO DE RESULTADO                         ;-0000000006355953,46
200505;02801938;BCO MORGAN STANLEY S.A.                                     ;U;4010;0089400009;(-) IMPOSTO DE RENDA                              ;-0000000006355953,46
200505;02801938;BCO MORGAN STANLEY S.A.                                     ;U;4010;0090000003;COMPENSACAO                                       ; 0000007253224665,29
200505;02801938;BCO MORGAN STANLEY S.A.                                     ;U;4010;0090300002;TITULOS E VALORES MOBILIARIOS                     ; 0000000164243781,15
200505;02801938;BCO MORGAN STANLEY S.A.                                     ;U;4010;0090600001;NEGOCIACAO E INTERMEDIACAO DE VALORES             ; 0000001921327996,74
200505;02801938;BCO MORGAN STANLEY S.A.                                     ;U;4010;0090900000;CONTROLE                                          ; 0000005167652887,40
200505;02801938;BCO MORGAN STANLEY S.A.                                     ;U;4010;0099999995;TOTAL GERAL DO PASSIVO                            ; 0000007703871358,65
200505;02831756;BCO DAIMLERCHRYSLER S.A.                                    ;U;4010;0010000007;CIRCULANTE E REALIZAVEL A LONGO PRAZO             ; 0000001972020729,52
200505;02831756;BCO DAIMLERCHRYSLER S.A.                                    ;U;4010;0011000006;DISPONIBILIDADES                                  ; 0000000000251302,92
200505;02831756;BCO DAIMLERCHRYSLER S.A.                                    ;U;4010;0011200002;DEPOSITOS BANCARIOS                               ; 0000000000251302,92
200505;02831756;BCO DAIMLERCHRYSLER S.A.                                    ;U;4010;0012000005;APLICACOES INTERFINANCEIRAS DE LIQUIDEZ           ; 0000000030329744,20
200505;02831756;BCO DAIMLERCHRYSLER S.A.                                    ;U;4010;0012200001;APLICACOES EM DEPOSITOS INTERFINANCEIROS          ; 0000000030329744,20
200505;02831756;BCO DAIMLERCHRYSLER S.A.                                    ;U;4010;0013000004;TITULOS E VAL. MOB. E INST. FINANC. DERIVATIVOS   ; 0000000030238688,13
200505;02831756;BCO DAIMLERCHRYSLER S.A.                                    ;U;4010;0013100007;LIVRES                                            ; 0000000030238688,13
200505;02831756;BCO DAIMLERCHRYSLER S.A.                                    ;U;4010;0016000001;OPERACOES DE CREDITO                              ; 0000001889749923,27
200505;02831756;BCO DAIMLERCHRYSLER S.A.                                    ;U;4010;0016100004;EMPRESTIMOS E TITULOS DESCONTADOS                 ; 0000000006253186,54
200505;02831756;BCO DAIMLERCHRYSLER S.A.                                    ;U;4010;0016200007;FINANCIAMENTOS                                    ; 0000001919681685,11
200505;02831756;BCO DAIMLERCHRYSLER S.A.                                    ;U;4010;0016900008;(-) PROVISOES PARA OPERACOES DE CREDITO           ;-0000000036184948,38
200505;02831756;BCO DAIMLERCHRYSLER S.A.                                    ;U;4010;0018000009;OUTROS CREDITOS                                   ; 0000000019614087,14
200505;02831756;BCO DAIMLERCHRYSLER S.A.                                    ;U;4010;0018800003;DIVERSOS                                          ; 0000000020161773,72
200505;02831756;BCO DAIMLERCHRYSLER S.A.                                    ;U;4010;0018900006;(-) PROVISOES PARA OUTROS CREDITOS                ;-0000000000547686,58
200505;02831756;BCO DAIMLERCHRYSLER S.A.                                    ;U;4010;0019000008;OUTROS VALORES E BENS                             ; 0000000001836983,86
200505;02831756;BCO DAIMLERCHRYSLER S.A.                                    ;U;4010;0019800002;OUTROS VALORES E BENS                             ; 0000000001688476,30
200505;02831756;BCO DAIMLERCHRYSLER S.A.                                    ;U;4010;0019900005;DESPESAS ANTECIPADAS                              ; 0000000000148507,56
200505;02831756;BCO DAIMLERCHRYSLER S.A.                                    ;U;4010;0020000004;PERMANENTE                                        ; 0000000035777118,07
200505;02831756;BCO DAIMLERCHRYSLER S.A.                                    ;U;4010;0021000003;INVESTIMENTOS                                     ; 0000000031200944,48
200505;02831756;BCO DAIMLERCHRYSLER S.A.                                    ;U;4010;0021200009;PARTICIPACOES EM COLIGADAS E CONTROLADAS NO PAIS  ; 0000000031187894,66
200505;02831756;BCO DAIMLERCHRYSLER S.A.                                    ;U;4010;0021900000;OUTROS INVESTIMENTOS                              ; 0000000000013049,82
200505;02831756;BCO DAIMLERCHRYSLER S.A.                                    ;U;4010;0022000002;IMOBILIZADO DE USO                                ; 0000000004245474,82
200505;02831756;BCO DAIMLERCHRYSLER S.A.                                    ;U;4010;0022400004;INSTALACOES, MOVEIS E EQUIPAMENTOS DE USO         ; 0000000000449030,71
200505;02831756;BCO DAIMLERCHRYSLER S.A.                                    ;U;4010;0022900009;OUTROS                                            ; 0000000003796444,11
200505;02831756;BCO DAIMLERCHRYSLER S.A.                                    ;U;4010;0024000000;DIFERIDO                                          ; 0000000000330698,77
200505;02831756;BCO DAIMLERCHRYSLER S.A.                                    ;U;4010;0024100003;GASTOS DE ORGANIZACAO E EXPANSAO                  ; 0000000000330698,77
200505;02831756;BCO DAIMLERCHRYSLER S.A.                                    ;U;4010;0030000001;COMPENSACAO                                       ; 0000002086225431,84
200505;02831756;BCO DAIMLERCHRYSLER S.A.                                    ;U;4010;0030100004;COOBRIGACOES E RISCOS EM GARANTIAS PRESTADAS      ; 0000000080132840,80
200505;02831756;BCO DAIMLERCHRYSLER S.A.                                    ;U;4010;0030300000;TITULOS E VALORES MOBILIARIOS                     ; 0000000030238688,13
200505;02831756;BCO DAIMLERCHRYSLER S.A.                                    ;U;4010;0030900008;CONTROLE                                          ; 0000000049919031,26
200505;02831756;BCO DAIMLERCHRYSLER S.A.                                    ;U;4010;0031000000;CLASSIFICACAO DA CARTEIRA DE CREDITOS             ; 0000001925934871,65
200505;02831756;BCO DAIMLERCHRYSLER S.A.                                    ;U;4010;0031100003;OPERACOES DE RISCO NIVEL AA                       ; 0000000004837857,15
200505;02831756;BCO DAIMLERCHRYSLER S.A.                                    ;U;4010;0031200006;OPERACOES DE RISCO NIVEL A                        ; 0000000708963969,44
200505;02831756;BCO DAIMLERCHRYSLER S.A.                                    ;U;4010;0031300009;OPERACOES DE RISCO NIVELB                         ; 0000000869451521,19
200505;02831756;BCO DAIMLERCHRYSLER S.A.                                    ;U;4010;0031400002;OPERACOES DE RISCO NIVELC                         ; 0000000307444992,79
200505;02831756;BCO DAIMLERCHRYSLER S.A.                                    ;U;4010;0031500005;OPERACOES DE RISCO NIVEL D                        ; 0000000013168600,34
200505;02831756;BCO DAIMLERCHRYSLER S.A.                                    ;U;4010;0031600008;OPERACOES DE RISCO NIVEL E                        ; 0000000005931334,28
200505;02831756;BCO DAIMLERCHRYSLER S.A.                                    ;U;4010;0031700001;OPERACOES DE RISCO NIVEL F                        ; 0000000007354336,98
200505;02831756;BCO DAIMLERCHRYSLER S.A.                                    ;U;4010;0031800004;OPERACOES DE RISCO NIVEL G                        ; 0000000002778082,50
200505;02831756;BCO DAIMLERCHRYSLER S.A.                                    ;U;4010;0031900007;OPERACOES DE RISCO NIVEL H                        ; 0000000006004176,98
200505;02831756;BCO DAIMLERCHRYSLER S.A.                                    ;U;4010;0039999993;TOTAL GERAL DO ATIVO                              ; 0000004094023279,43
200505;02831756;BCO DAIMLERCHRYSLER S.A.                                    ;U;4010;0040000008;CIRCULANTE EXIGIVEL A LONGO PRAZO                 ; 0000001870697388,00
200505;02831756;BCO DAIMLERCHRYSLER S.A.                                    ;U;4010;0041000007;DEPOSITOS                                         ; 0000000504035923,13
200505;02831756;BCO DAIMLERCHRYSLER S.A.                                    ;U;4010;0041300006;DEPOSITOS INTERFINANCEIROS                        ; 0000000504035923,13
200505;02831756;BCO DAIMLERCHRYSLER S.A.                                    ;U;4010;0046000002;OBRIGACOES POR EMPRESTIMOS E REPASSES             ; 0000001344001354,23
200505;02831756;BCO DAIMLERCHRYSLER S.A.                                    ;U;4010;0046400004;REPASSES DO PAIS - INSTITUICOES OFICIAIS          ; 0000001344001354,23
200505;02831756;BCO DAIMLERCHRYSLER S.A.                                    ;U;4010;0049000009;OUTRAS OBRIGACOES                                 ; 0000000022660110,64
200505;02831756;BCO DAIMLERCHRYSLER S.A.                                    ;U;4010;0049100002;COBRANCA E ARRECADACAO DE TRIBUTOS E ASSEMELHADOS ; 0000000000116003,67
200505;02831756;BCO DAIMLERCHRYSLER S.A.                                    ;U;4010;0049400001;FISCAIS E PREVIDENCIARIAS                         ; 0000000005726713,21
200505;02831756;BCO DAIMLERCHRYSLER S.A.                                    ;U;4010;0049900006;DIVERSAS                                          ; 0000000016817393,76
200505;02831756;BCO DAIMLERCHRYSLER S.A.                                    ;U;4010;0050000005;RESULTADOS DE EXERCICIOS FUTUROS                  ; 0000000004915593,42
200505;02831756;BCO DAIMLERCHRYSLER S.A.                                    ;U;4010;0051000004;RECEITAS DE EXERCICIOS FUTUROS                    ; 0000000004915593,42
200505;02831756;BCO DAIMLERCHRYSLER S.A.                                    ;U;4010;0051100007;RECEITAS DE EXERCICIOS FUTUROS                    ; 0000000004915593,42
200505;02831756;BCO DAIMLERCHRYSLER S.A.                                    ;U;4010;0060000002;PATRIMONIO LIQUIDO                                ; 0000000124128737,04
200505;02831756;BCO DAIMLERCHRYSLER S.A.                                    ;U;4010;0061000001;PATRIMONIO LIQUIDO                                ; 0000000124128737,04
200505;02831756;BCO DAIMLERCHRYSLER S.A.                                    ;U;4010;0061100004;CAPITAL SOCIAL                                    ; 0000000102000000,00
200505;02831756;BCO DAIMLERCHRYSLER S.A.                                    ;U;4010;0061500006;RESERVAS DE LUCROS                                ; 0000000001440758,54
200505;02831756;BCO DAIMLERCHRYSLER S.A.                                    ;U;4010;0061800005;LUCROS OU PREJUIZOS ACUMULADOS                    ; 0000000020687978,50
200505;02831756;BCO DAIMLERCHRYSLER S.A.                                    ;U;4010;0070000009;CONTAS DE RESULTADO CREDORAS                      ; 0000000135738034,94
200505;02831756;BCO DAIMLERCHRYSLER S.A.                                    ;U;4010;0071000008;RECEITAS OPERACIONAIS                             ; 0000000135591856,16
200505;02831756;BCO DAIMLERCHRYSLER S.A.                                    ;U;4010;0071100001;RENDAS DE OPERACOES DE CREDITO                    ; 0000000123123007,44
200505;02831756;BCO DAIMLERCHRYSLER S.A.                                    ;U;4010;0071400000;RENDAS DE APLICACOES INTERFINANCEIRAS DE LIQUIDEZ ; 0000000004513763,12
200505;02831756;BCO DAIMLERCHRYSLER S.A.                                    ;U;4010;0071800002;RENDAS DE PARTICIPACOES                           ; 0000000001187893,66
200505;02831756;BCO DAIMLERCHRYSLER S.A.                                    ;U;4010;0071900005;OUTRAS RECEITAS OPERACIONAIS                      ; 0000000006767191,94
200505;02831756;BCO DAIMLERCHRYSLER S.A.                                    ;U;4010;0073000006;RECEITAS NAO OPERACIONAIS                         ; 0000000000146178,78
200505;02831756;BCO DAIMLERCHRYSLER S.A.                                    ;U;4010;0073100009;LUCROS EM TRANSACOES COM VALORES E BENS           ; 0000000000058076,19
200505;02831756;BCO DAIMLERCHRYSLER S.A.                                    ;U;4010;0073900003;OUTRAS RECEITAS NAO OPERACIONAIS                  ; 0000000000088102,59
200505;02831756;BCO DAIMLERCHRYSLER S.A.                                    ;U;4010;0080000006;(-) CONTAS DE RESULTADO DEVEDORAS                 ;-0000000127681905,81
200505;02831756;BCO DAIMLERCHRYSLER S.A.                                    ;U;4010;0081000005;(-) DESPESAS OPERACIONAIS                         ;-0000000124266684,92
200505;02831756;BCO DAIMLERCHRYSLER S.A.                                    ;U;4010;0081100008;(-) DESPESAS DE CAPTACAO                          ;-0000000036031936,20
200505;02831756;BCO DAIMLERCHRYSLER S.A.                                    ;U;4010;0081200001;(-) DESP DE OBRIGACOES POR EMPRESTIMOS E REPASSES ;-0000000057497862,69
200505;02831756;BCO DAIMLERCHRYSLER S.A.                                    ;U;4010;0081700006;(-) DESPESAS ADMINISTRATIVAS                      ;-0000000020761627,09
200505;02831756;BCO DAIMLERCHRYSLER S.A.                                    ;U;4010;0081800009;(-) APROVISIONAMENTOS E AJUSTES PATRIMONIAIS      ;-0000000007814540,02
200505;02831756;BCO DAIMLERCHRYSLER S.A.                                    ;U;4010;0081900002;(-) OUTRAS DESPESAS OPERACIONAIS                  ;-0000000002160718,92
200505;02831756;BCO DAIMLERCHRYSLER S.A.                                    ;U;4010;0083000003;(-) DESPESAS NAO OPERACIONAIS                     ;-0000000000213981,62
200505;02831756;BCO DAIMLERCHRYSLER S.A.                                    ;U;4010;0083100006;(-) PREJUIZOS EM TRANSACOES COM VALORES E BENS    ;-0000000000011843,33
200505;02831756;BCO DAIMLERCHRYSLER S.A.                                    ;U;4010;0083900000;(-) OUTRAS DESPESAS NAO OPERACIONAIS              ;-0000000000202138,29
200505;02831756;BCO DAIMLERCHRYSLER S.A.                                    ;U;4010;0089000007;(-) APURACAO DE RESULTADO                         ;-0000000003201239,27
200505;02831756;BCO DAIMLERCHRYSLER S.A.                                    ;U;4010;0089400009;(-) IMPOSTO DE RENDA                              ;-0000000003201239,27
200505;02831756;BCO DAIMLERCHRYSLER S.A.                                    ;U;4010;0090000003;COMPENSACAO                                       ; 0000002086225431,84
200505;02831756;BCO DAIMLERCHRYSLER S.A.                                    ;U;4010;0090100006;COOBRIGACOES E RISCOS EM GARANTIAS PRESTADAS      ; 0000000080132840,80
200505;02831756;BCO DAIMLERCHRYSLER S.A.                                    ;U;4010;0090300002;TITULOS E VALORES MOBILIARIOS                     ; 0000000030238688,13
200505;02831756;BCO DAIMLERCHRYSLER S.A.                                    ;U;4010;0090900000;CONTROLE                                          ; 0000000049919031,26
200505;02831756;BCO DAIMLERCHRYSLER S.A.                                    ;U;4010;0091000002;CLASSIFICACAO DA CARTEIRA DE CREDITOS             ; 0000001925934871,65
200505;02831756;BCO DAIMLERCHRYSLER S.A.                                    ;U;4010;0091100005;OPERACOES DE CREDITOS E ARRENDAMENTO MERCANTIL    ; 0000001925934871,65
200505;02831756;BCO DAIMLERCHRYSLER S.A.                                    ;U;4010;0099999995;TOTAL GERAL DO PASSIVO                            ; 0000004094023279,43
200505;02977348;BCO TOYOTA DO BRASIL S.A.                                   ;U;4010;0010000007;CIRCULANTE E REALIZAVEL A LONGO PRAZO             ; 0000000575080787,69
200505;02977348;BCO TOYOTA DO BRASIL S.A.                                   ;U;4010;0011000006;DISPONIBILIDADES                                  ; 0000000000516551,87
200505;02977348;BCO TOYOTA DO BRASIL S.A.                                   ;U;4010;0011200002;DEPOSITOS BANCARIOS                               ; 0000000000516551,87
200505;02977348;BCO TOYOTA DO BRASIL S.A.                                   ;U;4010;0012000005;APLICACOES INTERFINANCEIRAS DE LIQUIDEZ           ; 0000000040056773,42
200505;02977348;BCO TOYOTA DO BRASIL S.A.                                   ;U;4010;0012100008;APLICACOES EM OPERACOES COMPROMISSADAS            ; 0000000029399394,70
200505;02977348;BCO TOYOTA DO BRASIL S.A.                                   ;U;4010;0012200001;APLICACOES EM DEPOSITOS INTERFINANCEIROS          ; 0000000010657378,72
200505;02977348;BCO TOYOTA DO BRASIL S.A.                                   ;U;4010;0013000004;TITULOS E VAL. MOB. E INST. FINANC. DERIVATIVOS   ; 0000000000082340,69
200505;02977348;BCO TOYOTA DO BRASIL S.A.                                   ;U;4010;0013300003;INSTRUMENTOS FINANCEIROS DERIVATIVOS              ; 0000000000082340,69
200505;02977348;BCO TOYOTA DO BRASIL S.A.                                   ;U;4010;0014000003;RELACOES INTERFINANCEIRAS                         ; 0000000003077448,59
200505;02977348;BCO TOYOTA DO BRASIL S.A.                                   ;U;4010;0014400005;RELACOES COM CORRESPONDENTES                      ; 0000000003077448,59
200505;02977348;BCO TOYOTA DO BRASIL S.A.                                   ;U;4010;0016000001;OPERACOES DE CREDITO                              ; 0000000526505154,58
200505;02977348;BCO TOYOTA DO BRASIL S.A.                                   ;U;4010;0016100004;EMPRESTIMOS E TITULOS DESCONTADOS                 ; 0000000000467550,82
200505;02977348;BCO TOYOTA DO BRASIL S.A.                                   ;U;4010;0016200007;FINANCIAMENTOS                                    ; 0000000531545526,91
200505;02977348;BCO TOYOTA DO BRASIL S.A.                                   ;U;4010;0016900008;(-) PROVISOES PARA OPERACOES DE CREDITO           ;-0000000005507923,15
200505;02977348;BCO TOYOTA DO BRASIL S.A.                                   ;U;4010;0018000009;OUTROS CREDITOS                                   ; 0000000004608714,53
200505;02977348;BCO TOYOTA DO BRASIL S.A.                                   ;U;4010;0018800003;DIVERSOS                                          ; 0000000004998106,89
200505;02977348;BCO TOYOTA DO BRASIL S.A.                                   ;U;4010;0018900006;(-) PROVISOES PARA OUTROS CREDITOS                ;-0000000000389392,36
200505;02977348;BCO TOYOTA DO BRASIL S.A.                                   ;U;4010;0019000008;OUTROS VALORES E BENS                             ; 0000000000233804,01
200505;02977348;BCO TOYOTA DO BRASIL S.A.                                   ;U;4010;0019800002;OUTROS VALORES E BENS                             ; 0000000000229782,26
200505;02977348;BCO TOYOTA DO BRASIL S.A.                                   ;U;4010;0019900005;DESPESAS ANTECIPADAS                              ; 0000000000004021,75
200505;02977348;BCO TOYOTA DO BRASIL S.A.                                   ;U;4010;0020000004;PERMANENTE                                        ; 0000000019786098,33
200505;02977348;BCO TOYOTA DO BRASIL S.A.                                   ;U;4010;0021000003;INVESTIMENTOS                                     ; 0000000016083830,65
200505;02977348;BCO TOYOTA DO BRASIL S.A.                                   ;U;4010;0021200009;PARTICIPACOES EM COLIGADAS E CONTROLADAS NO PAIS  ; 0000000016023073,65
200505;02977348;BCO TOYOTA DO BRASIL S.A.                                   ;U;4010;0021400005;TITULOS PATRIMONIAIS                              ; 0000000000056167,00
200505;02977348;BCO TOYOTA DO BRASIL S.A.                                   ;U;4010;0021900000;OUTROS INVESTIMENTOS                              ; 0000000000004590,00
200505;02977348;BCO TOYOTA DO BRASIL S.A.                                   ;U;4010;0022000002;IMOBILIZADO DE USO                                ; 0000000003325743,30
200505;02977348;BCO TOYOTA DO BRASIL S.A.                                   ;U;4010;0022400004;INSTALACOES, MOVEIS E EQUIPAMENTOS DE USO         ; 0000000000364440,65
200505;02977348;BCO TOYOTA DO BRASIL S.A.                                   ;U;4010;0022900009;OUTROS                                            ; 0000000002961302,65
200505;02977348;BCO TOYOTA DO BRASIL S.A.                                   ;U;4010;0024000000;DIFERIDO                                          ; 0000000000376524,38
200505;02977348;BCO TOYOTA DO BRASIL S.A.                                   ;U;4010;0024100003;GASTOS DE ORGANIZACAO E EXPANSAO                  ; 0000000000376524,38
200505;02977348;BCO TOYOTA DO BRASIL S.A.                                   ;U;4010;0030000001;COMPENSACAO                                       ; 0000002732956608,65
200505;02977348;BCO TOYOTA DO BRASIL S.A.                                   ;U;4010;0030100004;COOBRIGACOES E RISCOS EM GARANTIAS PRESTADAS      ; 0000000035876479,41
200505;02977348;BCO TOYOTA DO BRASIL S.A.                                   ;U;4010;0030400003;CUSTODIA DE VALORES                               ; 0000001121305368,08
200505;02977348;BCO TOYOTA DO BRASIL S.A.                                   ;U;4010;0030600009;NEGOCIACAO E INTERMEDIACAO DE VALORES             ; 0000000128124587,27
200505;02977348;BCO TOYOTA DO BRASIL S.A.                                   ;U;4010;0030900008;CONTROLE                                          ; 0000000915232311,77
200505;02977348;BCO TOYOTA DO BRASIL S.A.                                   ;U;4010;0031000000;CLASSIFICACAO DA CARTEIRA DE CREDITOS             ; 0000000532417862,12
200505;02977348;BCO TOYOTA DO BRASIL S.A.                                   ;U;4010;0031100003;OPERACOES DE RISCO NIVEL AA                       ; 0000000109703263,58
200505;02977348;BCO TOYOTA DO BRASIL S.A.                                   ;U;4010;0031200006;OPERACOES DE RISCO NIVEL A                        ; 0000000355791549,68
200505;02977348;BCO TOYOTA DO BRASIL S.A.                                   ;U;4010;0031300009;OPERACOES DE RISCO NIVELB                         ; 0000000040461156,55
200505;02977348;BCO TOYOTA DO BRASIL S.A.                                   ;U;4010;0031400002;OPERACOES DE RISCO NIVELC                         ; 0000000020634392,67
200505;02977348;BCO TOYOTA DO BRASIL S.A.                                   ;U;4010;0031500005;OPERACOES DE RISCO NIVEL D                        ; 0000000001871235,61
200505;02977348;BCO TOYOTA DO BRASIL S.A.                                   ;U;4010;0031600008;OPERACOES DE RISCO NIVEL E                        ; 0000000000804651,38
200505;02977348;BCO TOYOTA DO BRASIL S.A.                                   ;U;4010;0031700001;OPERACOES DE RISCO NIVEL F                        ; 0000000000680316,47
200505;02977348;BCO TOYOTA DO BRASIL S.A.                                   ;U;4010;0031800004;OPERACOES DE RISCO NIVEL G                        ; 0000000000484196,58
200505;02977348;BCO TOYOTA DO BRASIL S.A.                                   ;U;4010;0031900007;OPERACOES DE RISCO NIVEL H                        ; 0000000001987099,60
200505;02977348;BCO TOYOTA DO BRASIL S.A.                                   ;U;4010;0039999993;TOTAL GERAL DO ATIVO                              ; 0000003327823494,67
200505;02977348;BCO TOYOTA DO BRASIL S.A.                                   ;U;4010;0040000008;CIRCULANTE EXIGIVEL A LONGO PRAZO                 ; 0000000501844119,42
200505;02977348;BCO TOYOTA DO BRASIL S.A.                                   ;U;4010;0041000007;DEPOSITOS                                         ; 0000000444882423,10
200505;02977348;BCO TOYOTA DO BRASIL S.A.                                   ;U;4010;0041300006;DEPOSITOS INTERFINANCEIROS                        ; 0000000409689322,66
200505;02977348;BCO TOYOTA DO BRASIL S.A.                                   ;U;4010;0041500002;DEPOSITOS A PRAZO                                 ; 0000000035193100,44
200505;02977348;BCO TOYOTA DO BRASIL S.A.                                   ;U;4010;0046000002;OBRIGACOES POR EMPRESTIMOS E REPASSES             ; 0000000033154130,78
200505;02977348;BCO TOYOTA DO BRASIL S.A.                                   ;U;4010;0046200008;EMPRESTIMOS NO PAIS - OUTRAS INSTITUICOES         ; 0000000033154130,78
200505;02977348;BCO TOYOTA DO BRASIL S.A.                                   ;U;4010;0047000001;INSTRUMENTOS FINANCEIROS DERIVATIVOS              ; 0000000015187245,88
200505;02977348;BCO TOYOTA DO BRASIL S.A.                                   ;U;4010;0047100004;INSTRUMENTOS FINANCEIROS DERIVATIVOS              ; 0000000015187245,88
200505;02977348;BCO TOYOTA DO BRASIL S.A.                                   ;U;4010;0049000009;OUTRAS OBRIGACOES                                 ; 0000000008620319,66
200505;02977348;BCO TOYOTA DO BRASIL S.A.                                   ;U;4010;0049100002;COBRANCA E ARRECADACAO DE TRIBUTOS E ASSEMELHADOS ; 0000000000211360,73
200505;02977348;BCO TOYOTA DO BRASIL S.A.                                   ;U;4010;0049300008;SOCIAIS E ESTATUTARIAS                            ; 0000000000386868,63
200505;02977348;BCO TOYOTA DO BRASIL S.A.                                   ;U;4010;0049400001;FISCAIS E PREVIDENCIARIAS                         ; 0000000004194889,65
200505;02977348;BCO TOYOTA DO BRASIL S.A.                                   ;U;4010;0049900006;DIVERSAS                                          ; 0000000003827200,65
200505;02977348;BCO TOYOTA DO BRASIL S.A.                                   ;U;4010;0050000005;RESULTADOS DE EXERCICIOS FUTUROS                  ; 0000000000145123,08
200505;02977348;BCO TOYOTA DO BRASIL S.A.                                   ;U;4010;0051000004;RECEITAS DE EXERCICIOS FUTUROS                    ; 0000000000145123,08
200505;02977348;BCO TOYOTA DO BRASIL S.A.                                   ;U;4010;0051100007;RECEITAS DE EXERCICIOS FUTUROS                    ; 0000000000145123,08
200505;02977348;BCO TOYOTA DO BRASIL S.A.                                   ;U;4010;0060000002;PATRIMONIO LIQUIDO                                ; 0000000086783756,54
200505;02977348;BCO TOYOTA DO BRASIL S.A.                                   ;U;4010;0061000001;PATRIMONIO LIQUIDO                                ; 0000000086783756,54
200505;02977348;BCO TOYOTA DO BRASIL S.A.                                   ;U;4010;0061100004;CAPITAL SOCIAL                                    ; 0000000063670360,00
200505;02977348;BCO TOYOTA DO BRASIL S.A.                                   ;U;4010;0061500006;RESERVAS DE LUCROS                                ; 0000000001133289,15
200505;02977348;BCO TOYOTA DO BRASIL S.A.                                   ;U;4010;0061800005;LUCROS OU PREJUIZOS ACUMULADOS                    ; 0000000021980107,39
200505;02977348;BCO TOYOTA DO BRASIL S.A.                                   ;U;4010;0070000009;CONTAS DE RESULTADO CREDORAS                      ; 0000000058401455,11
200505;02977348;BCO TOYOTA DO BRASIL S.A.                                   ;U;4010;0071000008;RECEITAS OPERACIONAIS                             ; 0000000058366257,23
200505;02977348;BCO TOYOTA DO BRASIL S.A.                                   ;U;4010;0071100001;RENDAS DE OPERACOES DE CREDITO                    ; 0000000049787640,53
200505;02977348;BCO TOYOTA DO BRASIL S.A.                                   ;U;4010;0071400000;RENDAS DE APLICACOES INTERFINANCEIRAS DE LIQUIDEZ ; 0000000001987405,72
200505;02977348;BCO TOYOTA DO BRASIL S.A.                                   ;U;4010;0071500003;RENDAS COM TIT. E VAL. MOB. E INST. FINANC. DERIV.; 0000000000324882,62
200505;02977348;BCO TOYOTA DO BRASIL S.A.                                   ;U;4010;0071700009;RENDAS DE PRESTACAO DE SERVICOS                   ; 0000000000063960,00
200505;02977348;BCO TOYOTA DO BRASIL S.A.                                   ;U;4010;0071800002;RENDAS DE PARTICIPACOES                           ; 0000000001115528,01
200505;02977348;BCO TOYOTA DO BRASIL S.A.                                   ;U;4010;0071900005;OUTRAS RECEITAS OPERACIONAIS                      ; 0000000005086840,35
200505;02977348;BCO TOYOTA DO BRASIL S.A.                                   ;U;4010;0073000006;RECEITAS NAO OPERACIONAIS                         ; 0000000000035197,88
200505;02977348;BCO TOYOTA DO BRASIL S.A.                                   ;U;4010;0073100009;LUCROS EM TRANSACOES COM VALORES E BENS           ; 0000000000035197,88
200505;02977348;BCO TOYOTA DO BRASIL S.A.                                   ;U;4010;0080000006;(-) CONTAS DE RESULTADO DEVEDORAS                 ;-0000000052307568,13
200505;02977348;BCO TOYOTA DO BRASIL S.A.                                   ;U;4010;0081000005;(-) DESPESAS OPERACIONAIS                         ;-0000000049242556,01
200505;02977348;BCO TOYOTA DO BRASIL S.A.                                   ;U;4010;0081100008;(-) DESPESAS DE CAPTACAO                          ;-0000000026844985,03
200505;02977348;BCO TOYOTA DO BRASIL S.A.                                   ;U;4010;0081200001;(-) DESP DE OBRIGACOES POR EMPRESTIMOS E REPASSES ;-0000000000374640,94
200505;02977348;BCO TOYOTA DO BRASIL S.A.                                   ;U;4010;0081500000;(-) DESP. COM TIT. E VAL. MOB. E INST. FIN. DERIV.;-0000000005728995,25
200505;02977348;BCO TOYOTA DO BRASIL S.A.                                   ;U;4010;0081700006;(-) DESPESAS ADMINISTRATIVAS                      ;-0000000013005642,59
200505;02977348;BCO TOYOTA DO BRASIL S.A.                                   ;U;4010;0081800009;(-) APROVISIONAMENTOS E AJUSTES PATRIMONIAIS      ;-0000000002032615,11
200505;02977348;BCO TOYOTA DO BRASIL S.A.                                   ;U;4010;0081900002;(-) OUTRAS DESPESAS OPERACIONAIS                  ;-0000000001255677,09
200505;02977348;BCO TOYOTA DO BRASIL S.A.                                   ;U;4010;0083000003;(-) DESPESAS NAO OPERACIONAIS                     ;-0000000000009285,17
200505;02977348;BCO TOYOTA DO BRASIL S.A.                                   ;U;4010;0083100006;(-) PREJUIZOS EM TRANSACOES COM VALORES E BENS    ;-0000000000009285,17
200505;02977348;BCO TOYOTA DO BRASIL S.A.                                   ;U;4010;0089000007;(-) APURACAO DE RESULTADO                         ;-0000000003055726,95
200505;02977348;BCO TOYOTA DO BRASIL S.A.                                   ;U;4010;0089400009;(-) IMPOSTO DE RENDA                              ;-0000000002668858,32
200505;02977348;BCO TOYOTA DO BRASIL S.A.                                   ;U;4010;0089700008;(-) PARTICIPACOES NO LUCRO                        ;-0000000000386868,63
200505;02977348;BCO TOYOTA DO BRASIL S.A.                                   ;U;4010;0090000003;COMPENSACAO                                       ; 0000002732956608,65
200505;02977348;BCO TOYOTA DO BRASIL S.A.                                   ;U;4010;0090100006;COOBRIGACOES E RISCOS EM GARANTIAS PRESTADAS      ; 0000000035876479,41
200505;02977348;BCO TOYOTA DO BRASIL S.A.                                   ;U;4010;0090400005;CUSTODIA DE VALORES                               ; 0000001121305368,08
200505;02977348;BCO TOYOTA DO BRASIL S.A.                                   ;U;4010;0090600001;NEGOCIACAO E INTERMEDIACAO DE VALORES             ; 0000000128124587,27
200505;02977348;BCO TOYOTA DO BRASIL S.A.                                   ;U;4010;0090900000;CONTROLE                                          ; 0000000915232311,77
200505;02977348;BCO TOYOTA DO BRASIL S.A.                                   ;U;4010;0091000002;CLASSIFICACAO DA CARTEIRA DE CREDITOS             ; 0000000532417862,12
200505;02977348;BCO TOYOTA DO BRASIL S.A.                                   ;U;4010;0091100005;OPERACOES DE CREDITOS E ARRENDAMENTO MERCANTIL    ; 0000000532417862,12
200505;02977348;BCO TOYOTA DO BRASIL S.A.                                   ;U;4010;0099999995;TOTAL GERAL DO PASSIVO                            ; 0000003327823494,67
200505;02992446;BCO CNH CAPITAL S.A.                                        ;U;4010;0010000007;CIRCULANTE E REALIZAVEL A LONGO PRAZO             ; 0000003584352351,04
200505;02992446;BCO CNH CAPITAL S.A.                                        ;U;4010;0011000006;DISPONIBILIDADES                                  ; 0000000004917608,92
200505;02992446;BCO CNH CAPITAL S.A.                                        ;U;4010;0011100009;CAIXA                                             ; 0000000000001578,46
200505;02992446;BCO CNH CAPITAL S.A.                                        ;U;4010;0011200002;DEPOSITOS BANCARIOS                               ; 0000000004916030,46
200505;02992446;BCO CNH CAPITAL S.A.                                        ;U;4010;0012000005;APLICACOES INTERFINANCEIRAS DE LIQUIDEZ           ; 0000000326438035,32
200505;02992446;BCO CNH CAPITAL S.A.                                        ;U;4010;0012100008;APLICACOES EM OPERACOES COMPROMISSADAS            ; 0000000244999511,34
200505;02992446;BCO CNH CAPITAL S.A.                                        ;U;4010;0012200001;APLICACOES EM DEPOSITOS INTERFINANCEIROS          ; 0000000081438523,98
200505;02992446;BCO CNH CAPITAL S.A.                                        ;U;4010;0013000004;TITULOS E VAL. MOB. E INST. FINANC. DERIVATIVOS   ; 0000000191062156,68
200505;02992446;BCO CNH CAPITAL S.A.                                        ;U;4010;0013100007;LIVRES                                            ; 0000000191062156,68
200505;02992446;BCO CNH CAPITAL S.A.                                        ;U;4010;0016000001;OPERACOES DE CREDITO                              ; 0000003017398752,87
200505;02992446;BCO CNH CAPITAL S.A.                                        ;U;4010;0016100004;EMPRESTIMOS E TITULOS DESCONTADOS                 ; 0000000091464832,87
200505;02992446;BCO CNH CAPITAL S.A.                                        ;U;4010;0016200007;FINANCIAMENTOS                                    ; 0000000412636980,86
200505;02992446;BCO CNH CAPITAL S.A.                                        ;U;4010;0016300000;FINANCIAMENTOS RURAIS E AGROINDUSTRIAIS           ; 0000002644636628,46
200505;02992446;BCO CNH CAPITAL S.A.                                        ;U;4010;0016900008;(-) PROVISOES PARA OPERACOES DE CREDITO           ;-0000000131339689,32
200505;02992446;BCO CNH CAPITAL S.A.                                        ;U;4010;0017000000;OPERACOES DE ARRENDAMENTO MERCANTIL               ;-0000000000506565,59
200505;02992446;BCO CNH CAPITAL S.A.                                        ;U;4010;0017100003;ARRENDAMENTOS FINANCEIROS A RECEBER               ; 0000000000156700,43
200505;02992446;BCO CNH CAPITAL S.A.                                        ;U;4010;0017900007;(-) PROVISOES PARA OPER. DE ARRENDAMENTO MERCANTIL;-0000000000663266,02
200505;02992446;BCO CNH CAPITAL S.A.                                        ;U;4010;0018000009;OUTROS CREDITOS                                   ; 0000000044238298,89
200505;02992446;BCO CNH CAPITAL S.A.                                        ;U;4010;0018100002;AVAIS E FIANCAS HONRADOS                          ; 0000000000000964,32
200505;02992446;BCO CNH CAPITAL S.A.                                        ;U;4010;0018800003;DIVERSOS                                          ; 0000000044237334,57
200505;02992446;BCO CNH CAPITAL S.A.                                        ;U;4010;0019000008;OUTROS VALORES E BENS                             ; 0000000000804063,95
200505;02992446;BCO CNH CAPITAL S.A.                                        ;U;4010;0019800002;OUTROS VALORES E BENS                             ; 0000000000804063,95
200505;02992446;BCO CNH CAPITAL S.A.                                        ;U;4010;0020000004;PERMANENTE                                        ; 0000000046408091,86
200505;02992446;BCO CNH CAPITAL S.A.                                        ;U;4010;0021000003;INVESTIMENTOS                                     ; 0000000015473448,63
200505;02992446;BCO CNH CAPITAL S.A.                                        ;U;4010;0021200009;PARTICIPACOES EM COLIGADAS E CONTROLADAS NO PAIS  ; 0000000015272413,08
200505;02992446;BCO CNH CAPITAL S.A.                                        ;U;4010;0021400005;TITULOS PATRIMONIAIS                              ; 0000000000201035,55
200505;02992446;BCO CNH CAPITAL S.A.                                        ;U;4010;0022000002;IMOBILIZADO DE USO                                ; 0000000002053862,41
200505;02992446;BCO CNH CAPITAL S.A.                                        ;U;4010;0022200008;IMOBILIZACOES EM CURSO                            ; 0000000001234904,98
200505;02992446;BCO CNH CAPITAL S.A.                                        ;U;4010;0022400004;INSTALACOES, MOVEIS E EQUIPAMENTOS DE USO         ; 0000000000160779,57
200505;02992446;BCO CNH CAPITAL S.A.                                        ;U;4010;0022900009;OUTROS                                            ; 0000000000658177,86
200505;02992446;BCO CNH CAPITAL S.A.                                        ;U;4010;0023000001;IMOBILIZADO DE ARRENDAMENTO                       ; 0000000028528418,08
200505;02992446;BCO CNH CAPITAL S.A.                                        ;U;4010;0023200007;BENS ARRENDADOS - ARRENDAMENTO FINANCEIRO         ; 0000000028528418,08
200505;02992446;BCO CNH CAPITAL S.A.                                        ;U;4010;0024000000;DIFERIDO                                          ; 0000000000352362,74
200505;02992446;BCO CNH CAPITAL S.A.                                        ;U;4010;0024100003;GASTOS DE ORGANIZACAO E EXPANSAO                  ; 0000000000352362,74
200505;02992446;BCO CNH CAPITAL S.A.                                        ;U;4010;0030000001;COMPENSACAO                                       ; 0000007255303247,10
200505;02992446;BCO CNH CAPITAL S.A.                                        ;U;4010;0030100004;COOBRIGACOES E RISCOS EM GARANTIAS PRESTADAS      ; 0000000072045887,42
200505;02992446;BCO CNH CAPITAL S.A.                                        ;U;4010;0030300000;TITULOS E VALORES MOBILIARIOS                     ; 0000000191062156,68
200505;02992446;BCO CNH CAPITAL S.A.                                        ;U;4010;0030400003;CUSTODIA DE VALORES                               ; 0000000556718745,68
200505;02992446;BCO CNH CAPITAL S.A.                                        ;U;4010;0030900008;CONTROLE                                          ; 0000003258051932,30
200505;02992446;BCO CNH CAPITAL S.A.                                        ;U;4010;0031000000;CLASSIFICACAO DA CARTEIRA DE CREDITOS             ; 0000003177424525,02
200505;02992446;BCO CNH CAPITAL S.A.                                        ;U;4010;0031200006;OPERACOES DE RISCO NIVEL A                        ; 0000000446782670,57
200505;02992446;BCO CNH CAPITAL S.A.                                        ;U;4010;0031300009;OPERACOES DE RISCO NIVELB                         ; 0000001582937524,49
200505;02992446;BCO CNH CAPITAL S.A.                                        ;U;4010;0031400002;OPERACOES DE RISCO NIVELC                         ; 0000000839347704,62
200505;02992446;BCO CNH CAPITAL S.A.                                        ;U;4010;0031500005;OPERACOES DE RISCO NIVEL D                        ; 0000000208792345,27
200505;02992446;BCO CNH CAPITAL S.A.                                        ;U;4010;0031600008;OPERACOES DE RISCO NIVEL E                        ; 0000000034543244,70
200505;02992446;BCO CNH CAPITAL S.A.                                        ;U;4010;0031700001;OPERACOES DE RISCO NIVEL F                        ; 0000000011358652,60
200505;02992446;BCO CNH CAPITAL S.A.                                        ;U;4010;0031800004;OPERACOES DE RISCO NIVEL G                        ; 0000000006082271,47
200505;02992446;BCO CNH CAPITAL S.A.                                        ;U;4010;0031900007;OPERACOES DE RISCO NIVEL H                        ; 0000000047580111,30
200505;02992446;BCO CNH CAPITAL S.A.                                        ;U;4010;0039999993;TOTAL GERAL DO ATIVO                              ; 0000010886063690,00
200505;02992446;BCO CNH CAPITAL S.A.                                        ;U;4010;0040000008;CIRCULANTE EXIGIVEL A LONGO PRAZO                 ; 0000003066235446,74
200505;02992446;BCO CNH CAPITAL S.A.                                        ;U;4010;0041000007;DEPOSITOS                                         ; 0000000224180743,99
200505;02992446;BCO CNH CAPITAL S.A.                                        ;U;4010;0041300006;DEPOSITOS INTERFINANCEIROS                        ; 0000000020338321,65
200505;02992446;BCO CNH CAPITAL S.A.                                        ;U;4010;0041500002;DEPOSITOS A PRAZO                                 ; 0000000203842422,34
200505;02992446;BCO CNH CAPITAL S.A.                                        ;U;4010;0046000002;OBRIGACOES POR EMPRESTIMOS E REPASSES             ; 0000002785050061,56
200505;02992446;BCO CNH CAPITAL S.A.                                        ;U;4010;0046400004;REPASSES DO PAIS - INSTITUICOES OFICIAIS          ; 0000002785050061,56
200505;02992446;BCO CNH CAPITAL S.A.                                        ;U;4010;0049000009;OUTRAS OBRIGACOES                                 ; 0000000057004641,19
200505;02992446;BCO CNH CAPITAL S.A.                                        ;U;4010;0049100002;COBRANCA E ARRECADACAO DE TRIBUTOS E ASSEMELHADOS ; 0000000000049028,73
200505;02992446;BCO CNH CAPITAL S.A.                                        ;U;4010;0049300008;SOCIAIS E ESTATUTARIAS                            ; 0000000000101677,78
200505;02992446;BCO CNH CAPITAL S.A.                                        ;U;4010;0049400001;FISCAIS E PREVIDENCIARIAS                         ; 0000000024755678,66
200505;02992446;BCO CNH CAPITAL S.A.                                        ;U;4010;0049900006;DIVERSAS                                          ; 0000000032098256,02
200505;02992446;BCO CNH CAPITAL S.A.                                        ;U;4010;0050000005;RESULTADOS DE EXERCICIOS FUTUROS                  ; 0000000094147539,32
200505;02992446;BCO CNH CAPITAL S.A.                                        ;U;4010;0051000004;RECEITAS DE EXERCICIOS FUTUROS                    ; 0000000094147539,32
200505;02992446;BCO CNH CAPITAL S.A.                                        ;U;4010;0051100007;RECEITAS DE EXERCICIOS FUTUROS                    ; 0000000094147539,32
200505;02992446;BCO CNH CAPITAL S.A.                                        ;U;4010;0060000002;PATRIMONIO LIQUIDO                                ; 0000000467737220,67
200505;02992446;BCO CNH CAPITAL S.A.                                        ;U;4010;0061000001;PATRIMONIO LIQUIDO                                ; 0000000467737220,67
200505;02992446;BCO CNH CAPITAL S.A.                                        ;U;4010;0061100004;CAPITAL SOCIAL                                    ; 0000000252285242,00
200505;02992446;BCO CNH CAPITAL S.A.                                        ;U;4010;0061300000;RESERVAS DE CAPITAL                               ; 0000000064638989,91
200505;02992446;BCO CNH CAPITAL S.A.                                        ;U;4010;0061500006;RESERVAS DE LUCROS                                ; 0000000011402722,48
200505;02992446;BCO CNH CAPITAL S.A.                                        ;U;4010;0061600009;AJUSTES DE AVALIACAO PATRIMONIAL                  ;-0000000000092431,48
200505;02992446;BCO CNH CAPITAL S.A.                                        ;U;4010;0061800005;LUCROS OU PREJUIZOS ACUMULADOS                    ; 0000000139502697,76
200505;02992446;BCO CNH CAPITAL S.A.                                        ;U;4010;0070000009;CONTAS DE RESULTADO CREDORAS                      ; 0000000227301720,64
200505;02992446;BCO CNH CAPITAL S.A.                                        ;U;4010;0071000008;RECEITAS OPERACIONAIS                             ; 0000000227301720,64
200505;02992446;BCO CNH CAPITAL S.A.                                        ;U;4010;0071100001;RENDAS DE OPERACOES DE CREDITO                    ; 0000000171589811,74
200505;02992446;BCO CNH CAPITAL S.A.                                        ;U;4010;0071200004;RENDAS DE ARRENDAMENTO MERCANTIL                  ; 0000000006809436,22
200505;02992446;BCO CNH CAPITAL S.A.                                        ;U;4010;0071400000;RENDAS DE APLICACOES INTERFINANCEIRAS DE LIQUIDEZ ; 0000000020144300,05
200505;02992446;BCO CNH CAPITAL S.A.                                        ;U;4010;0071500003;RENDAS COM TIT. E VAL. MOB. E INST. FINANC. DERIV.; 0000000009344530,21
200505;02992446;BCO CNH CAPITAL S.A.                                        ;U;4010;0071700009;RENDAS DE PRESTACAO DE SERVICOS                   ; 0000000002124623,79
200505;02992446;BCO CNH CAPITAL S.A.                                        ;U;4010;0071800002;RENDAS DE PARTICIPACOES                           ; 0000000014272379,06
200505;02992446;BCO CNH CAPITAL S.A.                                        ;U;4010;0071900005;OUTRAS RECEITAS OPERACIONAIS                      ; 0000000003016639,57
200505;02992446;BCO CNH CAPITAL S.A.                                        ;U;4010;0080000006;(-) CONTAS DE RESULTADO DEVEDORAS                 ;-0000000224661484,47
200505;02992446;BCO CNH CAPITAL S.A.                                        ;U;4010;0081000005;(-) DESPESAS OPERACIONAIS                         ;-0000000222667154,69
200505;02992446;BCO CNH CAPITAL S.A.                                        ;U;4010;0081100008;(-) DESPESAS DE CAPTACAO                          ;-0000000013775039,31
200505;02992446;BCO CNH CAPITAL S.A.                                        ;U;4010;0081200001;(-) DESP DE OBRIGACOES POR EMPRESTIMOS E REPASSES ;-0000000098333671,40
200505;02992446;BCO CNH CAPITAL S.A.                                        ;U;4010;0081300004;(-) DESPESAS DE ARRENDAMENTO MERCANTIL            ;-0000000004959565,48
200505;02992446;BCO CNH CAPITAL S.A.                                        ;U;4010;0081700006;(-) DESPESAS ADMINISTRATIVAS                      ;-0000000030573563,65
200505;02992446;BCO CNH CAPITAL S.A.                                        ;U;4010;0081800009;(-) APROVISIONAMENTOS E AJUSTES PATRIMONIAIS      ;-0000000063595058,39
200505;02992446;BCO CNH CAPITAL S.A.                                        ;U;4010;0081900002;(-) OUTRAS DESPESAS OPERACIONAIS                  ;-0000000011430256,46
200505;02992446;BCO CNH CAPITAL S.A.                                        ;U;4010;0083000003;(-) DESPESAS NAO OPERACIONAIS                     ;-0000000000126523,35
200505;02992446;BCO CNH CAPITAL S.A.                                        ;U;4010;0083100006;(-) PREJUIZOS EM TRANSACOES COM VALORES E BENS    ;-0000000000126523,35
200505;02992446;BCO CNH CAPITAL S.A.                                        ;U;4010;0089000007;(-) APURACAO DE RESULTADO                         ;-0000000001867806,43
200505;02992446;BCO CNH CAPITAL S.A.                                        ;U;4010;0089400009;(-) IMPOSTO DE RENDA                              ;-0000000001686956,69
200505;02992446;BCO CNH CAPITAL S.A.                                        ;U;4010;0089700008;(-) PARTICIPACOES NO LUCRO                        ;-0000000000180849,74
200505;02992446;BCO CNH CAPITAL S.A.                                        ;U;4010;0090000003;COMPENSACAO                                       ; 0000007255303247,10
200505;02992446;BCO CNH CAPITAL S.A.                                        ;U;4010;0090100006;COOBRIGACOES E RISCOS EM GARANTIAS PRESTADAS      ; 0000000072045887,42
200505;02992446;BCO CNH CAPITAL S.A.                                        ;U;4010;0090300002;TITULOS E VALORES MOBILIARIOS                     ; 0000000191062156,68
200505;02992446;BCO CNH CAPITAL S.A.                                        ;U;4010;0090400005;CUSTODIA DE VALORES                               ; 0000000556718745,68
200505;02992446;BCO CNH CAPITAL S.A.                                        ;U;4010;0090900000;CONTROLE                                          ; 0000003258051932,30
200505;02992446;BCO CNH CAPITAL S.A.                                        ;U;4010;0091000002;CLASSIFICACAO DA CARTEIRA DE CREDITOS             ; 0000003177424525,02
200505;02992446;BCO CNH CAPITAL S.A.                                        ;U;4010;0091100005;OPERACOES DE CREDITOS E ARRENDAMENTO MERCANTIL    ; 0000003177424525,02
200505;02992446;BCO CNH CAPITAL S.A.                                        ;U;4010;0099999995;TOTAL GERAL DO PASSIVO                            ; 0000010886063690,00
200505;03012230;HIPERCARD                                                   ;U;4010;0010000007;CIRCULANTE E REALIZAVEL A LONGO PRAZO             ; 0000001090727633,99
200505;03012230;HIPERCARD                                                   ;U;4010;0011000006;DISPONIBILIDADES                                  ; 0000000000035780,31
200505;03012230;HIPERCARD                                                   ;U;4010;0011300005;RESERVAS LIVRES                                   ; 0000000000035780,31
200505;03012230;HIPERCARD                                                   ;U;4010;0012000005;APLICACOES INTERFINANCEIRAS DE LIQUIDEZ           ; 0000000002570423,15
200505;03012230;HIPERCARD                                                   ;U;4010;0012100008;APLICACOES EM OPERACOES COMPROMISSADAS            ; 0000000002219896,21
200505;03012230;HIPERCARD                                                   ;U;4010;0012200001;APLICACOES EM DEPOSITOS INTERFINANCEIROS          ; 0000000000350526,94
200505;03012230;HIPERCARD                                                   ;U;4010;0013000004;TITULOS E VAL. MOB. E INST. FINANC. DERIVATIVOS   ; 0000000000593314,67
200505;03012230;HIPERCARD                                                   ;U;4010;0013600002;VINCULADOS A PRESTACAO DE GARANTIAS               ; 0000000000593314,67
200505;03012230;HIPERCARD                                                   ;U;4010;0014000003;RELACOES INTERFINANCEIRAS                         ; 0000000000125753,52
200505;03012230;HIPERCARD                                                   ;U;4010;0014200009;CREDITOS VINCULADOS                               ; 0000000000035917,68
200505;03012230;HIPERCARD                                                   ;U;4010;0014400005;RELACOES COM CORRESPONDENTES                      ; 0000000000089835,84
200505;03012230;HIPERCARD                                                   ;U;4010;0016000001;OPERACOES DE CREDITO                              ; 0000001044747313,57
200505;03012230;HIPERCARD                                                   ;U;4010;0016100004;EMPRESTIMOS E TITULOS DESCONTADOS                 ; 0000001107418255,60
200505;03012230;HIPERCARD                                                   ;U;4010;0016900008;(-) PROVISOES PARA OPERACOES DE CREDITO           ;-0000000062670942,03
200505;03012230;HIPERCARD                                                   ;U;4010;0018000009;OUTROS CREDITOS                                   ; 0000000042655048,77
200505;03012230;HIPERCARD                                                   ;U;4010;0018300008;RENDAS A RECEBER                                  ; 0000000000759269,93
200505;03012230;HIPERCARD                                                   ;U;4010;0018800003;DIVERSOS                                          ; 0000000041895778,84
200505;03012230;HIPERCARD                                                   ;U;4010;0020000004;PERMANENTE                                        ; 0000000013623078,87
200505;03012230;HIPERCARD                                                   ;U;4010;0021000003;INVESTIMENTOS                                     ; 0000000000182105,31
200505;03012230;HIPERCARD                                                   ;U;4010;0021400005;TITULOS PATRIMONIAIS                              ; 0000000000182105,31
200505;03012230;HIPERCARD                                                   ;U;4010;0022000002;IMOBILIZADO DE USO                                ; 0000000000014956,81
200505;03012230;HIPERCARD                                                   ;U;4010;0022400004;INSTALACOES, MOVEIS E EQUIPAMENTOS DE USO         ; 0000000000014956,81
200505;03012230;HIPERCARD                                                   ;U;4010;0024000000;DIFERIDO                                          ; 0000000013426016,75
200505;03012230;HIPERCARD                                                   ;U;4010;0024100003;GASTOS DE ORGANIZACAO E EXPANSAO                  ; 0000000013426016,75
200505;03012230;HIPERCARD                                                   ;U;4010;0030000001;COMPENSACAO                                       ; 0000002498549660,16
200505;03012230;HIPERCARD                                                   ;U;4010;0030300000;TITULOS E VALORES MOBILIARIOS                     ; 0000000001186629,34
200505;03012230;HIPERCARD                                                   ;U;4010;0030500006;COBRANCA                                          ; 0000000152623820,84
200505;03012230;HIPERCARD                                                   ;U;4010;0030600009;NEGOCIACAO E INTERMEDIACAO DE VALORES             ; 0000000002231178,28
200505;03012230;HIPERCARD                                                   ;U;4010;0030900008;CONTROLE                                          ; 0000001235089776,10
200505;03012230;HIPERCARD                                                   ;U;4010;0031000000;CLASSIFICACAO DA CARTEIRA DE CREDITOS             ; 0000001107418255,60
200505;03012230;HIPERCARD                                                   ;U;4010;0031200006;OPERACOES DE RISCO NIVEL A                        ; 0000000971729079,37
200505;03012230;HIPERCARD                                                   ;U;4010;0031300009;OPERACOES DE RISCO NIVELB                         ; 0000000028245895,65
200505;03012230;HIPERCARD                                                   ;U;4010;0031400002;OPERACOES DE RISCO NIVELC                         ; 0000000018216987,09
200505;03012230;HIPERCARD                                                   ;U;4010;0031500005;OPERACOES DE RISCO NIVEL D                        ; 0000000014239774,49
200505;03012230;HIPERCARD                                                   ;U;4010;0031600008;OPERACOES DE RISCO NIVEL E                        ; 0000000015741558,56
200505;03012230;HIPERCARD                                                   ;U;4010;0031700001;OPERACOES DE RISCO NIVEL F                        ; 0000000012407988,01
200505;03012230;HIPERCARD                                                   ;U;4010;0031800004;OPERACOES DE RISCO NIVEL G                        ; 0000000007541606,99
200505;03012230;HIPERCARD                                                   ;U;4010;0031900007;OPERACOES DE RISCO NIVEL H                        ; 0000000039295365,44
200505;03012230;HIPERCARD                                                   ;U;4010;0039999993;TOTAL GERAL DO ATIVO                              ; 0000003602900373,02
200505;03012230;HIPERCARD                                                   ;U;4010;0040000008;CIRCULANTE EXIGIVEL A LONGO PRAZO                 ; 0000001025463233,79
200505;03012230;HIPERCARD                                                   ;U;4010;0041000007;DEPOSITOS                                         ; 0000000391125450,06
200505;03012230;HIPERCARD                                                   ;U;4010;0041300006;DEPOSITOS INTERFINANCEIROS                        ; 0000000391125450,06
200505;03012230;HIPERCARD                                                   ;U;4010;0045000003;RELACOES INTERDEPENDENCIAS                        ; 0000000000001000,00
200505;03012230;HIPERCARD                                                   ;U;4010;0045200009;TRANSFERENCIAS INTERNAS DE RECURSOS               ; 0000000000001000,00
200505;03012230;HIPERCARD                                                   ;U;4010;0047000001;INSTRUMENTOS FINANCEIROS DERIVATIVOS              ; 0000000000063178,28
200505;03012230;HIPERCARD                                                   ;U;4010;0047100004;INSTRUMENTOS FINANCEIROS DERIVATIVOS              ; 0000000000063178,28
200505;03012230;HIPERCARD                                                   ;U;4010;0049000009;OUTRAS OBRIGACOES                                 ; 0000000634273605,45
200505;03012230;HIPERCARD                                                   ;U;4010;0049100002;COBRANCA E ARRECADACAO DE TRIBUTOS E ASSEMELHADOS ; 0000000000255893,72
200505;03012230;HIPERCARD                                                   ;U;4010;0049400001;FISCAIS E PREVIDENCIARIAS                         ; 0000000021359000,47
200505;03012230;HIPERCARD                                                   ;U;4010;0049900006;DIVERSAS                                          ; 0000000612658711,26
200505;03012230;HIPERCARD                                                   ;U;4010;0060000002;PATRIMONIO LIQUIDO                                ; 0000000048970585,97
200505;03012230;HIPERCARD                                                   ;U;4010;0061000001;PATRIMONIO LIQUIDO                                ; 0000000048970585,97
200505;03012230;HIPERCARD                                                   ;U;4010;0061100004;CAPITAL SOCIAL                                    ; 0000000078944534,38
200505;03012230;HIPERCARD                                                   ;U;4010;0061300000;RESERVAS DE CAPITAL                               ; 0000000000164605,31
200505;03012230;HIPERCARD                                                   ;U;4010;0061600009;AJUSTES DE AVALIACAO PATRIMONIAL                  ;-0000000000000037,20
200505;03012230;HIPERCARD                                                   ;U;4010;0061800005;LUCROS OU PREJUIZOS ACUMULADOS                    ;-0000000030138516,52
200505;03012230;HIPERCARD                                                   ;U;4010;0070000009;CONTAS DE RESULTADO CREDORAS                      ; 0000000174519613,13
200505;03012230;HIPERCARD                                                   ;U;4010;0071000008;RECEITAS OPERACIONAIS                             ; 0000000174519613,13
200505;03012230;HIPERCARD                                                   ;U;4010;0071100001;RENDAS DE OPERACOES DE CREDITO                    ; 0000000146572739,78
200505;03012230;HIPERCARD                                                   ;U;4010;0071400000;RENDAS DE APLICACOES INTERFINANCEIRAS DE LIQUIDEZ ; 0000000001031878,96
200505;03012230;HIPERCARD                                                   ;U;4010;0071500003;RENDAS COM TIT. E VAL. MOB. E INST. FINANC. DERIV.; 0000000000065228,21
200505;03012230;HIPERCARD                                                   ;U;4010;0071700009;RENDAS DE PRESTACAO DE SERVICOS                   ; 0000000005192606,19
200505;03012230;HIPERCARD                                                   ;U;4010;0071900005;OUTRAS RECEITAS OPERACIONAIS                      ; 0000000021657159,99
200505;03012230;HIPERCARD                                                   ;U;4010;0080000006;(-) CONTAS DE RESULTADO DEVEDORAS                 ;-0000000144602720,03
200505;03012230;HIPERCARD                                                   ;U;4010;0081000005;(-) DESPESAS OPERACIONAIS                         ;-0000000131459286,01
200505;03012230;HIPERCARD                                                   ;U;4010;0081100008;(-) DESPESAS DE CAPTACAO                          ;-0000000018109906,20
200505;03012230;HIPERCARD                                                   ;U;4010;0081500000;(-) DESP. COM TIT. E VAL. MOB. E INST. FIN. DERIV.;-0000000000015894,91
200505;03012230;HIPERCARD                                                   ;U;4010;0081700006;(-) DESPESAS ADMINISTRATIVAS                      ;-0000000024824727,78
200505;03012230;HIPERCARD                                                   ;U;4010;0081800009;(-) APROVISIONAMENTOS E AJUSTES PATRIMONIAIS      ;-0000000070628896,30
200505;03012230;HIPERCARD                                                   ;U;4010;0081900002;(-) OUTRAS DESPESAS OPERACIONAIS                  ;-0000000017879860,82
200505;03012230;HIPERCARD                                                   ;U;4010;0089000007;(-) APURACAO DE RESULTADO                         ;-0000000013143434,02
200505;03012230;HIPERCARD                                                   ;U;4010;0089400009;(-) IMPOSTO DE RENDA                              ;-0000000013122716,57
200505;03012230;HIPERCARD                                                   ;U;4010;0089700008;(-) PARTICIPACOES NO LUCRO                        ;-0000000000020717,45
200505;03012230;HIPERCARD                                                   ;U;4010;0090000003;COMPENSACAO                                       ; 0000002498549660,16
200505;03012230;HIPERCARD                                                   ;U;4010;0090300002;TITULOS E VALORES MOBILIARIOS                     ; 0000000001186629,34
200505;03012230;HIPERCARD                                                   ;U;4010;0090500008;COBRANCA                                          ; 0000000152623820,84
200505;03012230;HIPERCARD                                                   ;U;4010;0090600001;NEGOCIACAO E INTERMEDIACAO DE VALORES             ; 0000000002231178,28
200505;03012230;HIPERCARD                                                   ;U;4010;0090900000;CONTROLE                                          ; 0000001235089776,10
200505;03012230;HIPERCARD                                                   ;U;4010;0091000002;CLASSIFICACAO DA CARTEIRA DE CREDITOS             ; 0000001107418255,60
200505;03012230;HIPERCARD                                                   ;U;4010;0091100005;OPERACOES DE CREDITOS E ARRENDAMENTO MERCANTIL    ; 0000001107418255,60
200505;03012230;HIPERCARD                                                   ;U;4010;0099999995;TOTAL GERAL DO PASSIVO                            ; 0000003602900373,02
200505;03017677;BCO. J.SAFRA S.A.                                           ;U;4010;0010000007;CIRCULANTE E REALIZAVEL A LONGO PRAZO             ; 0000002207296642,01
200505;03017677;BCO. J.SAFRA S.A.                                           ;U;4010;0011000006;DISPONIBILIDADES                                  ; 0000000000358978,57
200505;03017677;BCO. J.SAFRA S.A.                                           ;U;4010;0011100009;CAIXA                                             ; 0000000000008497,94
200505;03017677;BCO. J.SAFRA S.A.                                           ;U;4010;0011500001;DISPONIBILIDADES EM MOEDAS ESTRANGEIRAS           ; 0000000000350480,63
200505;03017677;BCO. J.SAFRA S.A.                                           ;U;4010;0012000005;APLICACOES INTERFINANCEIRAS DE LIQUIDEZ           ; 0000000184327571,61
200505;03017677;BCO. J.SAFRA S.A.                                           ;U;4010;0012100008;APLICACOES EM OPERACOES COMPROMISSADAS            ; 0000000151998632,00
200505;03017677;BCO. J.SAFRA S.A.                                           ;U;4010;0012200001;APLICACOES EM DEPOSITOS INTERFINANCEIROS          ; 0000000032328939,61
200505;03017677;BCO. J.SAFRA S.A.                                           ;U;4010;0013000004;TITULOS E VAL. MOB. E INST. FINANC. DERIVATIVOS   ; 0000000825972070,48
200505;03017677;BCO. J.SAFRA S.A.                                           ;U;4010;0013100007;LIVRES                                            ; 0000000211855512,93
200505;03017677;BCO. J.SAFRA S.A.                                           ;U;4010;0013200000;VINCULADOS A OPERACOES COMPROMISSADAS             ; 0000000554494697,82
200505;03017677;BCO. J.SAFRA S.A.                                           ;U;4010;0013300003;INSTRUMENTOS FINANCEIROS DERIVATIVOS              ; 0000000036130533,84
200505;03017677;BCO. J.SAFRA S.A.                                           ;U;4010;0013400006;VINCULADOS AO BANCO CENTRAL                       ; 0000000004515648,28
200505;03017677;BCO. J.SAFRA S.A.                                           ;U;4010;0013600002;VINCULADOS A PRESTACAO DE GARANTIAS               ; 0000000018975677,61
200505;03017677;BCO. J.SAFRA S.A.                                           ;U;4010;0014000003;RELACOES INTERFINANCEIRAS                         ; 0000000013227988,62
200505;03017677;BCO. J.SAFRA S.A.                                           ;U;4010;0014100006;DIREITOS JUNTO A PARTIC. DE SISTEMAS DE LIQUIDAÇÃO; 0000000000475327,52
200505;03017677;BCO. J.SAFRA S.A.                                           ;U;4010;0014200009;CREDITOS VINCULADOS                               ; 0000000006329608,53
200505;03017677;BCO. J.SAFRA S.A.                                           ;U;4010;0014400005;RELACOES COM CORRESPONDENTES                      ; 0000000006423052,57
200505;03017677;BCO. J.SAFRA S.A.                                           ;U;4010;0016000001;OPERACOES DE CREDITO                              ; 0000001113972342,73
200505;03017677;BCO. J.SAFRA S.A.                                           ;U;4010;0016100004;EMPRESTIMOS E TITULOS DESCONTADOS                 ; 0000001042112946,35
200505;03017677;BCO. J.SAFRA S.A.                                           ;U;4010;0016200007;FINANCIAMENTOS                                    ; 0000000082134750,61
200505;03017677;BCO. J.SAFRA S.A.                                           ;U;4010;0016900008;(-) PROVISOES PARA OPERACOES DE CREDITO           ;-0000000010275354,23
200505;03017677;BCO. J.SAFRA S.A.                                           ;U;4010;0018000009;OUTROS CREDITOS                                   ; 0000000067640874,81
200505;03017677;BCO. J.SAFRA S.A.                                           ;U;4010;0018200005;CARTEIRA DE CAMBIO                                ; 0000000060678609,00
200505;03017677;BCO. J.SAFRA S.A.                                           ;U;4010;0018400001;NEGOCIACAO E INTERMEDIACAO DE VALORES             ; 0000000004295825,91
200505;03017677;BCO. J.SAFRA S.A.                                           ;U;4010;0018800003;DIVERSOS                                          ; 0000000002666439,90
200505;03017677;BCO. J.SAFRA S.A.                                           ;U;4010;0019000008;OUTROS VALORES E BENS                             ; 0000000001796815,19
200505;03017677;BCO. J.SAFRA S.A.                                           ;U;4010;0019900005;DESPESAS ANTECIPADAS                              ; 0000000001796815,19
200505;03017677;BCO. J.SAFRA S.A.                                           ;U;4010;0020000004;PERMANENTE                                        ; 0000000034711240,51
200505;03017677;BCO. J.SAFRA S.A.                                           ;U;4010;0021000003;INVESTIMENTOS                                     ; 0000000024678405,68
200505;03017677;BCO. J.SAFRA S.A.                                           ;U;4010;0021200009;PARTICIPACOES EM COLIGADAS E CONTROLADAS NO PAIS  ; 0000000024638305,68
200505;03017677;BCO. J.SAFRA S.A.                                           ;U;4010;0021400005;TITULOS PATRIMONIAIS                              ; 0000000000040000,00
200505;03017677;BCO. J.SAFRA S.A.                                           ;U;4010;0021500008;ACOES E COTAS                                     ; 0000000000000100,00
200505;03017677;BCO. J.SAFRA S.A.                                           ;U;4010;0022000002;IMOBILIZADO DE USO                                ; 0000000004741574,93
200505;03017677;BCO. J.SAFRA S.A.                                           ;U;4010;0022400004;INSTALACOES, MOVEIS E EQUIPAMENTOS DE USO         ; 0000000001276007,73
200505;03017677;BCO. J.SAFRA S.A.                                           ;U;4010;0022900009;OUTROS                                            ; 0000000003465567,20
200505;03017677;BCO. J.SAFRA S.A.                                           ;U;4010;0024000000;DIFERIDO                                          ; 0000000005291259,90
200505;03017677;BCO. J.SAFRA S.A.                                           ;U;4010;0024100003;GASTOS DE ORGANIZACAO E EXPANSAO                  ; 0000000005291259,90
200505;03017677;BCO. J.SAFRA S.A.                                           ;U;4010;0030000001;COMPENSACAO                                       ; 0000006348765035,05
200505;03017677;BCO. J.SAFRA S.A.                                           ;U;4010;0030100004;COOBRIGACOES E RISCOS EM GARANTIAS PRESTADAS      ; 0000000013567532,06
200505;03017677;BCO. J.SAFRA S.A.                                           ;U;4010;0030300000;TITULOS E VALORES MOBILIARIOS                     ; 0000001579683073,28
200505;03017677;BCO. J.SAFRA S.A.                                           ;U;4010;0030400003;CUSTODIA DE VALORES                               ; 0000000075249015,15
200505;03017677;BCO. J.SAFRA S.A.                                           ;U;4010;0030500006;COBRANCA                                          ; 0000000605689679,58
200505;03017677;BCO. J.SAFRA S.A.                                           ;U;4010;0030600009;NEGOCIACAO E INTERMEDIACAO DE VALORES             ; 0000002793994499,82
200505;03017677;BCO. J.SAFRA S.A.                                           ;U;4010;0030900008;CONTROLE                                          ; 0000000156333538,20
200505;03017677;BCO. J.SAFRA S.A.                                           ;U;4010;0031000000;CLASSIFICACAO DA CARTEIRA DE CREDITOS             ; 0000001124247696,96
200505;03017677;BCO. J.SAFRA S.A.                                           ;U;4010;0031100003;OPERACOES DE RISCO NIVEL AA                       ; 0000000222283628,51
200505;03017677;BCO. J.SAFRA S.A.                                           ;U;4010;0031200006;OPERACOES DE RISCO NIVEL A                        ; 0000000527790852,69
200505;03017677;BCO. J.SAFRA S.A.                                           ;U;4010;0031300009;OPERACOES DE RISCO NIVELB                         ; 0000000256890536,03
200505;03017677;BCO. J.SAFRA S.A.                                           ;U;4010;0031400002;OPERACOES DE RISCO NIVELC                         ; 0000000111646609,87
200505;03017677;BCO. J.SAFRA S.A.                                           ;U;4010;0031500005;OPERACOES DE RISCO NIVEL D                        ; 0000000004221165,21
200505;03017677;BCO. J.SAFRA S.A.                                           ;U;4010;0031600008;OPERACOES DE RISCO NIVEL E                        ; 0000000000126116,52
200505;03017677;BCO. J.SAFRA S.A.                                           ;U;4010;0031700001;OPERACOES DE RISCO NIVEL F                        ; 0000000001172705,15
200505;03017677;BCO. J.SAFRA S.A.                                           ;U;4010;0031900007;OPERACOES DE RISCO NIVEL H                        ; 0000000000116082,98
200505;03017677;BCO. J.SAFRA S.A.                                           ;U;4010;0039999993;TOTAL GERAL DO ATIVO                              ; 0000008590772917,57
200505;03017677;BCO. J.SAFRA S.A.                                           ;U;4010;0040000008;CIRCULANTE EXIGIVEL A LONGO PRAZO                 ; 0000001989095292,60
200505;03017677;BCO. J.SAFRA S.A.                                           ;U;4010;0041000007;DEPOSITOS                                         ; 0000000743171622,80
200505;03017677;BCO. J.SAFRA S.A.                                           ;U;4010;0041100000;DEPOSITOS A VISTA                                 ; 0000000134136477,46
200505;03017677;BCO. J.SAFRA S.A.                                           ;U;4010;0041300006;DEPOSITOS INTERFINANCEIROS                        ; 0000000082317404,69
200505;03017677;BCO. J.SAFRA S.A.                                           ;U;4010;0041500002;DEPOSITOS A PRAZO                                 ; 0000000526717737,00
200505;03017677;BCO. J.SAFRA S.A.                                           ;U;4010;0041900004;OUTROS DEPOSITOS                                  ; 0000000000000003,65
200505;03017677;BCO. J.SAFRA S.A.                                           ;U;4010;0042000006;OBRIGACOES POR OPERACOES COMPROMISSADAS           ; 0000000550969016,52
200505;03017677;BCO. J.SAFRA S.A.                                           ;U;4010;0042100009;CARTEIRA PROPRIA                                  ; 0000000550969016,52
200505;03017677;BCO. J.SAFRA S.A.                                           ;U;4010;0043000005;RECURSOS ACEITES CAMB,LI E HIP.,DEBENT.E SIMILARES; 0000000236854070,25
200505;03017677;BCO. J.SAFRA S.A.                                           ;U;4010;0043500000;OBRIGACOES P/TITULOS E VALS.MOBILIARIOS EXTERIOR  ; 0000000236854070,25
200505;03017677;BCO. J.SAFRA S.A.                                           ;U;4010;0044000004;RELACOES INTERFINANCEIRAS                         ; 0000000000489130,18
200505;03017677;BCO. J.SAFRA S.A.                                           ;U;4010;0044100007;OBRIGAÇÕES JUNTO A PARTIC. DE SIST. DE LIQUIDACÃO ; 0000000000489130,18
200505;03017677;BCO. J.SAFRA S.A.                                           ;U;4010;0047000001;INSTRUMENTOS FINANCEIROS DERIVATIVOS              ; 0000000376401637,56
200505;03017677;BCO. J.SAFRA S.A.                                           ;U;4010;0047100004;INSTRUMENTOS FINANCEIROS DERIVATIVOS              ; 0000000376401637,56
200505;03017677;BCO. J.SAFRA S.A.                                           ;U;4010;0049000009;OUTRAS OBRIGACOES                                 ; 0000000081209815,29
200505;03017677;BCO. J.SAFRA S.A.                                           ;U;4010;0049100002;COBRANCA E ARRECADACAO DE TRIBUTOS E ASSEMELHADOS ; 0000000000333811,49
200505;03017677;BCO. J.SAFRA S.A.                                           ;U;4010;0049200005;CARTEIRA DE CAMBIO                                ; 0000000060678609,00
200505;03017677;BCO. J.SAFRA S.A.                                           ;U;4010;0049300008;SOCIAIS E ESTATUTARIAS                            ; 0000000000149486,19
200505;03017677;BCO. J.SAFRA S.A.                                           ;U;4010;0049400001;FISCAIS E PREVIDENCIARIAS                         ; 0000000006720882,57
200505;03017677;BCO. J.SAFRA S.A.                                           ;U;4010;0049500004;NEGOCIACAO E INTERMEDIACAO DE VALORES             ; 0000000000449580,25
200505;03017677;BCO. J.SAFRA S.A.                                           ;U;4010;0049900006;DIVERSAS                                          ; 0000000012877445,79
200505;03017677;BCO. J.SAFRA S.A.                                           ;U;4010;0050000005;RESULTADOS DE EXERCICIOS FUTUROS                  ; 0000000000392724,33
200505;03017677;BCO. J.SAFRA S.A.                                           ;U;4010;0051000004;RECEITAS DE EXERCICIOS FUTUROS                    ; 0000000000392724,33
200505;03017677;BCO. J.SAFRA S.A.                                           ;U;4010;0051100007;RECEITAS DE EXERCICIOS FUTUROS                    ; 0000000000392724,33
200505;03017677;BCO. J.SAFRA S.A.                                           ;U;4010;0060000002;PATRIMONIO LIQUIDO                                ; 0000000255011267,35
200505;03017677;BCO. J.SAFRA S.A.                                           ;U;4010;0061000001;PATRIMONIO LIQUIDO                                ; 0000000255011267,35
200505;03017677;BCO. J.SAFRA S.A.                                           ;U;4010;0061100004;CAPITAL SOCIAL                                    ; 0000000245501000,00
200505;03017677;BCO. J.SAFRA S.A.                                           ;U;4010;0061300000;RESERVAS DE CAPITAL                               ; 0000000001130696,33
200505;03017677;BCO. J.SAFRA S.A.                                           ;U;4010;0061500006;RESERVAS DE LUCROS                                ; 0000000002859786,24
200505;03017677;BCO. J.SAFRA S.A.                                           ;U;4010;0061600009;AJUSTES DE AVALIACAO PATRIMONIAL                  ; 0000000000205611,00
200505;03017677;BCO. J.SAFRA S.A.                                           ;U;4010;0061800005;LUCROS OU PREJUIZOS ACUMULADOS                    ; 0000000005314173,78
200505;03017677;BCO. J.SAFRA S.A.                                           ;U;4010;0070000009;CONTAS DE RESULTADO CREDORAS                      ; 0000000312356206,44
200505;03017677;BCO. J.SAFRA S.A.                                           ;U;4010;0071000008;RECEITAS OPERACIONAIS                             ; 0000000312356206,44
200505;03017677;BCO. J.SAFRA S.A.                                           ;U;4010;0071100001;RENDAS DE OPERACOES DE CREDITO                    ; 0000000050188144,58
200505;03017677;BCO. J.SAFRA S.A.                                           ;U;4010;0071300007;RENDAS DE CAMBIO                                  ; 0000000093265122,95
200505;03017677;BCO. J.SAFRA S.A.                                           ;U;4010;0071400000;RENDAS DE APLICACOES INTERFINANCEIRAS DE LIQUIDEZ ; 0000000001408669,13
200505;03017677;BCO. J.SAFRA S.A.                                           ;U;4010;0071500003;RENDAS COM TIT. E VAL. MOB. E INST. FINANC. DERIV.; 0000000136663567,01
200505;03017677;BCO. J.SAFRA S.A.                                           ;U;4010;0071700009;RENDAS DE PRESTACAO DE SERVICOS                   ; 0000000001216288,04
200505;03017677;BCO. J.SAFRA S.A.                                           ;U;4010;0071800002;RENDAS DE PARTICIPACOES                           ; 0000000000878305,68
200505;03017677;BCO. J.SAFRA S.A.                                           ;U;4010;0071900005;OUTRAS RECEITAS OPERACIONAIS                      ; 0000000028736109,05
200505;03017677;BCO. J.SAFRA S.A.                                           ;U;4010;0080000006;(-) CONTAS DE RESULTADO DEVEDORAS                 ;-0000000314847608,20
200505;03017677;BCO. J.SAFRA S.A.                                           ;U;4010;0081000005;(-) DESPESAS OPERACIONAIS                         ;-0000000310211308,83
200505;03017677;BCO. J.SAFRA S.A.                                           ;U;4010;0081100008;(-) DESPESAS DE CAPTACAO                          ;-0000000053137016,53
200505;03017677;BCO. J.SAFRA S.A.                                           ;U;4010;0081400007;(-) DESPESAS DE CAMBIO                            ;-0000000093290477,06
200505;03017677;BCO. J.SAFRA S.A.                                           ;U;4010;0081500000;(-) DESP. COM TIT. E VAL. MOB. E INST. FIN. DERIV.;-0000000136636714,15
200505;03017677;BCO. J.SAFRA S.A.                                           ;U;4010;0081700006;(-) DESPESAS ADMINISTRATIVAS                      ;-0000000020301174,29
200505;03017677;BCO. J.SAFRA S.A.                                           ;U;4010;0081800009;(-) APROVISIONAMENTOS E AJUSTES PATRIMONIAIS      ;-0000000004382987,68
200505;03017677;BCO. J.SAFRA S.A.                                           ;U;4010;0081900002;(-) OUTRAS DESPESAS OPERACIONAIS                  ;-0000000002462939,12
200505;03017677;BCO. J.SAFRA S.A.                                           ;U;4010;0083000003;(-) DESPESAS NAO OPERACIONAIS                     ;-0000000000201000,00
200505;03017677;BCO. J.SAFRA S.A.                                           ;U;4010;0083900000;(-) OUTRAS DESPESAS NAO OPERACIONAIS              ;-0000000000201000,00
200505;03017677;BCO. J.SAFRA S.A.                                           ;U;4010;0089000007;(-) APURACAO DE RESULTADO                         ;-0000000004435299,37
200505;03017677;BCO. J.SAFRA S.A.                                           ;U;4010;0089400009;(-) IMPOSTO DE RENDA                              ;-0000000004435299,37
200505;03017677;BCO. J.SAFRA S.A.                                           ;U;4010;0090000003;COMPENSACAO                                       ; 0000006348765035,05
200505;03017677;BCO. J.SAFRA S.A.                                           ;U;4010;0090100006;COOBRIGACOES E RISCOS EM GARANTIAS PRESTADAS      ; 0000000013567532,06
200505;03017677;BCO. J.SAFRA S.A.                                           ;U;4010;0090300002;TITULOS E VALORES MOBILIARIOS                     ; 0000001579683073,28
200505;03017677;BCO. J.SAFRA S.A.                                           ;U;4010;0090400005;CUSTODIA DE VALORES                               ; 0000000075249015,15
200505;03017677;BCO. J.SAFRA S.A.                                           ;U;4010;0090500008;COBRANCA                                          ; 0000000605689679,58
200505;03017677;BCO. J.SAFRA S.A.                                           ;U;4010;0090600001;NEGOCIACAO E INTERMEDIACAO DE VALORES             ; 0000002793994499,82
200505;03017677;BCO. J.SAFRA S.A.                                           ;U;4010;0090900000;CONTROLE                                          ; 0000000156333538,20
200505;03017677;BCO. J.SAFRA S.A.                                           ;U;4010;0091000002;CLASSIFICACAO DA CARTEIRA DE CREDITOS             ; 0000001124247696,96
200505;03017677;BCO. J.SAFRA S.A.                                           ;U;4010;0091100005;OPERACOES DE CREDITOS E ARRENDAMENTO MERCANTIL    ; 0000001124247696,96
200505;03017677;BCO. J.SAFRA S.A.                                           ;U;4010;0099999995;TOTAL GERAL DO PASSIVO                            ; 0000008590772917,57
200505;03323840;BCO ALFA S.A.                                               ;B;4010;0010000007;CIRCULANTE E REALIZAVEL A LONGO PRAZO             ; 0000000255491898,20
200505;03323840;BCO ALFA S.A.                                               ;B;4010;0011000006;DISPONIBILIDADES                                  ; 0000000000328058,98
200505;03323840;BCO ALFA S.A.                                               ;B;4010;0011100009;CAIXA                                             ; 0000000000328058,98
200505;03323840;BCO ALFA S.A.                                               ;B;4010;0012000005;APLICACOES INTERFINANCEIRAS DE LIQUIDEZ           ; 0000000085439955,31
200505;03323840;BCO ALFA S.A.                                               ;B;4010;0012100008;APLICACOES EM OPERACOES COMPROMISSADAS            ; 0000000081509852,84
200505;03323840;BCO ALFA S.A.                                               ;B;4010;0012200001;APLICACOES EM DEPOSITOS INTERFINANCEIROS          ; 0000000003930102,47
200505;03323840;BCO ALFA S.A.                                               ;B;4010;0013000004;TITULOS E VAL. MOB. E INST. FINANC. DERIVATIVOS   ; 0000000069365951,32
200505;03323840;BCO ALFA S.A.                                               ;B;4010;0013100007;LIVRES                                            ; 0000000060746491,48
200505;03323840;BCO ALFA S.A.                                               ;B;4010;0013600002;VINCULADOS A PRESTACAO DE GARANTIAS               ; 0000000008619459,84
200505;03323840;BCO ALFA S.A.                                               ;B;4010;0014000003;RELACOES INTERFINANCEIRAS                         ; 0000000027816752,02
200505;03323840;BCO ALFA S.A.                                               ;B;4010;0014100006;DIREITOS JUNTO A PARTIC. DE SISTEMAS DE LIQUIDAÇÃO; 0000000027280046,10
200505;03323840;BCO ALFA S.A.                                               ;B;4010;0014200009;CREDITOS VINCULADOS                               ; 0000000000515499,74
200505;03323840;BCO ALFA S.A.                                               ;B;4010;0014400005;RELACOES COM CORRESPONDENTES                      ; 0000000000021206,18
200505;03323840;BCO ALFA S.A.                                               ;B;4010;0016000001;OPERACOES DE CREDITO                              ; 0000000067846629,24
200505;03323840;BCO ALFA S.A.                                               ;B;4010;0016100004;EMPRESTIMOS E TITULOS DESCONTADOS                 ; 0000000069159022,06
200505;03323840;BCO ALFA S.A.                                               ;B;4010;0016900008;(-) PROVISOES PARA OPERACOES DE CREDITO           ;-0000000001312392,82
200505;03323840;BCO ALFA S.A.                                               ;B;4010;0018000009;OUTROS CREDITOS                                   ; 0000000004693004,41
200505;03323840;BCO ALFA S.A.                                               ;B;4010;0018300008;RENDAS A RECEBER                                  ; 0000000000325000,00
200505;03323840;BCO ALFA S.A.                                               ;B;4010;0018800003;DIVERSOS                                          ; 0000000004368004,41
200505;03323840;BCO ALFA S.A.                                               ;B;4010;0019000008;OUTROS VALORES E BENS                             ; 0000000000001546,92
200505;03323840;BCO ALFA S.A.                                               ;B;4010;0019900005;DESPESAS ANTECIPADAS                              ; 0000000000001546,92
200505;03323840;BCO ALFA S.A.                                               ;B;4010;0020000004;PERMANENTE                                        ; 0000000000522197,34
200505;03323840;BCO ALFA S.A.                                               ;B;4010;0021000003;INVESTIMENTOS                                     ; 0000000000373019,60
200505;03323840;BCO ALFA S.A.                                               ;B;4010;0021400005;TITULOS PATRIMONIAIS                              ; 0000000000024000,00
200505;03323840;BCO ALFA S.A.                                               ;B;4010;0021500008;ACOES E COTAS                                     ; 0000000000349019,60
200505;03323840;BCO ALFA S.A.                                               ;B;4010;0022000002;IMOBILIZADO DE USO                                ; 0000000000111338,03
200505;03323840;BCO ALFA S.A.                                               ;B;4010;0022900009;OUTROS                                            ; 0000000000111338,03
200505;03323840;BCO ALFA S.A.                                               ;B;4010;0024000000;DIFERIDO                                          ; 0000000000037839,71
200505;03323840;BCO ALFA S.A.                                               ;B;4010;0024100003;GASTOS DE ORGANIZACAO E EXPANSAO                  ; 0000000000037839,71
200505;03323840;BCO ALFA S.A.                                               ;B;4010;0030000001;COMPENSACAO                                       ; 0000007543697609,40
200505;03323840;BCO ALFA S.A.                                               ;B;4010;0030100004;COOBRIGACOES E RISCOS EM GARANTIAS PRESTADAS      ; 0000000000240380,00
200505;03323840;BCO ALFA S.A.                                               ;B;4010;0030300000;TITULOS E VALORES MOBILIARIOS                     ; 0000000138731902,64
200505;03323840;BCO ALFA S.A.                                               ;B;4010;0030400003;CUSTODIA DE VALORES                               ; 0000000004192061,23
200505;03323840;BCO ALFA S.A.                                               ;B;4010;0030500006;COBRANCA                                          ; 0000000359956514,99
200505;03323840;BCO ALFA S.A.                                               ;B;4010;0030900008;CONTROLE                                          ; 0000006971417728,48
200505;03323840;BCO ALFA S.A.                                               ;B;4010;0031000000;CLASSIFICACAO DA CARTEIRA DE CREDITOS             ; 0000000069159022,06
200505;03323840;BCO ALFA S.A.                                               ;B;4010;0031100003;OPERACOES DE RISCO NIVEL AA                       ; 0000000003736758,32
200505;03323840;BCO ALFA S.A.                                               ;B;4010;0031200006;OPERACOES DE RISCO NIVEL A                        ; 0000000002163936,41
200505;03323840;BCO ALFA S.A.                                               ;B;4010;0031300009;OPERACOES DE RISCO NIVELB                         ; 0000000059902547,46
200505;03323840;BCO ALFA S.A.                                               ;B;4010;0031400002;OPERACOES DE RISCO NIVELC                         ; 0000000002673287,95
200505;03323840;BCO ALFA S.A.                                               ;B;4010;0031500005;OPERACOES DE RISCO NIVEL D                        ; 0000000000280104,24
200505;03323840;BCO ALFA S.A.                                               ;B;4010;0031600008;OPERACOES DE RISCO NIVEL E                        ; 0000000000071818,41
200505;03323840;BCO ALFA S.A.                                               ;B;4010;0031700001;OPERACOES DE RISCO NIVEL F                        ; 0000000000025207,62
200505;03323840;BCO ALFA S.A.                                               ;B;4010;0031800004;OPERACOES DE RISCO NIVEL G                        ; 0000000000027451,98
200505;03323840;BCO ALFA S.A.                                               ;B;4010;0031900007;OPERACOES DE RISCO NIVEL H                        ; 0000000000277909,67
200505;03323840;BCO ALFA S.A.                                               ;B;4010;0039999993;TOTAL GERAL DO ATIVO                              ; 0000007799711704,94
200505;03323840;BCO ALFA S.A.                                               ;B;4010;0040000008;CIRCULANTE EXIGIVEL A LONGO PRAZO                 ; 0000000218402479,08
200505;03323840;BCO ALFA S.A.                                               ;B;4010;0041000007;DEPOSITOS                                         ; 0000000063532079,54
200505;03323840;BCO ALFA S.A.                                               ;B;4010;0041100000;DEPOSITOS A VISTA                                 ; 0000000037769784,68
200505;03323840;BCO ALFA S.A.                                               ;B;4010;0041300006;DEPOSITOS INTERFINANCEIROS                        ; 0000000025617005,07
200505;03323840;BCO ALFA S.A.                                               ;B;4010;0041900004;OUTROS DEPOSITOS                                  ; 0000000000145289,79
200505;03323840;BCO ALFA S.A.                                               ;B;4010;0042000006;OBRIGACOES POR OPERACOES COMPROMISSADAS           ; 0000000003630000,00
200505;03323840;BCO ALFA S.A.                                               ;B;4010;0042200002;CARTEIRA DE TERCEIROS                             ; 0000000003630000,00
200505;03323840;BCO ALFA S.A.                                               ;B;4010;0044000004;RELACOES INTERFINANCEIRAS                         ; 0000000143076674,57
200505;03323840;BCO ALFA S.A.                                               ;B;4010;0044100007;OBRIGAÇÕES JUNTO A PARTIC. DE SIST. DE LIQUIDACÃO ; 0000000003418947,21
200505;03323840;BCO ALFA S.A.                                               ;B;4010;0044400006;RELACOES COM CORRESPONDENTES                      ; 0000000139657727,36
200505;03323840;BCO ALFA S.A.                                               ;B;4010;0045000003;RELACOES INTERDEPENDENCIAS                        ; 0000000000124261,83
200505;03323840;BCO ALFA S.A.                                               ;B;4010;0045100006;RECURSOS EM TRANSITO DE TERCEIROS                 ; 0000000000124261,83
200505;03323840;BCO ALFA S.A.                                               ;B;4010;0049000009;OUTRAS OBRIGACOES                                 ; 0000000008039463,14
200505;03323840;BCO ALFA S.A.                                               ;B;4010;0049100002;COBRANCA E ARRECADACAO DE TRIBUTOS E ASSEMELHADOS ; 0000000000028697,45
200505;03323840;BCO ALFA S.A.                                               ;B;4010;0049300008;SOCIAIS E ESTATUTARIAS                            ; 0000000000092485,50
200505;03323840;BCO ALFA S.A.                                               ;B;4010;0049400001;FISCAIS E PREVIDENCIARIAS                         ; 0000000005945589,25
200505;03323840;BCO ALFA S.A.                                               ;B;4010;0049900006;DIVERSAS                                          ; 0000000001972690,94
200505;03323840;BCO ALFA S.A.                                               ;B;4010;0060000002;PATRIMONIO LIQUIDO                                ; 0000000035332265,08
200505;03323840;BCO ALFA S.A.                                               ;B;4010;0061000001;PATRIMONIO LIQUIDO                                ; 0000000035332265,08
200505;03323840;BCO ALFA S.A.                                               ;B;4010;0061100004;CAPITAL SOCIAL                                    ; 0000000023443200,00
200505;03323840;BCO ALFA S.A.                                               ;B;4010;0061300000;RESERVAS DE CAPITAL                               ; 0000000000419603,82
200505;03323840;BCO ALFA S.A.                                               ;B;4010;0061500006;RESERVAS DE LUCROS                                ; 0000000011469461,26
200505;03323840;BCO ALFA S.A.                                               ;B;4010;0070000009;CONTAS DE RESULTADO CREDORAS                      ; 0000000018456915,38
200505;03323840;BCO ALFA S.A.                                               ;B;4010;0071000008;RECEITAS OPERACIONAIS                             ; 0000000018454699,21
200505;03323840;BCO ALFA S.A.                                               ;B;4010;0071100001;RENDAS DE OPERACOES DE CREDITO                    ; 0000000009731786,06
200505;03323840;BCO ALFA S.A.                                               ;B;4010;0071400000;RENDAS DE APLICACOES INTERFINANCEIRAS DE LIQUIDEZ ; 0000000003473833,70
200505;03323840;BCO ALFA S.A.                                               ;B;4010;0071500003;RENDAS COM TIT. E VAL. MOB. E INST. FINANC. DERIV.; 0000000004962848,71
200505;03323840;BCO ALFA S.A.                                               ;B;4010;0071700009;RENDAS DE PRESTACAO DE SERVICOS                   ; 0000000000250072,41
200505;03323840;BCO ALFA S.A.                                               ;B;4010;0071900005;OUTRAS RECEITAS OPERACIONAIS                      ; 0000000000036158,33
200505;03323840;BCO ALFA S.A.                                               ;B;4010;0073000006;RECEITAS NAO OPERACIONAIS                         ; 0000000000002216,17
200505;03323840;BCO ALFA S.A.                                               ;B;4010;0073900003;OUTRAS RECEITAS NAO OPERACIONAIS                  ; 0000000000002216,17
200505;03323840;BCO ALFA S.A.                                               ;B;4010;0080000006;(-) CONTAS DE RESULTADO DEVEDORAS                 ;-0000000016177564,00
200505;03323840;BCO ALFA S.A.                                               ;B;4010;0081000005;(-) DESPESAS OPERACIONAIS                         ;-0000000014423587,40
200505;03323840;BCO ALFA S.A.                                               ;B;4010;0081100008;(-) DESPESAS DE CAPTACAO                          ;-0000000005343790,17
200505;03323840;BCO ALFA S.A.                                               ;B;4010;0081500000;(-) DESP. COM TIT. E VAL. MOB. E INST. FIN. DERIV.;-0000000000000183,90
200505;03323840;BCO ALFA S.A.                                               ;B;4010;0081700006;(-) DESPESAS ADMINISTRATIVAS                      ;-0000000004052339,50
200505;03323840;BCO ALFA S.A.                                               ;B;4010;0081800009;(-) APROVISIONAMENTOS E AJUSTES PATRIMONIAIS      ;-0000000000301567,90
200505;03323840;BCO ALFA S.A.                                               ;B;4010;0081900002;(-) OUTRAS DESPESAS OPERACIONAIS                  ;-0000000004725705,93
200505;03323840;BCO ALFA S.A.                                               ;B;4010;0083000003;(-) DESPESAS NAO OPERACIONAIS                     ;-0000000000003034,92
200505;03323840;BCO ALFA S.A.                                               ;B;4010;0083100006;(-) PREJUIZOS EM TRANSACOES COM VALORES E BENS    ;-0000000000001806,58
200505;03323840;BCO ALFA S.A.                                               ;B;4010;0083900000;(-) OUTRAS DESPESAS NAO OPERACIONAIS              ;-0000000000001228,34
200505;03323840;BCO ALFA S.A.                                               ;B;4010;0089000007;(-) APURACAO DE RESULTADO                         ;-0000000001750941,68
200505;03323840;BCO ALFA S.A.                                               ;B;4010;0089400009;(-) IMPOSTO DE RENDA                              ;-0000000001496796,19
200505;03323840;BCO ALFA S.A.                                               ;B;4010;0089700008;(-) PARTICIPACOES NO LUCRO                        ;-0000000000254145,49
200505;03323840;BCO ALFA S.A.                                               ;B;4010;0090000003;COMPENSACAO                                       ; 0000007543697609,40
200505;03323840;BCO ALFA S.A.                                               ;B;4010;0090100006;COOBRIGACOES E RISCOS EM GARANTIAS PRESTADAS      ; 0000000000240380,00
200505;03323840;BCO ALFA S.A.                                               ;B;4010;0090300002;TITULOS E VALORES MOBILIARIOS                     ; 0000000138731902,64
200505;03323840;BCO ALFA S.A.                                               ;B;4010;0090400005;CUSTODIA DE VALORES                               ; 0000000004192061,23
200505;03323840;BCO ALFA S.A.                                               ;B;4010;0090500008;COBRANCA                                          ; 0000000359956514,99
200505;03323840;BCO ALFA S.A.                                               ;B;4010;0090900000;CONTROLE                                          ; 0000006971417728,48
200505;03323840;BCO ALFA S.A.                                               ;B;4010;0091000002;CLASSIFICACAO DA CARTEIRA DE CREDITOS             ; 0000000069159022,06
200505;03323840;BCO ALFA S.A.                                               ;B;4010;0091100005;OPERACOES DE CREDITOS E ARRENDAMENTO MERCANTIL    ; 0000000069159022,06
200505;03323840;BCO ALFA S.A.                                               ;B;4010;0099999995;TOTAL GERAL DO PASSIVO                            ; 0000007799711704,94
200505;03502961;BCO PSA FINANCE BRASIL S.A.                                 ;U;4010;0010000007;CIRCULANTE E REALIZAVEL A LONGO PRAZO             ; 0000000687059860,40
200505;03502961;BCO PSA FINANCE BRASIL S.A.                                 ;U;4010;0011000006;DISPONIBILIDADES                                  ; 0000000009975664,77
200505;03502961;BCO PSA FINANCE BRASIL S.A.                                 ;U;4010;0011100009;CAIXA                                             ; 0000000000002000,00
200505;03502961;BCO PSA FINANCE BRASIL S.A.                                 ;U;4010;0011200002;DEPOSITOS BANCARIOS                               ; 0000000009973664,77
200505;03502961;BCO PSA FINANCE BRASIL S.A.                                 ;U;4010;0012000005;APLICACOES INTERFINANCEIRAS DE LIQUIDEZ           ; 0000000001000000,00
200505;03502961;BCO PSA FINANCE BRASIL S.A.                                 ;U;4010;0012200001;APLICACOES EM DEPOSITOS INTERFINANCEIROS          ; 0000000001000000,00
200505;03502961;BCO PSA FINANCE BRASIL S.A.                                 ;U;4010;0016000001;OPERACOES DE CREDITO                              ; 0000000665550968,82
200505;03502961;BCO PSA FINANCE BRASIL S.A.                                 ;U;4010;0016200007;FINANCIAMENTOS                                    ; 0000000673080548,06
200505;03502961;BCO PSA FINANCE BRASIL S.A.                                 ;U;4010;0016900008;(-) PROVISOES PARA OPERACOES DE CREDITO           ;-0000000007529579,24
200505;03502961;BCO PSA FINANCE BRASIL S.A.                                 ;U;4010;0018000009;OUTROS CREDITOS                                   ; 0000000010503342,94
200505;03502961;BCO PSA FINANCE BRASIL S.A.                                 ;U;4010;0018800003;DIVERSOS                                          ; 0000000010503342,94
200505;03502961;BCO PSA FINANCE BRASIL S.A.                                 ;U;4010;0019000008;OUTROS VALORES E BENS                             ; 0000000000029883,87
200505;03502961;BCO PSA FINANCE BRASIL S.A.                                 ;U;4010;0019800002;OUTROS VALORES E BENS                             ; 0000000000015003,93
200505;03502961;BCO PSA FINANCE BRASIL S.A.                                 ;U;4010;0019900005;DESPESAS ANTECIPADAS                              ; 0000000000014879,94
200505;03502961;BCO PSA FINANCE BRASIL S.A.                                 ;U;4010;0020000004;PERMANENTE                                        ; 0000000001396694,81
200505;03502961;BCO PSA FINANCE BRASIL S.A.                                 ;U;4010;0021000003;INVESTIMENTOS                                     ; 0000000000201035,55
200505;03502961;BCO PSA FINANCE BRASIL S.A.                                 ;U;4010;0021400005;TITULOS PATRIMONIAIS                              ; 0000000000201035,55
200505;03502961;BCO PSA FINANCE BRASIL S.A.                                 ;U;4010;0022000002;IMOBILIZADO DE USO                                ; 0000000001193299,97
200505;03502961;BCO PSA FINANCE BRASIL S.A.                                 ;U;4010;0022400004;INSTALACOES, MOVEIS E EQUIPAMENTOS DE USO         ; 0000000000095885,26
200505;03502961;BCO PSA FINANCE BRASIL S.A.                                 ;U;4010;0022900009;OUTROS                                            ; 0000000001097414,71
200505;03502961;BCO PSA FINANCE BRASIL S.A.                                 ;U;4010;0024000000;DIFERIDO                                          ; 0000000000002359,29
200505;03502961;BCO PSA FINANCE BRASIL S.A.                                 ;U;4010;0024100003;GASTOS DE ORGANIZACAO E EXPANSAO                  ; 0000000000002359,29
200505;03502961;BCO PSA FINANCE BRASIL S.A.                                 ;U;4010;0030000001;COMPENSACAO                                       ; 0000001036413333,75
200505;03502961;BCO PSA FINANCE BRASIL S.A.                                 ;U;4010;0030400003;CUSTODIA DE VALORES                               ; 0000000073466400,00
200505;03502961;BCO PSA FINANCE BRASIL S.A.                                 ;U;4010;0030600009;NEGOCIACAO E INTERMEDIACAO DE VALORES             ; 0000000058938484,95
200505;03502961;BCO PSA FINANCE BRASIL S.A.                                 ;U;4010;0030900008;CONTROLE                                          ; 0000000230927900,74
200505;03502961;BCO PSA FINANCE BRASIL S.A.                                 ;U;4010;0031000000;CLASSIFICACAO DA CARTEIRA DE CREDITOS             ; 0000000673080548,06
200505;03502961;BCO PSA FINANCE BRASIL S.A.                                 ;U;4010;0031200006;OPERACOES DE RISCO NIVEL A                        ; 0000000620967576,00
200505;03502961;BCO PSA FINANCE BRASIL S.A.                                 ;U;4010;0031300009;OPERACOES DE RISCO NIVELB                         ; 0000000033639014,63
200505;03502961;BCO PSA FINANCE BRASIL S.A.                                 ;U;4010;0031400002;OPERACOES DE RISCO NIVELC                         ; 0000000011550765,38
200505;03502961;BCO PSA FINANCE BRASIL S.A.                                 ;U;4010;0031500005;OPERACOES DE RISCO NIVEL D                        ; 0000000001915440,56
200505;03502961;BCO PSA FINANCE BRASIL S.A.                                 ;U;4010;0031600008;OPERACOES DE RISCO NIVEL E                        ; 0000000001308565,29
200505;03502961;BCO PSA FINANCE BRASIL S.A.                                 ;U;4010;0031700001;OPERACOES DE RISCO NIVEL F                        ; 0000000000728141,81
200505;03502961;BCO PSA FINANCE BRASIL S.A.                                 ;U;4010;0031800004;OPERACOES DE RISCO NIVEL G                        ; 0000000000591335,53
200505;03502961;BCO PSA FINANCE BRASIL S.A.                                 ;U;4010;0031900007;OPERACOES DE RISCO NIVEL H                        ; 0000000002379708,86
200505;03502961;BCO PSA FINANCE BRASIL S.A.                                 ;U;4010;0039999993;TOTAL GERAL DO ATIVO                              ; 0000001724869888,96
200505;03502961;BCO PSA FINANCE BRASIL S.A.                                 ;U;4010;0040000008;CIRCULANTE EXIGIVEL A LONGO PRAZO                 ; 0000000623476300,24
200505;03502961;BCO PSA FINANCE BRASIL S.A.                                 ;U;4010;0041000007;DEPOSITOS                                         ; 0000000480887312,47
200505;03502961;BCO PSA FINANCE BRASIL S.A.                                 ;U;4010;0041300006;DEPOSITOS INTERFINANCEIROS                        ; 0000000442517737,54
200505;03502961;BCO PSA FINANCE BRASIL S.A.                                 ;U;4010;0041500002;DEPOSITOS A PRAZO                                 ; 0000000038369574,93
200505;03502961;BCO PSA FINANCE BRASIL S.A.                                 ;U;4010;0046000002;OBRIGACOES POR EMPRESTIMOS E REPASSES             ; 0000000073702326,29
200505;03502961;BCO PSA FINANCE BRASIL S.A.                                 ;U;4010;0046300001;EMPRESTIMOS NO EXTERIOR                           ; 0000000073702326,29
200505;03502961;BCO PSA FINANCE BRASIL S.A.                                 ;U;4010;0047000001;INSTRUMENTOS FINANCEIROS DERIVATIVOS              ; 0000000005340084,97
200505;03502961;BCO PSA FINANCE BRASIL S.A.                                 ;U;4010;0047100004;INSTRUMENTOS FINANCEIROS DERIVATIVOS              ; 0000000005340084,97
200505;03502961;BCO PSA FINANCE BRASIL S.A.                                 ;U;4010;0049000009;OUTRAS OBRIGACOES                                 ; 0000000063546576,51
200505;03502961;BCO PSA FINANCE BRASIL S.A.                                 ;U;4010;0049100002;COBRANCA E ARRECADACAO DE TRIBUTOS E ASSEMELHADOS ; 0000000000429068,12
200505;03502961;BCO PSA FINANCE BRASIL S.A.                                 ;U;4010;0049400001;FISCAIS E PREVIDENCIARIAS                         ; 0000000003783582,65
200505;03502961;BCO PSA FINANCE BRASIL S.A.                                 ;U;4010;0049900006;DIVERSAS                                          ; 0000000059333925,74
200505;03502961;BCO PSA FINANCE BRASIL S.A.                                 ;U;4010;0060000002;PATRIMONIO LIQUIDO                                ; 0000000060920077,21
200505;03502961;BCO PSA FINANCE BRASIL S.A.                                 ;U;4010;0061000001;PATRIMONIO LIQUIDO                                ; 0000000060920077,21
200505;03502961;BCO PSA FINANCE BRASIL S.A.                                 ;U;4010;0061100004;CAPITAL SOCIAL                                    ; 0000000045983563,73
200505;03502961;BCO PSA FINANCE BRASIL S.A.                                 ;U;4010;0061300000;RESERVAS DE CAPITAL                               ; 0000000000174848,93
200505;03502961;BCO PSA FINANCE BRASIL S.A.                                 ;U;4010;0061500006;RESERVAS DE LUCROS                                ; 0000000001330436,85
200505;03502961;BCO PSA FINANCE BRASIL S.A.                                 ;U;4010;0061800005;LUCROS OU PREJUIZOS ACUMULADOS                    ; 0000000013431227,70
200505;03502961;BCO PSA FINANCE BRASIL S.A.                                 ;U;4010;0070000009;CONTAS DE RESULTADO CREDORAS                      ; 0000000071330044,33
200505;03502961;BCO PSA FINANCE BRASIL S.A.                                 ;U;4010;0071000008;RECEITAS OPERACIONAIS                             ; 0000000071311754,01
200505;03502961;BCO PSA FINANCE BRASIL S.A.                                 ;U;4010;0071100001;RENDAS DE OPERACOES DE CREDITO                    ; 0000000058555750,68
200505;03502961;BCO PSA FINANCE BRASIL S.A.                                 ;U;4010;0071400000;RENDAS DE APLICACOES INTERFINANCEIRAS DE LIQUIDEZ ; 0000000000018249,49
200505;03502961;BCO PSA FINANCE BRASIL S.A.                                 ;U;4010;0071500003;RENDAS COM TIT. E VAL. MOB. E INST. FINANC. DERIV.; 0000000001173472,45
200505;03502961;BCO PSA FINANCE BRASIL S.A.                                 ;U;4010;0071700009;RENDAS DE PRESTACAO DE SERVICOS                   ; 0000000003258797,19
200505;03502961;BCO PSA FINANCE BRASIL S.A.                                 ;U;4010;0071900005;OUTRAS RECEITAS OPERACIONAIS                      ; 0000000008305484,20
200505;03502961;BCO PSA FINANCE BRASIL S.A.                                 ;U;4010;0073000006;RECEITAS NAO OPERACIONAIS                         ; 0000000000018290,32
200505;03502961;BCO PSA FINANCE BRASIL S.A.                                 ;U;4010;0073100009;LUCROS EM TRANSACOES COM VALORES E BENS           ; 0000000000015396,26
200505;03502961;BCO PSA FINANCE BRASIL S.A.                                 ;U;4010;0073900003;OUTRAS RECEITAS NAO OPERACIONAIS                  ; 0000000000002894,06
200505;03502961;BCO PSA FINANCE BRASIL S.A.                                 ;U;4010;0080000006;(-) CONTAS DE RESULTADO DEVEDORAS                 ;-0000000067269866,57
200505;03502961;BCO PSA FINANCE BRASIL S.A.                                 ;U;4010;0081000005;(-) DESPESAS OPERACIONAIS                         ;-0000000064553652,13
200505;03502961;BCO PSA FINANCE BRASIL S.A.                                 ;U;4010;0081100008;(-) DESPESAS DE CAPTACAO                          ;-0000000029220074,88
200505;03502961;BCO PSA FINANCE BRASIL S.A.                                 ;U;4010;0081200001;(-) DESP DE OBRIGACOES POR EMPRESTIMOS E REPASSES ;-0000000000885504,56
200505;03502961;BCO PSA FINANCE BRASIL S.A.                                 ;U;4010;0081500000;(-) DESP. COM TIT. E VAL. MOB. E INST. FIN. DERIV.;-0000000012602179,79
200505;03502961;BCO PSA FINANCE BRASIL S.A.                                 ;U;4010;0081700006;(-) DESPESAS ADMINISTRATIVAS                      ;-0000000006381993,34
200505;03502961;BCO PSA FINANCE BRASIL S.A.                                 ;U;4010;0081800009;(-) APROVISIONAMENTOS E AJUSTES PATRIMONIAIS      ;-0000000002936951,88
200505;03502961;BCO PSA FINANCE BRASIL S.A.                                 ;U;4010;0081900002;(-) OUTRAS DESPESAS OPERACIONAIS                  ;-0000000012526947,68
200505;03502961;BCO PSA FINANCE BRASIL S.A.                                 ;U;4010;0083000003;(-) DESPESAS NAO OPERACIONAIS                     ;-0000000000078189,34
200505;03502961;BCO PSA FINANCE BRASIL S.A.                                 ;U;4010;0083900000;(-) OUTRAS DESPESAS NAO OPERACIONAIS              ;-0000000000078189,34
200505;03502961;BCO PSA FINANCE BRASIL S.A.                                 ;U;4010;0089000007;(-) APURACAO DE RESULTADO                         ;-0000000002638025,10
200505;03502961;BCO PSA FINANCE BRASIL S.A.                                 ;U;4010;0089400009;(-) IMPOSTO DE RENDA                              ;-0000000002447942,37
200505;03502961;BCO PSA FINANCE BRASIL S.A.                                 ;U;4010;0089700008;(-) PARTICIPACOES NO LUCRO                        ;-0000000000190082,73
200505;03502961;BCO PSA FINANCE BRASIL S.A.                                 ;U;4010;0090000003;COMPENSACAO                                       ; 0000001036413333,75
200505;03502961;BCO PSA FINANCE BRASIL S.A.                                 ;U;4010;0090400005;CUSTODIA DE VALORES                               ; 0000000073466400,00
200505;03502961;BCO PSA FINANCE BRASIL S.A.                                 ;U;4010;0090600001;NEGOCIACAO E INTERMEDIACAO DE VALORES             ; 0000000058938484,95
200505;03502961;BCO PSA FINANCE BRASIL S.A.                                 ;U;4010;0090900000;CONTROLE                                          ; 0000000230927900,74
200505;03502961;BCO PSA FINANCE BRASIL S.A.                                 ;U;4010;0091000002;CLASSIFICACAO DA CARTEIRA DE CREDITOS             ; 0000000673080548,06
200505;03502961;BCO PSA FINANCE BRASIL S.A.                                 ;U;4010;0091100005;OPERACOES DE CREDITOS E ARRENDAMENTO MERCANTIL    ; 0000000673080548,06
200505;03502961;BCO PSA FINANCE BRASIL S.A.                                 ;U;4010;0099999995;TOTAL GERAL DO PASSIVO                            ; 0000001724869888,96
200505;03532415;BANCO CR2                                                   ;I;4010;0010000007;CIRCULANTE E REALIZAVEL A LONGO PRAZO             ; 0000000039259573,50
200505;03532415;BANCO CR2                                                   ;I;4010;0011000006;DISPONIBILIDADES                                  ; 0000000000165759,12
200505;03532415;BANCO CR2                                                   ;I;4010;0011200002;DEPOSITOS BANCARIOS                               ; 0000000000165759,12
200505;03532415;BANCO CR2                                                   ;I;4010;0012000005;APLICACOES INTERFINANCEIRAS DE LIQUIDEZ           ; 0000000013807463,49
200505;03532415;BANCO CR2                                                   ;I;4010;0012100008;APLICACOES EM OPERACOES COMPROMISSADAS            ; 0000000012288196,80
200505;03532415;BANCO CR2                                                   ;I;4010;0012200001;APLICACOES EM DEPOSITOS INTERFINANCEIROS          ; 0000000001519266,69
200505;03532415;BANCO CR2                                                   ;I;4010;0013000004;TITULOS E VAL. MOB. E INST. FINANC. DERIVATIVOS   ; 0000000002779820,54
200505;03532415;BANCO CR2                                                   ;I;4010;0013100007;LIVRES                                            ; 0000000002316466,21
200505;03532415;BANCO CR2                                                   ;I;4010;0013200000;VINCULADOS A OPERACOES COMPROMISSADAS             ; 0000000000254939,89
200505;03532415;BANCO CR2                                                   ;I;4010;0013400006;VINCULADOS AO BANCO CENTRAL                       ; 0000000000208414,44
200505;03532415;BANCO CR2                                                   ;I;4010;0016000001;OPERACOES DE CREDITO                              ; 0000000021478855,64
200505;03532415;BANCO CR2                                                   ;I;4010;0016100004;EMPRESTIMOS E TITULOS DESCONTADOS                 ; 0000000023706072,76
200505;03532415;BANCO CR2                                                   ;I;4010;0016900008;(-) PROVISOES PARA OPERACOES DE CREDITO           ;-0000000002227217,12
200505;03532415;BANCO CR2                                                   ;I;4010;0018000009;OUTROS CREDITOS                                   ; 0000000000989716,89
200505;03532415;BANCO CR2                                                   ;I;4010;0018300008;RENDAS A RECEBER                                  ; 0000000000028039,44
200505;03532415;BANCO CR2                                                   ;I;4010;0018800003;DIVERSOS                                          ; 0000000001122771,76
200505;03532415;BANCO CR2                                                   ;I;4010;0018900006;(-) PROVISOES PARA OUTROS CREDITOS                ;-0000000000161094,31
200505;03532415;BANCO CR2                                                   ;I;4010;0019000008;OUTROS VALORES E BENS                             ; 0000000000037957,82
200505;03532415;BANCO CR2                                                   ;I;4010;0019800002;OUTROS VALORES E BENS                             ; 0000000000013835,47
200505;03532415;BANCO CR2                                                   ;I;4010;0019900005;DESPESAS ANTECIPADAS                              ; 0000000000024122,35
200505;03532415;BANCO CR2                                                   ;I;4010;0020000004;PERMANENTE                                        ; 0000000001336293,20
200505;03532415;BANCO CR2                                                   ;I;4010;0021000003;INVESTIMENTOS                                     ; 0000000000204479,40
200505;03532415;BANCO CR2                                                   ;I;4010;0021300002;INVESTIMENTOS POR INCENTIVOS FISCAIS              ; 0000000000000443,85
200505;03532415;BANCO CR2                                                   ;I;4010;0021400005;TITULOS PATRIMONIAIS                              ; 0000000000201035,55
200505;03532415;BANCO CR2                                                   ;I;4010;0021900000;OUTROS INVESTIMENTOS                              ; 0000000000003000,00
200505;03532415;BANCO CR2                                                   ;I;4010;0022000002;IMOBILIZADO DE USO                                ; 0000000000618023,25
200505;03532415;BANCO CR2                                                   ;I;4010;0022200008;IMOBILIZACOES EM CURSO                            ; 0000000000027097,50
200505;03532415;BANCO CR2                                                   ;I;4010;0022400004;INSTALACOES, MOVEIS E EQUIPAMENTOS DE USO         ; 0000000000178192,05
200505;03532415;BANCO CR2                                                   ;I;4010;0022900009;OUTROS                                            ; 0000000000412733,70
200505;03532415;BANCO CR2                                                   ;I;4010;0024000000;DIFERIDO                                          ; 0000000000513790,55
200505;03532415;BANCO CR2                                                   ;I;4010;0024100003;GASTOS DE ORGANIZACAO E EXPANSAO                  ; 0000000000513790,55
200505;03532415;BANCO CR2                                                   ;I;4010;0030000001;COMPENSACAO                                       ; 0000000186187894,19
200505;03532415;BANCO CR2                                                   ;I;4010;0030100004;COOBRIGACOES E RISCOS EM GARANTIAS PRESTADAS      ; 0000000000400000,00
200505;03532415;BANCO CR2                                                   ;I;4010;0030300000;TITULOS E VALORES MOBILIARIOS                     ; 0000000005559641,08
200505;03532415;BANCO CR2                                                   ;I;4010;0030400003;CUSTODIA DE VALORES                               ; 0000000037270729,53
200505;03532415;BANCO CR2                                                   ;I;4010;0030800005;CONTRATOS                                         ; 0000000032121255,97
200505;03532415;BANCO CR2                                                   ;I;4010;0030900008;CONTROLE                                          ; 0000000087130194,85
200505;03532415;BANCO CR2                                                   ;I;4010;0031000000;CLASSIFICACAO DA CARTEIRA DE CREDITOS             ; 0000000023706072,76
200505;03532415;BANCO CR2                                                   ;I;4010;0031300009;OPERACOES DE RISCO NIVELB                         ; 0000000008671433,06
200505;03532415;BANCO CR2                                                   ;I;4010;0031400002;OPERACOES DE RISCO NIVELC                         ; 0000000011053485,93
200505;03532415;BANCO CR2                                                   ;I;4010;0031500005;OPERACOES DE RISCO NIVEL D                        ; 0000000001695538,27
200505;03532415;BANCO CR2                                                   ;I;4010;0031700001;OPERACOES DE RISCO NIVEL F                        ; 0000000000411523,44
200505;03532415;BANCO CR2                                                   ;I;4010;0031800004;OPERACOES DE RISCO NIVEL G                        ; 0000000001468364,61
200505;03532415;BANCO CR2                                                   ;I;4010;0031900007;OPERACOES DE RISCO NIVEL H                        ; 0000000000405727,45
200505;03532415;BANCO CR2                                                   ;I;4010;0039999993;TOTAL GERAL DO ATIVO                              ; 0000000226783760,89
200505;03532415;BANCO CR2                                                   ;I;4010;0040000008;CIRCULANTE EXIGIVEL A LONGO PRAZO                 ; 0000000019284042,73
200505;03532415;BANCO CR2                                                   ;I;4010;0041000007;DEPOSITOS                                         ; 0000000018305925,11
200505;03532415;BANCO CR2                                                   ;I;4010;0041500002;DEPOSITOS A PRAZO                                 ; 0000000018305925,11
200505;03532415;BANCO CR2                                                   ;I;4010;0042000006;OBRIGACOES POR OPERACOES COMPROMISSADAS           ; 0000000000254873,54
200505;03532415;BANCO CR2                                                   ;I;4010;0042100009;CARTEIRA PROPRIA                                  ; 0000000000254873,54
200505;03532415;BANCO CR2                                                   ;I;4010;0049000009;OUTRAS OBRIGACOES                                 ; 0000000000723244,08
200505;03532415;BANCO CR2                                                   ;I;4010;0049100002;COBRANCA E ARRECADACAO DE TRIBUTOS E ASSEMELHADOS ; 0000000000006459,65
200505;03532415;BANCO CR2                                                   ;I;4010;0049400001;FISCAIS E PREVIDENCIARIAS                         ; 0000000000344916,57
200505;03532415;BANCO CR2                                                   ;I;4010;0049900006;DIVERSAS                                          ; 0000000000371867,86
200505;03532415;BANCO CR2                                                   ;I;4010;0060000002;PATRIMONIO LIQUIDO                                ; 0000000020653583,63
200505;03532415;BANCO CR2                                                   ;I;4010;0061000001;PATRIMONIO LIQUIDO                                ; 0000000020653583,63
200505;03532415;BANCO CR2                                                   ;I;4010;0061100004;CAPITAL SOCIAL                                    ; 0000000019120106,42
200505;03532415;BANCO CR2                                                   ;I;4010;0061300000;RESERVAS DE CAPITAL                               ; 0000000000125585,42
200505;03532415;BANCO CR2                                                   ;I;4010;0061500006;RESERVAS DE LUCROS                                ; 0000000001407891,79
200505;03532415;BANCO CR2                                                   ;I;4010;0070000009;CONTAS DE RESULTADO CREDORAS                      ; 0000000006554116,76
200505;03532415;BANCO CR2                                                   ;I;4010;0071000008;RECEITAS OPERACIONAIS                             ; 0000000006339766,76
200505;03532415;BANCO CR2                                                   ;I;4010;0071100001;RENDAS DE OPERACOES DE CREDITO                    ; 0000000005271718,40
200505;03532415;BANCO CR2                                                   ;I;4010;0071400000;RENDAS DE APLICACOES INTERFINANCEIRAS DE LIQUIDEZ ; 0000000000684901,20
200505;03532415;BANCO CR2                                                   ;I;4010;0071500003;RENDAS COM TIT. E VAL. MOB. E INST. FINANC. DERIV.; 0000000000187395,58
200505;03532415;BANCO CR2                                                   ;I;4010;0071700009;RENDAS DE PRESTACAO DE SERVICOS                   ; 0000000000194782,05
200505;03532415;BANCO CR2                                                   ;I;4010;0071900005;OUTRAS RECEITAS OPERACIONAIS                      ; 0000000000000969,53
200505;03532415;BANCO CR2                                                   ;I;4010;0073000006;RECEITAS NAO OPERACIONAIS                         ; 0000000000214350,00
200505;03532415;BANCO CR2                                                   ;I;4010;0073900003;OUTRAS RECEITAS NAO OPERACIONAIS                  ; 0000000000214350,00
200505;03532415;BANCO CR2                                                   ;I;4010;0080000006;(-) CONTAS DE RESULTADO DEVEDORAS                 ;-0000000005895876,42
200505;03532415;BANCO CR2                                                   ;I;4010;0081000005;(-) DESPESAS OPERACIONAIS                         ;-0000000005692449,12
200505;03532415;BANCO CR2                                                   ;I;4010;0081100008;(-) DESPESAS DE CAPTACAO                          ;-0000000001245921,81
200505;03532415;BANCO CR2                                                   ;I;4010;0081500000;(-) DESP. COM TIT. E VAL. MOB. E INST. FIN. DERIV.;-0000000000004870,63
200505;03532415;BANCO CR2                                                   ;I;4010;0081700006;(-) DESPESAS ADMINISTRATIVAS                      ;-0000000002581025,73
200505;03532415;BANCO CR2                                                   ;I;4010;0081800009;(-) APROVISIONAMENTOS E AJUSTES PATRIMONIAIS      ;-0000000001547327,46
200505;03532415;BANCO CR2                                                   ;I;4010;0081900002;(-) OUTRAS DESPESAS OPERACIONAIS                  ;-0000000000313303,49
200505;03532415;BANCO CR2                                                   ;I;4010;0083000003;(-) DESPESAS NAO OPERACIONAIS                     ;-0000000000162423,38
200505;03532415;BANCO CR2                                                   ;I;4010;0083100006;(-) PREJUIZOS EM TRANSACOES COM VALORES E BENS    ;-0000000000158700,00
200505;03532415;BANCO CR2                                                   ;I;4010;0083900000;(-) OUTRAS DESPESAS NAO OPERACIONAIS              ;-0000000000003723,38
200505;03532415;BANCO CR2                                                   ;I;4010;0089000007;(-) APURACAO DE RESULTADO                         ;-0000000000041003,92
200505;03532415;BANCO CR2                                                   ;I;4010;0089400009;(-) IMPOSTO DE RENDA                              ; 0000000000068265,31
200505;03532415;BANCO CR2                                                   ;I;4010;0089700008;(-) PARTICIPACOES NO LUCRO                        ;-0000000000109269,23
200505;03532415;BANCO CR2                                                   ;I;4010;0090000003;COMPENSACAO                                       ; 0000000186187894,19
200505;03532415;BANCO CR2                                                   ;I;4010;0090100006;COOBRIGACOES E RISCOS EM GARANTIAS PRESTADAS      ; 0000000000400000,00
200505;03532415;BANCO CR2                                                   ;I;4010;0090300002;TITULOS E VALORES MOBILIARIOS                     ; 0000000005559641,08
200505;03532415;BANCO CR2                                                   ;I;4010;0090400005;CUSTODIA DE VALORES                               ; 0000000037270729,53
200505;03532415;BANCO CR2                                                   ;I;4010;0090800007;CONTRATOS                                         ; 0000000032121255,97
200505;03532415;BANCO CR2                                                   ;I;4010;0090900000;CONTROLE                                          ; 0000000087130194,85
200505;03532415;BANCO CR2                                                   ;I;4010;0091000002;CLASSIFICACAO DA CARTEIRA DE CREDITOS             ; 0000000023706072,76
200505;03532415;BANCO CR2                                                   ;I;4010;0091100005;OPERACOES DE CREDITOS E ARRENDAMENTO MERCANTIL    ; 0000000023706072,76
200505;03532415;BANCO CR2                                                   ;I;4010;0099999995;TOTAL GERAL DO PASSIVO                            ; 0000000226783760,89
200505;03609817;BCO CARGILL S.A.                                            ;U;4010;0010000007;CIRCULANTE E REALIZAVEL A LONGO PRAZO             ; 0000000048902328,40
200505;03609817;BCO CARGILL S.A.                                            ;U;4010;0011000006;DISPONIBILIDADES                                  ; 0000000001112021,96
200505;03609817;BCO CARGILL S.A.                                            ;U;4010;0011300005;RESERVAS LIVRES                                   ; 0000000000113757,27
200505;03609817;BCO CARGILL S.A.                                            ;U;4010;0011500001;DISPONIBILIDADES EM MOEDAS ESTRANGEIRAS           ; 0000000000998264,69
200505;03609817;BCO CARGILL S.A.                                            ;U;4010;0012000005;APLICACOES INTERFINANCEIRAS DE LIQUIDEZ           ; 0000000004992193,86
200505;03609817;BCO CARGILL S.A.                                            ;U;4010;0012200001;APLICACOES EM DEPOSITOS INTERFINANCEIROS          ; 0000000004992193,86
200505;03609817;BCO CARGILL S.A.                                            ;U;4010;0013000004;TITULOS E VAL. MOB. E INST. FINANC. DERIVATIVOS   ; 0000000040561648,07
200505;03609817;BCO CARGILL S.A.                                            ;U;4010;0013100007;LIVRES                                            ; 0000000032540237,76
200505;03609817;BCO CARGILL S.A.                                            ;U;4010;0013200000;VINCULADOS A OPERACOES COMPROMISSADAS             ; 0000000004855680,38
200505;03609817;BCO CARGILL S.A.                                            ;U;4010;0013300003;INSTRUMENTOS FINANCEIROS DERIVATIVOS              ; 0000000000632331,48
200505;03609817;BCO CARGILL S.A.                                            ;U;4010;0013600002;VINCULADOS A PRESTACAO DE GARANTIAS               ; 0000000002533398,45
200505;03609817;BCO CARGILL S.A.                                            ;U;4010;0014000003;RELACOES INTERFINANCEIRAS                         ; 0000000000315148,33
200505;03609817;BCO CARGILL S.A.                                            ;U;4010;0014200009;CREDITOS VINCULADOS                               ; 0000000000315148,33
200505;03609817;BCO CARGILL S.A.                                            ;U;4010;0018000009;OUTROS CREDITOS                                   ; 0000000001871090,81
200505;03609817;BCO CARGILL S.A.                                            ;U;4010;0018400001;NEGOCIACAO E INTERMEDIACAO DE VALORES             ; 0000000000855282,91
200505;03609817;BCO CARGILL S.A.                                            ;U;4010;0018800003;DIVERSOS                                          ; 0000000001015807,90
200505;03609817;BCO CARGILL S.A.                                            ;U;4010;0019000008;OUTROS VALORES E BENS                             ; 0000000000050225,37
200505;03609817;BCO CARGILL S.A.                                            ;U;4010;0019900005;DESPESAS ANTECIPADAS                              ; 0000000000050225,37
200505;03609817;BCO CARGILL S.A.                                            ;U;4010;0020000004;PERMANENTE                                        ; 0000000001631814,73
200505;03609817;BCO CARGILL S.A.                                            ;U;4010;0021000003;INVESTIMENTOS                                     ; 0000000000565192,64
200505;03609817;BCO CARGILL S.A.                                            ;U;4010;0021400005;TITULOS PATRIMONIAIS                              ; 0000000000565192,64
200505;03609817;BCO CARGILL S.A.                                            ;U;4010;0022000002;IMOBILIZADO DE USO                                ; 0000000001066622,09
200505;03609817;BCO CARGILL S.A.                                            ;U;4010;0022400004;INSTALACOES, MOVEIS E EQUIPAMENTOS DE USO         ; 0000000000056565,46
200505;03609817;BCO CARGILL S.A.                                            ;U;4010;0022900009;OUTROS                                            ; 0000000001010056,63
200505;03609817;BCO CARGILL S.A.                                            ;U;4010;0030000001;COMPENSACAO                                       ; 0000000301228234,44
200505;03609817;BCO CARGILL S.A.                                            ;U;4010;0030300000;TITULOS E VALORES MOBILIARIOS                     ; 0000000079938001,42
200505;03609817;BCO CARGILL S.A.                                            ;U;4010;0030400003;CUSTODIA DE VALORES                               ; 0000000015000000,00
200505;03609817;BCO CARGILL S.A.                                            ;U;4010;0030600009;NEGOCIACAO E INTERMEDIACAO DE VALORES             ; 0000000184630246,90
200505;03609817;BCO CARGILL S.A.                                            ;U;4010;0030800005;CONTRATOS                                         ; 0000000004816000,00
200505;03609817;BCO CARGILL S.A.                                            ;U;4010;0030900008;CONTROLE                                          ; 0000000016843986,12
200505;03609817;BCO CARGILL S.A.                                            ;U;4010;0039999993;TOTAL GERAL DO ATIVO                              ; 0000000351762377,57
200505;03609817;BCO CARGILL S.A.                                            ;U;4010;0040000008;CIRCULANTE EXIGIVEL A LONGO PRAZO                 ; 0000000010183183,53
200505;03609817;BCO CARGILL S.A.                                            ;U;4010;0041000007;DEPOSITOS                                         ; 0000000001406320,59
200505;03609817;BCO CARGILL S.A.                                            ;U;4010;0041100000;DEPOSITOS A VISTA                                 ; 0000000001406320,59
200505;03609817;BCO CARGILL S.A.                                            ;U;4010;0042000006;OBRIGACOES POR OPERACOES COMPROMISSADAS           ; 0000000004850570,99
200505;03609817;BCO CARGILL S.A.                                            ;U;4010;0042100009;CARTEIRA PROPRIA                                  ; 0000000004850570,99
200505;03609817;BCO CARGILL S.A.                                            ;U;4010;0049000009;OUTRAS OBRIGACOES                                 ; 0000000003926291,95
200505;03609817;BCO CARGILL S.A.                                            ;U;4010;0049400001;FISCAIS E PREVIDENCIARIAS                         ; 0000000000169898,42
200505;03609817;BCO CARGILL S.A.                                            ;U;4010;0049500004;NEGOCIACAO E INTERMEDIACAO DE VALORES             ; 0000000000229863,65
200505;03609817;BCO CARGILL S.A.                                            ;U;4010;0049900006;DIVERSAS                                          ; 0000000003526529,88
200505;03609817;BCO CARGILL S.A.                                            ;U;4010;0060000002;PATRIMONIO LIQUIDO                                ; 0000000048978892,99
200505;03609817;BCO CARGILL S.A.                                            ;U;4010;0061000001;PATRIMONIO LIQUIDO                                ; 0000000048978892,99
200505;03609817;BCO CARGILL S.A.                                            ;U;4010;0061100004;CAPITAL SOCIAL                                    ; 0000000059812681,83
200505;03609817;BCO CARGILL S.A.                                            ;U;4010;0061300000;RESERVAS DE CAPITAL                               ; 0000000000145192,64
200505;03609817;BCO CARGILL S.A.                                            ;U;4010;0061500006;RESERVAS DE LUCROS                                ; 0000000003073533,15
200505;03609817;BCO CARGILL S.A.                                            ;U;4010;0061800005;LUCROS OU PREJUIZOS ACUMULADOS                    ;-0000000014052514,63
200505;03609817;BCO CARGILL S.A.                                            ;U;4010;0070000009;CONTAS DE RESULTADO CREDORAS                      ; 0000000043967213,59
200505;03609817;BCO CARGILL S.A.                                            ;U;4010;0071000008;RECEITAS OPERACIONAIS                             ; 0000000043920002,20
200505;03609817;BCO CARGILL S.A.                                            ;U;4010;0071300007;RENDAS DE CAMBIO                                  ; 0000000000464129,77
200505;03609817;BCO CARGILL S.A.                                            ;U;4010;0071400000;RENDAS DE APLICACOES INTERFINANCEIRAS DE LIQUIDEZ ; 0000000001289692,24
200505;03609817;BCO CARGILL S.A.                                            ;U;4010;0071500003;RENDAS COM TIT. E VAL. MOB. E INST. FINANC. DERIV.; 0000000039468994,43
200505;03609817;BCO CARGILL S.A.                                            ;U;4010;0071700009;RENDAS DE PRESTACAO DE SERVICOS                   ; 0000000002530798,52
200505;03609817;BCO CARGILL S.A.                                            ;U;4010;0071900005;OUTRAS RECEITAS OPERACIONAIS                      ; 0000000000166387,24
200505;03609817;BCO CARGILL S.A.                                            ;U;4010;0073000006;RECEITAS NAO OPERACIONAIS                         ; 0000000000047211,39
200505;03609817;BCO CARGILL S.A.                                            ;U;4010;0073100009;LUCROS EM TRANSACOES COM VALORES E BENS           ; 0000000000047211,39
200505;03609817;BCO CARGILL S.A.                                            ;U;4010;0080000006;(-) CONTAS DE RESULTADO DEVEDORAS                 ;-0000000052595146,98
200505;03609817;BCO CARGILL S.A.                                            ;U;4010;0081000005;(-) DESPESAS OPERACIONAIS                         ;-0000000052595146,98
200505;03609817;BCO CARGILL S.A.                                            ;U;4010;0081100008;(-) DESPESAS DE CAPTACAO                          ;-0000000001947350,39
200505;03609817;BCO CARGILL S.A.                                            ;U;4010;0081400007;(-) DESPESAS DE CAMBIO                            ;-0000000000374610,39
200505;03609817;BCO CARGILL S.A.                                            ;U;4010;0081500000;(-) DESP. COM TIT. E VAL. MOB. E INST. FIN. DERIV.;-0000000042558801,60
200505;03609817;BCO CARGILL S.A.                                            ;U;4010;0081700006;(-) DESPESAS ADMINISTRATIVAS                      ;-0000000007336980,65
200505;03609817;BCO CARGILL S.A.                                            ;U;4010;0081800009;(-) APROVISIONAMENTOS E AJUSTES PATRIMONIAIS      ;-0000000000086866,81
200505;03609817;BCO CARGILL S.A.                                            ;U;4010;0081900002;(-) OUTRAS DESPESAS OPERACIONAIS                  ;-0000000000290537,14
200505;03609817;BCO CARGILL S.A.                                            ;U;4010;0090000003;COMPENSACAO                                       ; 0000000301228234,44
200505;03609817;BCO CARGILL S.A.                                            ;U;4010;0090300002;TITULOS E VALORES MOBILIARIOS                     ; 0000000079938001,42
200505;03609817;BCO CARGILL S.A.                                            ;U;4010;0090400005;CUSTODIA DE VALORES                               ; 0000000015000000,00
200505;03609817;BCO CARGILL S.A.                                            ;U;4010;0090600001;NEGOCIACAO E INTERMEDIACAO DE VALORES             ; 0000000184630246,90
200505;03609817;BCO CARGILL S.A.                                            ;U;4010;0090800007;CONTRATOS                                         ; 0000000004816000,00
200505;03609817;BCO CARGILL S.A.                                            ;U;4010;0090900000;CONTROLE                                          ; 0000000016843986,12
200505;03609817;BCO CARGILL S.A.                                            ;U;4010;0099999995;TOTAL GERAL DO PASSIVO                            ; 0000000351762377,57
200505;03634220;BCO HONDA S.A.                                              ;U;4010;0010000007;CIRCULANTE E REALIZAVEL A LONGO PRAZO             ; 0000000398606624,20
200505;03634220;BCO HONDA S.A.                                              ;U;4010;0011000006;DISPONIBILIDADES                                  ; 0000000000063194,10
200505;03634220;BCO HONDA S.A.                                              ;U;4010;0011200002;DEPOSITOS BANCARIOS                               ; 0000000000063194,10
200505;03634220;BCO HONDA S.A.                                              ;U;4010;0012000005;APLICACOES INTERFINANCEIRAS DE LIQUIDEZ           ; 0000000024498425,97
200505;03634220;BCO HONDA S.A.                                              ;U;4010;0012100008;APLICACOES EM OPERACOES COMPROMISSADAS            ; 0000000024498425,97
200505;03634220;BCO HONDA S.A.                                              ;U;4010;0016000001;OPERACOES DE CREDITO                              ; 0000000356122327,50
200505;03634220;BCO HONDA S.A.                                              ;U;4010;0016200007;FINANCIAMENTOS                                    ; 0000000365463311,89
200505;03634220;BCO HONDA S.A.                                              ;U;4010;0016900008;(-) PROVISOES PARA OPERACOES DE CREDITO           ;-0000000009340984,39
200505;03634220;BCO HONDA S.A.                                              ;U;4010;0018000009;OUTROS CREDITOS                                   ; 0000000006150919,61
200505;03634220;BCO HONDA S.A.                                              ;U;4010;0018800003;DIVERSOS                                          ; 0000000006150919,61
200505;03634220;BCO HONDA S.A.                                              ;U;4010;0019000008;OUTROS VALORES E BENS                             ; 0000000011771757,02
200505;03634220;BCO HONDA S.A.                                              ;U;4010;0019800002;OUTROS VALORES E BENS                             ; 0000000000698719,33
200505;03634220;BCO HONDA S.A.                                              ;U;4010;0019900005;DESPESAS ANTECIPADAS                              ; 0000000011073037,69
200505;03634220;BCO HONDA S.A.                                              ;U;4010;0020000004;PERMANENTE                                        ; 0000000000417277,21
200505;03634220;BCO HONDA S.A.                                              ;U;4010;0021000003;INVESTIMENTOS                                     ; 0000000000003000,00
200505;03634220;BCO HONDA S.A.                                              ;U;4010;0021400005;TITULOS PATRIMONIAIS                              ; 0000000000003000,00
200505;03634220;BCO HONDA S.A.                                              ;U;4010;0022000002;IMOBILIZADO DE USO                                ; 0000000000016582,40
200505;03634220;BCO HONDA S.A.                                              ;U;4010;0022400004;INSTALACOES, MOVEIS E EQUIPAMENTOS DE USO         ; 0000000000016129,45
200505;03634220;BCO HONDA S.A.                                              ;U;4010;0022900009;OUTROS                                            ; 0000000000000452,95
200505;03634220;BCO HONDA S.A.                                              ;U;4010;0024000000;DIFERIDO                                          ; 0000000000397694,81
200505;03634220;BCO HONDA S.A.                                              ;U;4010;0024100003;GASTOS DE ORGANIZACAO E EXPANSAO                  ; 0000000000397694,81
200505;03634220;BCO HONDA S.A.                                              ;U;4010;0030000001;COMPENSACAO                                       ; 0000001144670429,61
200505;03634220;BCO HONDA S.A.                                              ;U;4010;0030400003;CUSTODIA DE VALORES                               ; 0000000764135573,37
200505;03634220;BCO HONDA S.A.                                              ;U;4010;0030600009;NEGOCIACAO E INTERMEDIACAO DE VALORES             ; 0000000009097443,46
200505;03634220;BCO HONDA S.A.                                              ;U;4010;0030800005;CONTRATOS                                         ; 0000000000359569,64
200505;03634220;BCO HONDA S.A.                                              ;U;4010;0030900008;CONTROLE                                          ; 0000000005614531,25
200505;03634220;BCO HONDA S.A.                                              ;U;4010;0031000000;CLASSIFICACAO DA CARTEIRA DE CREDITOS             ; 0000000365463311,89
200505;03634220;BCO HONDA S.A.                                              ;U;4010;0031200006;OPERACOES DE RISCO NIVEL A                        ; 0000000129975084,19
200505;03634220;BCO HONDA S.A.                                              ;U;4010;0031300009;OPERACOES DE RISCO NIVELB                         ; 0000000185969723,09
200505;03634220;BCO HONDA S.A.                                              ;U;4010;0031400002;OPERACOES DE RISCO NIVELC                         ; 0000000034696934,25
200505;03634220;BCO HONDA S.A.                                              ;U;4010;0031500005;OPERACOES DE RISCO NIVEL D                        ; 0000000006384839,65
200505;03634220;BCO HONDA S.A.                                              ;U;4010;0031600008;OPERACOES DE RISCO NIVEL E                        ; 0000000003186368,03
200505;03634220;BCO HONDA S.A.                                              ;U;4010;0031700001;OPERACOES DE RISCO NIVEL F                        ; 0000000001584833,70
200505;03634220;BCO HONDA S.A.                                              ;U;4010;0031800004;OPERACOES DE RISCO NIVEL G                        ; 0000000000872788,34
200505;03634220;BCO HONDA S.A.                                              ;U;4010;0031900007;OPERACOES DE RISCO NIVEL H                        ; 0000000002792740,64
200505;03634220;BCO HONDA S.A.                                              ;U;4010;0039999993;TOTAL GERAL DO ATIVO                              ; 0000001543694331,02
200505;03634220;BCO HONDA S.A.                                              ;U;4010;0040000008;CIRCULANTE EXIGIVEL A LONGO PRAZO                 ; 0000000334788107,50
200505;03634220;BCO HONDA S.A.                                              ;U;4010;0041000007;DEPOSITOS                                         ; 0000000313043362,11
200505;03634220;BCO HONDA S.A.                                              ;U;4010;0041300006;DEPOSITOS INTERFINANCEIROS                        ; 0000000313043362,11
200505;03634220;BCO HONDA S.A.                                              ;U;4010;0046000002;OBRIGACOES POR EMPRESTIMOS E REPASSES             ; 0000000007502958,30
200505;03634220;BCO HONDA S.A.                                              ;U;4010;0046600000;REPASSES DO EXTERIOR                              ; 0000000007502958,30
200505;03634220;BCO HONDA S.A.                                              ;U;4010;0047000001;INSTRUMENTOS FINANCEIROS DERIVATIVOS              ; 0000000003432703,50
200505;03634220;BCO HONDA S.A.                                              ;U;4010;0047100004;INSTRUMENTOS FINANCEIROS DERIVATIVOS              ; 0000000003432703,50
200505;03634220;BCO HONDA S.A.                                              ;U;4010;0049000009;OUTRAS OBRIGACOES                                 ; 0000000010809083,59
200505;03634220;BCO HONDA S.A.                                              ;U;4010;0049100002;COBRANCA E ARRECADACAO DE TRIBUTOS E ASSEMELHADOS ; 0000000000124861,17
200505;03634220;BCO HONDA S.A.                                              ;U;4010;0049400001;FISCAIS E PREVIDENCIARIAS                         ; 0000000005920125,25
200505;03634220;BCO HONDA S.A.                                              ;U;4010;0049900006;DIVERSAS                                          ; 0000000004764097,17
200505;03634220;BCO HONDA S.A.                                              ;U;4010;0050000005;RESULTADOS DE EXERCICIOS FUTUROS                  ; 0000000000221558,17
200505;03634220;BCO HONDA S.A.                                              ;U;4010;0051000004;RECEITAS DE EXERCICIOS FUTUROS                    ; 0000000000221558,17
200505;03634220;BCO HONDA S.A.                                              ;U;4010;0051100007;RECEITAS DE EXERCICIOS FUTUROS                    ; 0000000000221558,17
200505;03634220;BCO HONDA S.A.                                              ;U;4010;0060000002;PATRIMONIO LIQUIDO                                ; 0000000056381628,04
200505;03634220;BCO HONDA S.A.                                              ;U;4010;0061000001;PATRIMONIO LIQUIDO                                ; 0000000056381628,04
200505;03634220;BCO HONDA S.A.                                              ;U;4010;0061100004;CAPITAL SOCIAL                                    ; 0000000019500000,00
200505;03634220;BCO HONDA S.A.                                              ;U;4010;0061500006;RESERVAS DE LUCROS                                ; 0000000001844081,40
200505;03634220;BCO HONDA S.A.                                              ;U;4010;0061800005;LUCROS OU PREJUIZOS ACUMULADOS                    ; 0000000035037546,64
200505;03634220;BCO HONDA S.A.                                              ;U;4010;0070000009;CONTAS DE RESULTADO CREDORAS                      ; 0000000049311965,70
200505;03634220;BCO HONDA S.A.                                              ;U;4010;0071000008;RECEITAS OPERACIONAIS                             ; 0000000049311965,70
200505;03634220;BCO HONDA S.A.                                              ;U;4010;0071100001;RENDAS DE OPERACOES DE CREDITO                    ; 0000000045148952,56
200505;03634220;BCO HONDA S.A.                                              ;U;4010;0071400000;RENDAS DE APLICACOES INTERFINANCEIRAS DE LIQUIDEZ ; 0000000001655677,75
200505;03634220;BCO HONDA S.A.                                              ;U;4010;0071500003;RENDAS COM TIT. E VAL. MOB. E INST. FINANC. DERIV.; 0000000000589662,09
200505;03634220;BCO HONDA S.A.                                              ;U;4010;0071700009;RENDAS DE PRESTACAO DE SERVICOS                   ; 0000000001354127,33
200505;03634220;BCO HONDA S.A.                                              ;U;4010;0071900005;OUTRAS RECEITAS OPERACIONAIS                      ; 0000000000563545,97
200505;03634220;BCO HONDA S.A.                                              ;U;4010;0080000006;(-) CONTAS DE RESULTADO DEVEDORAS                 ;-0000000041679358,00
200505;03634220;BCO HONDA S.A.                                              ;U;4010;0081000005;(-) DESPESAS OPERACIONAIS                         ;-0000000037762560,08
200505;03634220;BCO HONDA S.A.                                              ;U;4010;0081100008;(-) DESPESAS DE CAPTACAO                          ;-0000000018752408,33
200505;03634220;BCO HONDA S.A.                                              ;U;4010;0081500000;(-) DESP. COM TIT. E VAL. MOB. E INST. FIN. DERIV.;-0000000001211105,94
200505;03634220;BCO HONDA S.A.                                              ;U;4010;0081700006;(-) DESPESAS ADMINISTRATIVAS                      ;-0000000010925760,27
200505;03634220;BCO HONDA S.A.                                              ;U;4010;0081800009;(-) APROVISIONAMENTOS E AJUSTES PATRIMONIAIS      ;-0000000004716088,12
200505;03634220;BCO HONDA S.A.                                              ;U;4010;0081900002;(-) OUTRAS DESPESAS OPERACIONAIS                  ;-0000000002157197,42
200505;03634220;BCO HONDA S.A.                                              ;U;4010;0089000007;(-) APURACAO DE RESULTADO                         ;-0000000003916797,92
200505;03634220;BCO HONDA S.A.                                              ;U;4010;0089400009;(-) IMPOSTO DE RENDA                              ;-0000000003916797,92
200505;03634220;BCO HONDA S.A.                                              ;U;4010;0090000003;COMPENSACAO                                       ; 0000001144670429,61
200505;03634220;BCO HONDA S.A.                                              ;U;4010;0090400005;CUSTODIA DE VALORES                               ; 0000000764135573,37
200505;03634220;BCO HONDA S.A.                                              ;U;4010;0090600001;NEGOCIACAO E INTERMEDIACAO DE VALORES             ; 0000000009097443,46
200505;03634220;BCO HONDA S.A.                                              ;U;4010;0090800007;CONTRATOS                                         ; 0000000000359569,64
200505;03634220;BCO HONDA S.A.                                              ;U;4010;0090900000;CONTROLE                                          ; 0000000005614531,25
200505;03634220;BCO HONDA S.A.                                              ;U;4010;0091000002;CLASSIFICACAO DA CARTEIRA DE CREDITOS             ; 0000000365463311,89
200505;03634220;BCO HONDA S.A.                                              ;U;4010;0091100005;OPERACOES DE CREDITOS E ARRENDAMENTO MERCANTIL    ; 0000000365463311,89
200505;03634220;BCO HONDA S.A.                                              ;U;4010;0099999995;TOTAL GERAL DO PASSIVO                            ; 0000001543694331,02
200505;04184779;BCO IBI S.A. - BM                                           ;U;4010;0010000007;CIRCULANTE E REALIZAVEL A LONGO PRAZO             ; 0000002309135081,23
200505;04184779;BCO IBI S.A. - BM                                           ;U;4010;0011000006;DISPONIBILIDADES                                  ; 0000000000876178,56
200505;04184779;BCO IBI S.A. - BM                                           ;U;4010;0011100009;CAIXA                                             ; 0000000000001661,05
200505;04184779;BCO IBI S.A. - BM                                           ;U;4010;0011300005;RESERVAS LIVRES                                   ; 0000000000602540,32
200505;04184779;BCO IBI S.A. - BM                                           ;U;4010;0011500001;DISPONIBILIDADES EM MOEDAS ESTRANGEIRAS           ; 0000000000271977,19
200505;04184779;BCO IBI S.A. - BM                                           ;U;4010;0012000005;APLICACOES INTERFINANCEIRAS DE LIQUIDEZ           ; 0000000033028062,47
200505;04184779;BCO IBI S.A. - BM                                           ;U;4010;0012100008;APLICACOES EM OPERACOES COMPROMISSADAS            ; 0000000029999265,80
200505;04184779;BCO IBI S.A. - BM                                           ;U;4010;0012200001;APLICACOES EM DEPOSITOS INTERFINANCEIROS          ; 0000000003028796,67
200505;04184779;BCO IBI S.A. - BM                                           ;U;4010;0013000004;TITULOS E VAL. MOB. E INST. FINANC. DERIVATIVOS   ; 0000000300714527,58
200505;04184779;BCO IBI S.A. - BM                                           ;U;4010;0013100007;LIVRES                                            ; 0000000180613708,29
200505;04184779;BCO IBI S.A. - BM                                           ;U;4010;0013200000;VINCULADOS A OPERACOES COMPROMISSADAS             ; 0000000120100819,29
200505;04184779;BCO IBI S.A. - BM                                           ;U;4010;0014000003;RELACOES INTERFINANCEIRAS                         ; 0000000006412214,01
200505;04184779;BCO IBI S.A. - BM                                           ;U;4010;0014100006;DIREITOS JUNTO A PARTIC. DE SISTEMAS DE LIQUIDAÇÃO; 0000000002976437,72
200505;04184779;BCO IBI S.A. - BM                                           ;U;4010;0014200009;CREDITOS VINCULADOS                               ; 0000000000128683,10
200505;04184779;BCO IBI S.A. - BM                                           ;U;4010;0014400005;RELACOES COM CORRESPONDENTES                      ; 0000000003307093,19
200505;04184779;BCO IBI S.A. - BM                                           ;U;4010;0016000001;OPERACOES DE CREDITO                              ; 0000001092255766,24
200505;04184779;BCO IBI S.A. - BM                                           ;U;4010;0016100004;EMPRESTIMOS E TITULOS DESCONTADOS                 ; 0000000353802353,50
200505;04184779;BCO IBI S.A. - BM                                           ;U;4010;0016200007;FINANCIAMENTOS                                    ; 0000001029509502,67
200505;04184779;BCO IBI S.A. - BM                                           ;U;4010;0016900008;(-) PROVISOES PARA OPERACOES DE CREDITO           ;-0000000291056089,93
200505;04184779;BCO IBI S.A. - BM                                           ;U;4010;0018000009;OUTROS CREDITOS                                   ; 0000000867254925,68
200505;04184779;BCO IBI S.A. - BM                                           ;U;4010;0018300008;RENDAS A RECEBER                                  ; 0000000000003940,00
200505;04184779;BCO IBI S.A. - BM                                           ;U;4010;0018800003;DIVERSOS                                          ; 0000000882989396,73
200505;04184779;BCO IBI S.A. - BM                                           ;U;4010;0018900006;(-) PROVISOES PARA OUTROS CREDITOS                ;-0000000015738411,05
200505;04184779;BCO IBI S.A. - BM                                           ;U;4010;0019000008;OUTROS VALORES E BENS                             ; 0000000008593406,69
200505;04184779;BCO IBI S.A. - BM                                           ;U;4010;0019900005;DESPESAS ANTECIPADAS                              ; 0000000008593406,69
200505;04184779;BCO IBI S.A. - BM                                           ;U;4010;0020000004;PERMANENTE                                        ; 0000000067260600,58
200505;04184779;BCO IBI S.A. - BM                                           ;U;4010;0021000003;INVESTIMENTOS                                     ; 0000000010619121,16
200505;04184779;BCO IBI S.A. - BM                                           ;U;4010;0021200009;PARTICIPACOES EM COLIGADAS E CONTROLADAS NO PAIS  ; 0000000010619121,16
200505;04184779;BCO IBI S.A. - BM                                           ;U;4010;0022000002;IMOBILIZADO DE USO                                ; 0000000006854196,50
200505;04184779;BCO IBI S.A. - BM                                           ;U;4010;0022200008;IMOBILIZACOES EM CURSO                            ; 0000000001578986,39
200505;04184779;BCO IBI S.A. - BM                                           ;U;4010;0022400004;INSTALACOES, MOVEIS E EQUIPAMENTOS DE USO         ; 0000000002014978,63
200505;04184779;BCO IBI S.A. - BM                                           ;U;4010;0022900009;OUTROS                                            ; 0000000003260231,48
200505;04184779;BCO IBI S.A. - BM                                           ;U;4010;0024000000;DIFERIDO                                          ; 0000000049787282,92
200505;04184779;BCO IBI S.A. - BM                                           ;U;4010;0024100003;GASTOS DE ORGANIZACAO E EXPANSAO                  ; 0000000049787282,92
200505;04184779;BCO IBI S.A. - BM                                           ;U;4010;0030000001;COMPENSACAO                                       ; 0000004435764477,23
200505;04184779;BCO IBI S.A. - BM                                           ;U;4010;0030300000;TITULOS E VALORES MOBILIARIOS                     ; 0000000605307214,13
200505;04184779;BCO IBI S.A. - BM                                           ;U;4010;0030400003;CUSTODIA DE VALORES                               ; 0000000003363717,01
200505;04184779;BCO IBI S.A. - BM                                           ;U;4010;0030600009;NEGOCIACAO E INTERMEDIACAO DE VALORES             ; 0000000364564811,04
200505;04184779;BCO IBI S.A. - BM                                           ;U;4010;0030900008;CONTROLE                                          ; 0000001384348763,13
200505;04184779;BCO IBI S.A. - BM                                           ;U;4010;0031000000;CLASSIFICACAO DA CARTEIRA DE CREDITOS             ; 0000002078179971,92
200505;04184779;BCO IBI S.A. - BM                                           ;U;4010;0031100003;OPERACOES DE RISCO NIVEL AA                       ; 0000000139244842,76
200505;04184779;BCO IBI S.A. - BM                                           ;U;4010;0031200006;OPERACOES DE RISCO NIVEL A                        ; 0000001207103824,85
200505;04184779;BCO IBI S.A. - BM                                           ;U;4010;0031300009;OPERACOES DE RISCO NIVELB                         ; 0000000164169658,30
200505;04184779;BCO IBI S.A. - BM                                           ;U;4010;0031400002;OPERACOES DE RISCO NIVELC                         ; 0000000120402470,06
200505;04184779;BCO IBI S.A. - BM                                           ;U;4010;0031500005;OPERACOES DE RISCO NIVEL D                        ; 0000000080782267,10
200505;04184779;BCO IBI S.A. - BM                                           ;U;4010;0031600008;OPERACOES DE RISCO NIVEL E                        ; 0000000063279196,25
200505;04184779;BCO IBI S.A. - BM                                           ;U;4010;0031700001;OPERACOES DE RISCO NIVEL F                        ; 0000000059232478,43
200505;04184779;BCO IBI S.A. - BM                                           ;U;4010;0031800004;OPERACOES DE RISCO NIVEL G                        ; 0000000037807351,02
200505;04184779;BCO IBI S.A. - BM                                           ;U;4010;0031900007;OPERACOES DE RISCO NIVEL H                        ; 0000000206157883,15
200505;04184779;BCO IBI S.A. - BM                                           ;U;4010;0039999993;TOTAL GERAL DO ATIVO                              ; 0000006812160159,04
200505;04184779;BCO IBI S.A. - BM                                           ;U;4010;0040000008;CIRCULANTE EXIGIVEL A LONGO PRAZO                 ; 0000001948393711,37
200505;04184779;BCO IBI S.A. - BM                                           ;U;4010;0041000007;DEPOSITOS                                         ; 0000000793906889,78
200505;04184779;BCO IBI S.A. - BM                                           ;U;4010;0041100000;DEPOSITOS A VISTA                                 ; 0000000000350072,64
200505;04184779;BCO IBI S.A. - BM                                           ;U;4010;0041300006;DEPOSITOS INTERFINANCEIROS                        ; 0000000148402614,97
200505;04184779;BCO IBI S.A. - BM                                           ;U;4010;0041500002;DEPOSITOS A PRAZO                                 ; 0000000645149492,17
200505;04184779;BCO IBI S.A. - BM                                           ;U;4010;0041900004;OUTROS DEPOSITOS                                  ; 0000000000004710,00
200505;04184779;BCO IBI S.A. - BM                                           ;U;4010;0042000006;OBRIGACOES POR OPERACOES COMPROMISSADAS           ; 0000000119999832,19
200505;04184779;BCO IBI S.A. - BM                                           ;U;4010;0042100009;CARTEIRA PROPRIA                                  ; 0000000119999832,19
200505;04184779;BCO IBI S.A. - BM                                           ;U;4010;0044000004;RELACOES INTERFINANCEIRAS                         ; 0000000000221428,59
200505;04184779;BCO IBI S.A. - BM                                           ;U;4010;0044100007;OBRIGAÇÕES JUNTO A PARTIC. DE SIST. DE LIQUIDACÃO ; 0000000000221377,20
200505;04184779;BCO IBI S.A. - BM                                           ;U;4010;0044400006;RELACOES COM CORRESPONDENTES                      ; 0000000000000051,39
200505;04184779;BCO IBI S.A. - BM                                           ;U;4010;0045000003;RELACOES INTERDEPENDENCIAS                        ; 0000000000371462,35
200505;04184779;BCO IBI S.A. - BM                                           ;U;4010;0045100006;RECURSOS EM TRANSITO DE TERCEIROS                 ; 0000000000371462,35
200505;04184779;BCO IBI S.A. - BM                                           ;U;4010;0046000002;OBRIGACOES POR EMPRESTIMOS E REPASSES             ; 0000000088666378,59
200505;04184779;BCO IBI S.A. - BM                                           ;U;4010;0046200008;EMPRESTIMOS NO PAIS - OUTRAS INSTITUICOES         ; 0000000075258165,44
200505;04184779;BCO IBI S.A. - BM                                           ;U;4010;0046300001;EMPRESTIMOS NO EXTERIOR                           ; 0000000013408213,15
200505;04184779;BCO IBI S.A. - BM                                           ;U;4010;0047000001;INSTRUMENTOS FINANCEIROS DERIVATIVOS              ; 0000000042413958,71
200505;04184779;BCO IBI S.A. - BM                                           ;U;4010;0047100004;INSTRUMENTOS FINANCEIROS DERIVATIVOS              ; 0000000042413958,71
200505;04184779;BCO IBI S.A. - BM                                           ;U;4010;0049000009;OUTRAS OBRIGACOES                                 ; 0000000902813761,16
200505;04184779;BCO IBI S.A. - BM                                           ;U;4010;0049100002;COBRANCA E ARRECADACAO DE TRIBUTOS E ASSEMELHADOS ; 0000000000108604,43
200505;04184779;BCO IBI S.A. - BM                                           ;U;4010;0049400001;FISCAIS E PREVIDENCIARIAS                         ; 0000000058730646,70
200505;04184779;BCO IBI S.A. - BM                                           ;U;4010;0049900006;DIVERSAS                                          ; 0000000843974510,03
200505;04184779;BCO IBI S.A. - BM                                           ;U;4010;0050000005;RESULTADOS DE EXERCICIOS FUTUROS                  ; 0000000053603116,10
200505;04184779;BCO IBI S.A. - BM                                           ;U;4010;0051000004;RECEITAS DE EXERCICIOS FUTUROS                    ; 0000000053603116,10
200505;04184779;BCO IBI S.A. - BM                                           ;U;4010;0051100007;RECEITAS DE EXERCICIOS FUTUROS                    ; 0000000053603116,10
200505;04184779;BCO IBI S.A. - BM                                           ;U;4010;0060000002;PATRIMONIO LIQUIDO                                ; 0000000317395894,85
200505;04184779;BCO IBI S.A. - BM                                           ;U;4010;0061000001;PATRIMONIO LIQUIDO                                ; 0000000317395894,85
200505;04184779;BCO IBI S.A. - BM                                           ;U;4010;0061100004;CAPITAL SOCIAL                                    ; 0000000301289987,53
200505;04184779;BCO IBI S.A. - BM                                           ;U;4010;0061500006;RESERVAS DE LUCROS                                ; 0000000006862960,10
200505;04184779;BCO IBI S.A. - BM                                           ;U;4010;0061800005;LUCROS OU PREJUIZOS ACUMULADOS                    ; 0000000009242947,22
200505;04184779;BCO IBI S.A. - BM                                           ;U;4010;0070000009;CONTAS DE RESULTADO CREDORAS                      ; 0000000585200454,06
200505;04184779;BCO IBI S.A. - BM                                           ;U;4010;0071000008;RECEITAS OPERACIONAIS                             ; 0000000584720392,44
200505;04184779;BCO IBI S.A. - BM                                           ;U;4010;0071100001;RENDAS DE OPERACOES DE CREDITO                    ; 0000000408623618,99
200505;04184779;BCO IBI S.A. - BM                                           ;U;4010;0071300007;RENDAS DE CAMBIO                                  ; 0000000000013770,62
200505;04184779;BCO IBI S.A. - BM                                           ;U;4010;0071400000;RENDAS DE APLICACOES INTERFINANCEIRAS DE LIQUIDEZ ; 0000000001977526,83
200505;04184779;BCO IBI S.A. - BM                                           ;U;4010;0071500003;RENDAS COM TIT. E VAL. MOB. E INST. FINANC. DERIV.; 0000000018981413,31
200505;04184779;BCO IBI S.A. - BM                                           ;U;4010;0071700009;RENDAS DE PRESTACAO DE SERVICOS                   ; 0000000093285909,09
200505;04184779;BCO IBI S.A. - BM                                           ;U;4010;0071800002;RENDAS DE PARTICIPACOES                           ; 0000000010327952,69
200505;04184779;BCO IBI S.A. - BM                                           ;U;4010;0071900005;OUTRAS RECEITAS OPERACIONAIS                      ; 0000000051510200,91
200505;04184779;BCO IBI S.A. - BM                                           ;U;4010;0073000006;RECEITAS NAO OPERACIONAIS                         ; 0000000000480061,62
200505;04184779;BCO IBI S.A. - BM                                           ;U;4010;0073900003;OUTRAS RECEITAS NAO OPERACIONAIS                  ; 0000000000480061,62
200505;04184779;BCO IBI S.A. - BM                                           ;U;4010;0080000006;(-) CONTAS DE RESULTADO DEVEDORAS                 ;-0000000528197494,57
200505;04184779;BCO IBI S.A. - BM                                           ;U;4010;0081000005;(-) DESPESAS OPERACIONAIS                         ;-0000000495677288,24
200505;04184779;BCO IBI S.A. - BM                                           ;U;4010;0081100008;(-) DESPESAS DE CAPTACAO                          ;-0000000054152950,37
200505;04184779;BCO IBI S.A. - BM                                           ;U;4010;0081200001;(-) DESP DE OBRIGACOES POR EMPRESTIMOS E REPASSES ;-0000000002070972,02
200505;04184779;BCO IBI S.A. - BM                                           ;U;4010;0081400007;(-) DESPESAS DE CAMBIO                            ;-0000000000061647,98
200505;04184779;BCO IBI S.A. - BM                                           ;U;4010;0081500000;(-) DESP. COM TIT. E VAL. MOB. E INST. FIN. DERIV.;-0000000023522629,54
200505;04184779;BCO IBI S.A. - BM                                           ;U;4010;0081700006;(-) DESPESAS ADMINISTRATIVAS                      ;-0000000227121626,33
200505;04184779;BCO IBI S.A. - BM                                           ;U;4010;0081800009;(-) APROVISIONAMENTOS E AJUSTES PATRIMONIAIS      ;-0000000133545311,86
200505;04184779;BCO IBI S.A. - BM                                           ;U;4010;0081900002;(-) OUTRAS DESPESAS OPERACIONAIS                  ;-0000000055202150,14
200505;04184779;BCO IBI S.A. - BM                                           ;U;4010;0083000003;(-) DESPESAS NAO OPERACIONAIS                     ;-0000000000418406,94
200505;04184779;BCO IBI S.A. - BM                                           ;U;4010;0083900000;(-) OUTRAS DESPESAS NAO OPERACIONAIS              ;-0000000000418406,94
200505;04184779;BCO IBI S.A. - BM                                           ;U;4010;0089000007;(-) APURACAO DE RESULTADO                         ;-0000000032101799,39
200505;04184779;BCO IBI S.A. - BM                                           ;U;4010;0089400009;(-) IMPOSTO DE RENDA                              ;-0000000024345562,36
200505;04184779;BCO IBI S.A. - BM                                           ;U;4010;0089700008;(-) PARTICIPACOES NO LUCRO                        ;-0000000007756237,03
200505;04184779;BCO IBI S.A. - BM                                           ;U;4010;0090000003;COMPENSACAO                                       ; 0000004435764477,23
200505;04184779;BCO IBI S.A. - BM                                           ;U;4010;0090300002;TITULOS E VALORES MOBILIARIOS                     ; 0000000605307214,13
200505;04184779;BCO IBI S.A. - BM                                           ;U;4010;0090400005;CUSTODIA DE VALORES                               ; 0000000003363717,01
200505;04184779;BCO IBI S.A. - BM                                           ;U;4010;0090600001;NEGOCIACAO E INTERMEDIACAO DE VALORES             ; 0000000364564811,04
200505;04184779;BCO IBI S.A. - BM                                           ;U;4010;0090900000;CONTROLE                                          ; 0000001384348763,13
200505;04184779;BCO IBI S.A. - BM                                           ;U;4010;0091000002;CLASSIFICACAO DA CARTEIRA DE CREDITOS             ; 0000002078179971,92
200505;04184779;BCO IBI S.A. - BM                                           ;U;4010;0091100005;OPERACOES DE CREDITOS E ARRENDAMENTO MERCANTIL    ; 0000002078179971,92
200505;04184779;BCO IBI S.A. - BM                                           ;U;4010;0099999995;TOTAL GERAL DO PASSIVO                            ; 0000006812160159,04
200505;04332281;GOLDMAN SACHS DO BRASIL BM S.A                              ;U;4010;0010000007;CIRCULANTE E REALIZAVEL A LONGO PRAZO             ; 0000000020100586,44
200505;04332281;GOLDMAN SACHS DO BRASIL BM S.A                              ;U;4010;0011000006;DISPONIBILIDADES                                  ; 0000000000785030,83
200505;04332281;GOLDMAN SACHS DO BRASIL BM S.A                              ;U;4010;0011100009;CAIXA                                             ; 0000000000000520,06
200505;04332281;GOLDMAN SACHS DO BRASIL BM S.A                              ;U;4010;0011200002;DEPOSITOS BANCARIOS                               ; 0000000000784510,77
200505;04332281;GOLDMAN SACHS DO BRASIL BM S.A                              ;U;4010;0013000004;TITULOS E VAL. MOB. E INST. FINANC. DERIVATIVOS   ; 0000000018531501,63
200505;04332281;GOLDMAN SACHS DO BRASIL BM S.A                              ;U;4010;0013100007;LIVRES                                            ; 0000000018531501,63
200505;04332281;GOLDMAN SACHS DO BRASIL BM S.A                              ;U;4010;0018000009;OUTROS CREDITOS                                   ; 0000000000783357,07
200505;04332281;GOLDMAN SACHS DO BRASIL BM S.A                              ;U;4010;0018800003;DIVERSOS                                          ; 0000000000783357,07
200505;04332281;GOLDMAN SACHS DO BRASIL BM S.A                              ;U;4010;0019000008;OUTROS VALORES E BENS                             ; 0000000000000696,91
200505;04332281;GOLDMAN SACHS DO BRASIL BM S.A                              ;U;4010;0019900005;DESPESAS ANTECIPADAS                              ; 0000000000000696,91
200505;04332281;GOLDMAN SACHS DO BRASIL BM S.A                              ;U;4010;0020000004;PERMANENTE                                        ; 0000000013690949,83
200505;04332281;GOLDMAN SACHS DO BRASIL BM S.A                              ;U;4010;0021000003;INVESTIMENTOS                                     ; 0000000000158177,43
200505;04332281;GOLDMAN SACHS DO BRASIL BM S.A                              ;U;4010;0021400005;TITULOS PATRIMONIAIS                              ; 0000000000158177,43
200505;04332281;GOLDMAN SACHS DO BRASIL BM S.A                              ;U;4010;0024000000;DIFERIDO                                          ; 0000000013532772,40
200505;04332281;GOLDMAN SACHS DO BRASIL BM S.A                              ;U;4010;0024100003;GASTOS DE ORGANIZACAO E EXPANSAO                  ; 0000000013532772,40
200505;04332281;GOLDMAN SACHS DO BRASIL BM S.A                              ;U;4010;0030000001;COMPENSACAO                                       ; 0000000037087620,08
200505;04332281;GOLDMAN SACHS DO BRASIL BM S.A                              ;U;4010;0030300000;TITULOS E VALORES MOBILIARIOS                     ; 0000000037087620,08
200505;04332281;GOLDMAN SACHS DO BRASIL BM S.A                              ;U;4010;0039999993;TOTAL GERAL DO ATIVO                              ; 0000000070879156,35
200505;04332281;GOLDMAN SACHS DO BRASIL BM S.A                              ;U;4010;0040000008;CIRCULANTE EXIGIVEL A LONGO PRAZO                 ; 0000000000922475,71
200505;04332281;GOLDMAN SACHS DO BRASIL BM S.A                              ;U;4010;0049000009;OUTRAS OBRIGACOES                                 ; 0000000000922475,71
200505;04332281;GOLDMAN SACHS DO BRASIL BM S.A                              ;U;4010;0049400001;FISCAIS E PREVIDENCIARIAS                         ; 0000000000114932,72
200505;04332281;GOLDMAN SACHS DO BRASIL BM S.A                              ;U;4010;0049900006;DIVERSAS                                          ; 0000000000807542,99
200505;04332281;GOLDMAN SACHS DO BRASIL BM S.A                              ;U;4010;0060000002;PATRIMONIO LIQUIDO                                ; 0000000034839481,41
200505;04332281;GOLDMAN SACHS DO BRASIL BM S.A                              ;U;4010;0061000001;PATRIMONIO LIQUIDO                                ; 0000000034839481,41
200505;04332281;GOLDMAN SACHS DO BRASIL BM S.A                              ;U;4010;0061100004;CAPITAL SOCIAL                                    ; 0000000043596500,00
200505;04332281;GOLDMAN SACHS DO BRASIL BM S.A                              ;U;4010;0061300000;RESERVAS DE CAPITAL                               ; 0000000000037856,43
200505;04332281;GOLDMAN SACHS DO BRASIL BM S.A                              ;U;4010;0061800005;LUCROS OU PREJUIZOS ACUMULADOS                    ;-0000000008794875,02
200505;04332281;GOLDMAN SACHS DO BRASIL BM S.A                              ;U;4010;0070000009;CONTAS DE RESULTADO CREDORAS                      ; 0000000001168050,18
200505;04332281;GOLDMAN SACHS DO BRASIL BM S.A                              ;U;4010;0071000008;RECEITAS OPERACIONAIS                             ; 0000000001168050,18
200505;04332281;GOLDMAN SACHS DO BRASIL BM S.A                              ;U;4010;0071500003;RENDAS COM TIT. E VAL. MOB. E INST. FINANC. DERIV.; 0000000001168001,94
200505;04332281;GOLDMAN SACHS DO BRASIL BM S.A                              ;U;4010;0071900005;OUTRAS RECEITAS OPERACIONAIS                      ; 0000000000000048,24
200505;04332281;GOLDMAN SACHS DO BRASIL BM S.A                              ;U;4010;0080000006;(-) CONTAS DE RESULTADO DEVEDORAS                 ;-0000000003138471,03
200505;04332281;GOLDMAN SACHS DO BRASIL BM S.A                              ;U;4010;0081000005;(-) DESPESAS OPERACIONAIS                         ;-0000000003138471,03
200505;04332281;GOLDMAN SACHS DO BRASIL BM S.A                              ;U;4010;0081500000;(-) DESP. COM TIT. E VAL. MOB. E INST. FIN. DERIV.;-0000000000014002,99
200505;04332281;GOLDMAN SACHS DO BRASIL BM S.A                              ;U;4010;0081700006;(-) DESPESAS ADMINISTRATIVAS                      ;-0000000003070135,02
200505;04332281;GOLDMAN SACHS DO BRASIL BM S.A                              ;U;4010;0081900002;(-) OUTRAS DESPESAS OPERACIONAIS                  ;-0000000000054333,02
200505;04332281;GOLDMAN SACHS DO BRASIL BM S.A                              ;U;4010;0090000003;COMPENSACAO                                       ; 0000000037087620,08
200505;04332281;GOLDMAN SACHS DO BRASIL BM S.A                              ;U;4010;0090300002;TITULOS E VALORES MOBILIARIOS                     ; 0000000037087620,08
200505;04332281;GOLDMAN SACHS DO BRASIL BM S.A                              ;U;4010;0099999995;TOTAL GERAL DO PASSIVO                            ; 0000000070879156,35
200505;04866275;BCO STANDARD INV S.A.                                       ;I;4010;0010000007;CIRCULANTE E REALIZAVEL A LONGO PRAZO             ; 0000000265320506,84
200505;04866275;BCO STANDARD INV S.A.                                       ;I;4010;0011000006;DISPONIBILIDADES                                  ; 0000000000573117,42
200505;04866275;BCO STANDARD INV S.A.                                       ;I;4010;0011100009;CAIXA                                             ; 0000000000000700,00
200505;04866275;BCO STANDARD INV S.A.                                       ;I;4010;0011200002;DEPOSITOS BANCARIOS                               ; 0000000000481572,02
200505;04866275;BCO STANDARD INV S.A.                                       ;I;4010;0011500001;DISPONIBILIDADES EM MOEDAS ESTRANGEIRAS           ; 0000000000090845,40
200505;04866275;BCO STANDARD INV S.A.                                       ;I;4010;0012000005;APLICACOES INTERFINANCEIRAS DE LIQUIDEZ           ; 0000000046177259,98
200505;04866275;BCO STANDARD INV S.A.                                       ;I;4010;0012100008;APLICACOES EM OPERACOES COMPROMISSADAS            ; 0000000022599525,05
200505;04866275;BCO STANDARD INV S.A.                                       ;I;4010;0012200001;APLICACOES EM DEPOSITOS INTERFINANCEIROS          ; 0000000023577734,93
200505;04866275;BCO STANDARD INV S.A.                                       ;I;4010;0013000004;TITULOS E VAL. MOB. E INST. FINANC. DERIVATIVOS   ; 0000000096873476,16
200505;04866275;BCO STANDARD INV S.A.                                       ;I;4010;0013100007;LIVRES                                            ; 0000000034769059,13
200505;04866275;BCO STANDARD INV S.A.                                       ;I;4010;0013300003;INSTRUMENTOS FINANCEIROS DERIVATIVOS              ; 0000000045027434,84
200505;04866275;BCO STANDARD INV S.A.                                       ;I;4010;0013600002;VINCULADOS A PRESTACAO DE GARANTIAS               ; 0000000017076982,19
200505;04866275;BCO STANDARD INV S.A.                                       ;I;4010;0014000003;RELACOES INTERFINANCEIRAS                         ; 0000000056089971,61
200505;04866275;BCO STANDARD INV S.A.                                       ;I;4010;0014300002;REPASSES INTERFINANCEIROS                         ; 0000000056089971,61
200505;04866275;BCO STANDARD INV S.A.                                       ;I;4010;0016000001;OPERACOES DE CREDITO                              ; 0000000037058232,83
200505;04866275;BCO STANDARD INV S.A.                                       ;I;4010;0016100004;EMPRESTIMOS E TITULOS DESCONTADOS                 ; 0000000013094671,96
200505;04866275;BCO STANDARD INV S.A.                                       ;I;4010;0016200007;FINANCIAMENTOS                                    ; 0000000024070545,12
200505;04866275;BCO STANDARD INV S.A.                                       ;I;4010;0016900008;(-) PROVISOES PARA OPERACOES DE CREDITO           ;-0000000000106984,25
200505;04866275;BCO STANDARD INV S.A.                                       ;I;4010;0018000009;OUTROS CREDITOS                                   ; 0000000028548448,84
200505;04866275;BCO STANDARD INV S.A.                                       ;I;4010;0018200005;CARTEIRA DE CAMBIO                                ; 0000000015179170,00
200505;04866275;BCO STANDARD INV S.A.                                       ;I;4010;0018400001;NEGOCIACAO E INTERMEDIACAO DE VALORES             ; 0000000008770543,20
200505;04866275;BCO STANDARD INV S.A.                                       ;I;4010;0018800003;DIVERSOS                                          ; 0000000004598735,64
200505;04866275;BCO STANDARD INV S.A.                                       ;I;4010;0020000004;PERMANENTE                                        ; 0000000001880843,99
200505;04866275;BCO STANDARD INV S.A.                                       ;I;4010;0021000003;INVESTIMENTOS                                     ; 0000000000002800,00
200505;04866275;BCO STANDARD INV S.A.                                       ;I;4010;0021400005;TITULOS PATRIMONIAIS                              ; 0000000000002800,00
200505;04866275;BCO STANDARD INV S.A.                                       ;I;4010;0022000002;IMOBILIZADO DE USO                                ; 0000000000954843,95
200505;04866275;BCO STANDARD INV S.A.                                       ;I;4010;0022400004;INSTALACOES, MOVEIS E EQUIPAMENTOS DE USO         ; 0000000000290248,61
200505;04866275;BCO STANDARD INV S.A.                                       ;I;4010;0022900009;OUTROS                                            ; 0000000000664595,34
200505;04866275;BCO STANDARD INV S.A.                                       ;I;4010;0024000000;DIFERIDO                                          ; 0000000000923200,04
200505;04866275;BCO STANDARD INV S.A.                                       ;I;4010;0024100003;GASTOS DE ORGANIZACAO E EXPANSAO                  ; 0000000000923200,04
200505;04866275;BCO STANDARD INV S.A.                                       ;I;4010;0030000001;COMPENSACAO                                       ; 0000001309191864,83
200505;04866275;BCO STANDARD INV S.A.                                       ;I;4010;0030100004;COOBRIGACOES E RISCOS EM GARANTIAS PRESTADAS      ; 0000000009980313,22
200505;04866275;BCO STANDARD INV S.A.                                       ;I;4010;0030300000;TITULOS E VALORES MOBILIARIOS                     ; 0000000103692082,64
200505;04866275;BCO STANDARD INV S.A.                                       ;I;4010;0030400003;CUSTODIA DE VALORES                               ; 0000000003232209,69
200505;04866275;BCO STANDARD INV S.A.                                       ;I;4010;0030600009;NEGOCIACAO E INTERMEDIACAO DE VALORES             ; 0000001020345061,22
200505;04866275;BCO STANDARD INV S.A.                                       ;I;4010;0030900008;CONTROLE                                          ; 0000000134776980,98
200505;04866275;BCO STANDARD INV S.A.                                       ;I;4010;0031000000;CLASSIFICACAO DA CARTEIRA DE CREDITOS             ; 0000000037165217,08
200505;04866275;BCO STANDARD INV S.A.                                       ;I;4010;0031100003;OPERACOES DE RISCO NIVEL AA                       ; 0000000019919455,73
200505;04866275;BCO STANDARD INV S.A.                                       ;I;4010;0031200006;OPERACOES DE RISCO NIVEL A                        ; 0000000013094671,96
200505;04866275;BCO STANDARD INV S.A.                                       ;I;4010;0031300009;OPERACOES DE RISCO NIVELB                         ; 0000000004151089,39
200505;04866275;BCO STANDARD INV S.A.                                       ;I;4010;0039999993;TOTAL GERAL DO ATIVO                              ; 0000001576393215,66
200505;04866275;BCO STANDARD INV S.A.                                       ;I;4010;0040000008;CIRCULANTE EXIGIVEL A LONGO PRAZO                 ; 0000000190596513,04
200505;04866275;BCO STANDARD INV S.A.                                       ;I;4010;0041000007;DEPOSITOS                                         ; 0000000090570791,40
200505;04866275;BCO STANDARD INV S.A.                                       ;I;4010;0041300006;DEPOSITOS INTERFINANCEIROS                        ; 0000000017931446,57
200505;04866275;BCO STANDARD INV S.A.                                       ;I;4010;0041500002;DEPOSITOS A PRAZO                                 ; 0000000072639344,83
200505;04866275;BCO STANDARD INV S.A.                                       ;I;4010;0046000002;OBRIGACOES POR EMPRESTIMOS E REPASSES             ; 0000000057045867,65
200505;04866275;BCO STANDARD INV S.A.                                       ;I;4010;0046300001;EMPRESTIMOS NO EXTERIOR                           ; 0000000000961200,00
200505;04866275;BCO STANDARD INV S.A.                                       ;I;4010;0046600000;REPASSES DO EXTERIOR                              ; 0000000056084667,65
200505;04866275;BCO STANDARD INV S.A.                                       ;I;4010;0047000001;INSTRUMENTOS FINANCEIROS DERIVATIVOS              ; 0000000025022350,02
200505;04866275;BCO STANDARD INV S.A.                                       ;I;4010;0047100004;INSTRUMENTOS FINANCEIROS DERIVATIVOS              ; 0000000025022350,02
200505;04866275;BCO STANDARD INV S.A.                                       ;I;4010;0049000009;OUTRAS OBRIGACOES                                 ; 0000000017957503,97
200505;04866275;BCO STANDARD INV S.A.                                       ;I;4010;0049200005;CARTEIRA DE CAMBIO                                ; 0000000015193055,00
200505;04866275;BCO STANDARD INV S.A.                                       ;I;4010;0049400001;FISCAIS E PREVIDENCIARIAS                         ; 0000000001403564,31
200505;04866275;BCO STANDARD INV S.A.                                       ;I;4010;0049500004;NEGOCIACAO E INTERMEDIACAO DE VALORES             ; 0000000000001157,77
200505;04866275;BCO STANDARD INV S.A.                                       ;I;4010;0049900006;DIVERSAS                                          ; 0000000001359726,89
200505;04866275;BCO STANDARD INV S.A.                                       ;I;4010;0060000002;PATRIMONIO LIQUIDO                                ; 0000000076522211,54
200505;04866275;BCO STANDARD INV S.A.                                       ;I;4010;0061000001;PATRIMONIO LIQUIDO                                ; 0000000076522211,54
200505;04866275;BCO STANDARD INV S.A.                                       ;I;4010;0061100004;CAPITAL SOCIAL                                    ; 0000000075397628,00
200505;04866275;BCO STANDARD INV S.A.                                       ;I;4010;0061300000;RESERVAS DE CAPITAL                               ; 0000000000095285,51
200505;04866275;BCO STANDARD INV S.A.                                       ;I;4010;0061500006;RESERVAS DE LUCROS                                ; 0000000000398731,57
200505;04866275;BCO STANDARD INV S.A.                                       ;I;4010;0061600009;AJUSTES DE AVALIACAO PATRIMONIAL                  ;-0000000000019637,25
200505;04866275;BCO STANDARD INV S.A.                                       ;I;4010;0061800005;LUCROS OU PREJUIZOS ACUMULADOS                    ; 0000000000650203,71
200505;04866275;BCO STANDARD INV S.A.                                       ;I;4010;0070000009;CONTAS DE RESULTADO CREDORAS                      ; 0000000138867757,06
200505;04866275;BCO STANDARD INV S.A.                                       ;I;4010;0071000008;RECEITAS OPERACIONAIS                             ; 0000000138867757,06
200505;04866275;BCO STANDARD INV S.A.                                       ;I;4010;0071100001;RENDAS DE OPERACOES DE CREDITO                    ; 0000000002323578,05
200505;04866275;BCO STANDARD INV S.A.                                       ;I;4010;0071300007;RENDAS DE CAMBIO                                  ; 0000000000406633,25
200505;04866275;BCO STANDARD INV S.A.                                       ;I;4010;0071400000;RENDAS DE APLICACOES INTERFINANCEIRAS DE LIQUIDEZ ; 0000000002908686,98
200505;04866275;BCO STANDARD INV S.A.                                       ;I;4010;0071500003;RENDAS COM TIT. E VAL. MOB. E INST. FINANC. DERIV.; 0000000123156032,47
200505;04866275;BCO STANDARD INV S.A.                                       ;I;4010;0071700009;RENDAS DE PRESTACAO DE SERVICOS                   ; 0000000000020440,00
200505;04866275;BCO STANDARD INV S.A.                                       ;I;4010;0071900005;OUTRAS RECEITAS OPERACIONAIS                      ; 0000000010052386,31
200505;04866275;BCO STANDARD INV S.A.                                       ;I;4010;0080000006;(-) CONTAS DE RESULTADO DEVEDORAS                 ;-0000000138785130,81
200505;04866275;BCO STANDARD INV S.A.                                       ;I;4010;0081000005;(-) DESPESAS OPERACIONAIS                         ;-0000000139993056,02
200505;04866275;BCO STANDARD INV S.A.                                       ;I;4010;0081100008;(-) DESPESAS DE CAPTACAO                          ;-0000000003925257,02
200505;04866275;BCO STANDARD INV S.A.                                       ;I;4010;0081200001;(-) DESP DE OBRIGACOES POR EMPRESTIMOS E REPASSES ;-0000000000886242,99
200505;04866275;BCO STANDARD INV S.A.                                       ;I;4010;0081400007;(-) DESPESAS DE CAMBIO                            ;-0000000000042168,06
200505;04866275;BCO STANDARD INV S.A.                                       ;I;4010;0081500000;(-) DESP. COM TIT. E VAL. MOB. E INST. FIN. DERIV.;-0000000117663518,06
200505;04866275;BCO STANDARD INV S.A.                                       ;I;4010;0081700006;(-) DESPESAS ADMINISTRATIVAS                      ;-0000000008301459,24
200505;04866275;BCO STANDARD INV S.A.                                       ;I;4010;0081800009;(-) APROVISIONAMENTOS E AJUSTES PATRIMONIAIS      ;-0000000000157051,41
200505;04866275;BCO STANDARD INV S.A.                                       ;I;4010;0081900002;(-) OUTRAS DESPESAS OPERACIONAIS                  ;-0000000009017359,24
200505;04866275;BCO STANDARD INV S.A.                                       ;I;4010;0089000007;(-) APURACAO DE RESULTADO                         ; 0000000001207925,21
200505;04866275;BCO STANDARD INV S.A.                                       ;I;4010;0089400009;(-) IMPOSTO DE RENDA                              ; 0000000001280812,76
200505;04866275;BCO STANDARD INV S.A.                                       ;I;4010;0089700008;(-) PARTICIPACOES NO LUCRO                        ;-0000000000072887,55
200505;04866275;BCO STANDARD INV S.A.                                       ;I;4010;0090000003;COMPENSACAO                                       ; 0000001309191864,83
200505;04866275;BCO STANDARD INV S.A.                                       ;I;4010;0090100006;COOBRIGACOES E RISCOS EM GARANTIAS PRESTADAS      ; 0000000009980313,22
200505;04866275;BCO STANDARD INV S.A.                                       ;I;4010;0090300002;TITULOS E VALORES MOBILIARIOS                     ; 0000000103692082,64
200505;04866275;BCO STANDARD INV S.A.                                       ;I;4010;0090400005;CUSTODIA DE VALORES                               ; 0000000003232209,69
200505;04866275;BCO STANDARD INV S.A.                                       ;I;4010;0090600001;NEGOCIACAO E INTERMEDIACAO DE VALORES             ; 0000001020345061,22
200505;04866275;BCO STANDARD INV S.A.                                       ;I;4010;0090900000;CONTROLE                                          ; 0000000134776980,98
200505;04866275;BCO STANDARD INV S.A.                                       ;I;4010;0091000002;CLASSIFICACAO DA CARTEIRA DE CREDITOS             ; 0000000037165217,08
200505;04866275;BCO STANDARD INV S.A.                                       ;I;4010;0091100005;OPERACOES DE CREDITOS E ARRENDAMENTO MERCANTIL    ; 0000000037165217,08
200505;04866275;BCO STANDARD INV S.A.                                       ;I;4010;0099999995;TOTAL GERAL DO PASSIVO                            ; 0000001576393215,66
200505;04902979;BCO DA AMAZONIA S.A.                                        ;B;4010;0010000007;CIRCULANTE E REALIZAVEL A LONGO PRAZO             ; 0000003761906087,86
200505;04902979;BCO DA AMAZONIA S.A.                                        ;B;4010;0011000006;DISPONIBILIDADES                                  ; 0000000034897562,66
200505;04902979;BCO DA AMAZONIA S.A.                                        ;B;4010;0011100009;CAIXA                                             ; 0000000027046618,14
200505;04902979;BCO DA AMAZONIA S.A.                                        ;B;4010;0011500001;DISPONIBILIDADES EM MOEDAS ESTRANGEIRAS           ; 0000000007850944,52
200505;04902979;BCO DA AMAZONIA S.A.                                        ;B;4010;0013000004;TITULOS E VAL. MOB. E INST. FINANC. DERIVATIVOS   ; 0000002586237628,39
200505;04902979;BCO DA AMAZONIA S.A.                                        ;B;4010;0013100007;LIVRES                                            ; 0000002472824166,18
200505;04902979;BCO DA AMAZONIA S.A.                                        ;B;4010;0013200000;VINCULADOS A OPERACOES COMPROMISSADAS             ; 0000000102479891,42
200505;04902979;BCO DA AMAZONIA S.A.                                        ;B;4010;0013600002;VINCULADOS A PRESTACAO DE GARANTIAS               ; 0000000010933570,79
200505;04902979;BCO DA AMAZONIA S.A.                                        ;B;4010;0014000003;RELACOES INTERFINANCEIRAS                         ; 0000000113448546,03
200505;04902979;BCO DA AMAZONIA S.A.                                        ;B;4010;0014100006;DIREITOS JUNTO A PARTIC. DE SISTEMAS DE LIQUIDAÇÃO; 0000000016273572,94
200505;04902979;BCO DA AMAZONIA S.A.                                        ;B;4010;0014200009;CREDITOS VINCULADOS                               ; 0000000097174973,09
200505;04902979;BCO DA AMAZONIA S.A.                                        ;B;4010;0015000002;RELACOES INTERDEPENDENCIAS                        ; 0000000000904564,48
200505;04902979;BCO DA AMAZONIA S.A.                                        ;B;4010;0015200008;TRANSFERENCIAS INTERNAS DE RECURSOS               ; 0000000000904564,48
200505;04902979;BCO DA AMAZONIA S.A.                                        ;B;4010;0016000001;OPERACOES DE CREDITO                              ; 0000000711874232,89
200505;04902979;BCO DA AMAZONIA S.A.                                        ;B;4010;0016100004;EMPRESTIMOS E TITULOS DESCONTADOS                 ; 0000000333072714,85
200505;04902979;BCO DA AMAZONIA S.A.                                        ;B;4010;0016200007;FINANCIAMENTOS                                    ; 0000000159052745,28
200505;04902979;BCO DA AMAZONIA S.A.                                        ;B;4010;0016300000;FINANCIAMENTOS RURAIS E AGROINDUSTRIAIS           ; 0000000290575863,30
200505;04902979;BCO DA AMAZONIA S.A.                                        ;B;4010;0016900008;(-) PROVISOES PARA OPERACOES DE CREDITO           ;-0000000070827090,54
200505;04902979;BCO DA AMAZONIA S.A.                                        ;B;4010;0018000009;OUTROS CREDITOS                                   ; 0000000310448371,25
200505;04902979;BCO DA AMAZONIA S.A.                                        ;B;4010;0018200005;CARTEIRA DE CAMBIO                                ; 0000000083073640,13
200505;04902979;BCO DA AMAZONIA S.A.                                        ;B;4010;0018300008;RENDAS A RECEBER                                  ; 0000000019170029,32
200505;04902979;BCO DA AMAZONIA S.A.                                        ;B;4010;0018800003;DIVERSOS                                          ; 0000000215520780,52
200505;04902979;BCO DA AMAZONIA S.A.                                        ;B;4010;0018900006;(-) PROVISOES PARA OUTROS CREDITOS                ;-0000000007316078,72
200505;04902979;BCO DA AMAZONIA S.A.                                        ;B;4010;0019000008;OUTROS VALORES E BENS                             ; 0000000004095182,16
200505;04902979;BCO DA AMAZONIA S.A.                                        ;B;4010;0019800002;OUTROS VALORES E BENS                             ; 0000000003108905,72
200505;04902979;BCO DA AMAZONIA S.A.                                        ;B;4010;0019900005;DESPESAS ANTECIPADAS                              ; 0000000000986276,44
200505;04902979;BCO DA AMAZONIA S.A.                                        ;B;4010;0020000004;PERMANENTE                                        ; 0000000173070494,97
200505;04902979;BCO DA AMAZONIA S.A.                                        ;B;4010;0021000003;INVESTIMENTOS                                     ; 0000000000224168,61
200505;04902979;BCO DA AMAZONIA S.A.                                        ;B;4010;0021300002;INVESTIMENTOS POR INCENTIVOS FISCAIS              ; 0000000000098216,56
200505;04902979;BCO DA AMAZONIA S.A.                                        ;B;4010;0021400005;TITULOS PATRIMONIAIS                              ; 0000000000125952,05
200505;04902979;BCO DA AMAZONIA S.A.                                        ;B;4010;0022000002;IMOBILIZADO DE USO                                ; 0000000150528414,69
200505;04902979;BCO DA AMAZONIA S.A.                                        ;B;4010;0022100005;MOVEIS E EQUIPAMENTOS EM ESTOQUE                  ; 0000000003500216,98
200505;04902979;BCO DA AMAZONIA S.A.                                        ;B;4010;0022200008;IMOBILIZACOES EM CURSO                            ; 0000000020206743,32
200505;04902979;BCO DA AMAZONIA S.A.                                        ;B;4010;0022300001;IMOVEIS DE USO                                    ; 0000000072472757,43
200505;04902979;BCO DA AMAZONIA S.A.                                        ;B;4010;0022400004;INSTALACOES, MOVEIS E EQUIPAMENTOS DE USO         ; 0000000013485449,90
200505;04902979;BCO DA AMAZONIA S.A.                                        ;B;4010;0022900009;OUTROS                                            ; 0000000040863247,06
200505;04902979;BCO DA AMAZONIA S.A.                                        ;B;4010;0024000000;DIFERIDO                                          ; 0000000022317911,67
200505;04902979;BCO DA AMAZONIA S.A.                                        ;B;4010;0024100003;GASTOS DE ORGANIZACAO E EXPANSAO                  ; 0000000022317911,67
200505;04902979;BCO DA AMAZONIA S.A.                                        ;B;4010;0030000001;COMPENSACAO                                       ; 0000018918629844,74
200505;04902979;BCO DA AMAZONIA S.A.                                        ;B;4010;0030100004;COOBRIGACOES E RISCOS EM GARANTIAS PRESTADAS      ; 0000001835389329,04
200505;04902979;BCO DA AMAZONIA S.A.                                        ;B;4010;0030300000;TITULOS E VALORES MOBILIARIOS                     ; 0000005122921627,20
200505;04902979;BCO DA AMAZONIA S.A.                                        ;B;4010;0030400003;CUSTODIA DE VALORES                               ; 0000003810870671,36
200505;04902979;BCO DA AMAZONIA S.A.                                        ;B;4010;0030500006;COBRANCA                                          ; 0000000078072783,82
200505;04902979;BCO DA AMAZONIA S.A.                                        ;B;4010;0030600009;NEGOCIACAO E INTERMEDIACAO DE VALORES             ; 0000000064463000,00
200505;04902979;BCO DA AMAZONIA S.A.                                        ;B;4010;0030800005;CONTRATOS                                         ; 0000000104294385,97
200505;04902979;BCO DA AMAZONIA S.A.                                        ;B;4010;0030900008;CONTROLE                                          ; 0000007036571297,33
200505;04902979;BCO DA AMAZONIA S.A.                                        ;B;4010;0031000000;CLASSIFICACAO DA CARTEIRA DE CREDITOS             ; 0000000866046750,02
200505;04902979;BCO DA AMAZONIA S.A.                                        ;B;4010;0031100003;OPERACOES DE RISCO NIVEL AA                       ; 0000000127063763,97
200505;04902979;BCO DA AMAZONIA S.A.                                        ;B;4010;0031200006;OPERACOES DE RISCO NIVEL A                        ; 0000000415741018,30
200505;04902979;BCO DA AMAZONIA S.A.                                        ;B;4010;0031300009;OPERACOES DE RISCO NIVELB                         ; 0000000189212426,60
200505;04902979;BCO DA AMAZONIA S.A.                                        ;B;4010;0031400002;OPERACOES DE RISCO NIVELC                         ; 0000000044227386,49
200505;04902979;BCO DA AMAZONIA S.A.                                        ;B;4010;0031500005;OPERACOES DE RISCO NIVEL D                        ; 0000000010449170,00
200505;04902979;BCO DA AMAZONIA S.A.                                        ;B;4010;0031600008;OPERACOES DE RISCO NIVEL E                        ; 0000000002924242,59
200505;04902979;BCO DA AMAZONIA S.A.                                        ;B;4010;0031700001;OPERACOES DE RISCO NIVEL F                        ; 0000000001990123,05
200505;04902979;BCO DA AMAZONIA S.A.                                        ;B;4010;0031800004;OPERACOES DE RISCO NIVEL G                        ; 0000000015034506,74
200505;04902979;BCO DA AMAZONIA S.A.                                        ;B;4010;0031900007;OPERACOES DE RISCO NIVEL H                        ; 0000000059404112,28
200505;04902979;BCO DA AMAZONIA S.A.                                        ;B;4010;0039999993;TOTAL GERAL DO ATIVO                              ; 0000022853606427,57
200505;04902979;BCO DA AMAZONIA S.A.                                        ;B;4010;0040000008;CIRCULANTE EXIGIVEL A LONGO PRAZO                 ; 0000002389024716,61
200505;04902979;BCO DA AMAZONIA S.A.                                        ;B;4010;0041000007;DEPOSITOS                                         ; 0000000860622443,37
200505;04902979;BCO DA AMAZONIA S.A.                                        ;B;4010;0041100000;DEPOSITOS A VISTA                                 ; 0000000244234432,33
200505;04902979;BCO DA AMAZONIA S.A.                                        ;B;4010;0041200003;DEPOSITOS DE POUPANCA                             ; 0000000133279097,15
200505;04902979;BCO DA AMAZONIA S.A.                                        ;B;4010;0041500002;DEPOSITOS A PRAZO                                 ; 0000000410964939,54
200505;04902979;BCO DA AMAZONIA S.A.                                        ;B;4010;0041600005;OBRIGACOES P/DEPOS ESPEC E DE FUNDOS E PROGRAMAS  ; 0000000068330677,79
200505;04902979;BCO DA AMAZONIA S.A.                                        ;B;4010;0041900004;OUTROS DEPOSITOS                                  ; 0000000003813296,56
200505;04902979;BCO DA AMAZONIA S.A.                                        ;B;4010;0042000006;OBRIGACOES POR OPERACOES COMPROMISSADAS           ; 0000000102479872,68
200505;04902979;BCO DA AMAZONIA S.A.                                        ;B;4010;0042100009;CARTEIRA PROPRIA                                  ; 0000000102479872,68
200505;04902979;BCO DA AMAZONIA S.A.                                        ;B;4010;0044000004;RELACOES INTERFINANCEIRAS                         ; 0000000019545085,65
200505;04902979;BCO DA AMAZONIA S.A.                                        ;B;4010;0044100007;OBRIGAÇÕES JUNTO A PARTIC. DE SIST. DE LIQUIDACÃO ; 0000000019545085,65
200505;04902979;BCO DA AMAZONIA S.A.                                        ;B;4010;0045000003;RELACOES INTERDEPENDENCIAS                        ; 0000000000281428,18
200505;04902979;BCO DA AMAZONIA S.A.                                        ;B;4010;0045100006;RECURSOS EM TRANSITO DE TERCEIROS                 ; 0000000000281428,18
200505;04902979;BCO DA AMAZONIA S.A.                                        ;B;4010;0046000002;OBRIGACOES POR EMPRESTIMOS E REPASSES             ; 0000000348027298,33
200505;04902979;BCO DA AMAZONIA S.A.                                        ;B;4010;0046300001;EMPRESTIMOS NO EXTERIOR                           ; 0000000081086222,02
200505;04902979;BCO DA AMAZONIA S.A.                                        ;B;4010;0046400004;REPASSES DO PAIS - INSTITUICOES OFICIAIS          ; 0000000266941076,31
200505;04902979;BCO DA AMAZONIA S.A.                                        ;B;4010;0049000009;OUTRAS OBRIGACOES                                 ; 0000001058068588,40
200505;04902979;BCO DA AMAZONIA S.A.                                        ;B;4010;0049100002;COBRANCA E ARRECADACAO DE TRIBUTOS E ASSEMELHADOS ; 0000000020442855,10
200505;04902979;BCO DA AMAZONIA S.A.                                        ;B;4010;0049200005;CARTEIRA DE CAMBIO                                ; 0000000007883710,72
200505;04902979;BCO DA AMAZONIA S.A.                                        ;B;4010;0049300008;SOCIAIS E ESTATUTARIAS                            ; 0000000036392544,04
200505;04902979;BCO DA AMAZONIA S.A.                                        ;B;4010;0049400001;FISCAIS E PREVIDENCIARIAS                         ; 0000000064293875,49
200505;04902979;BCO DA AMAZONIA S.A.                                        ;B;4010;0049500004;NEGOCIACAO E INTERMEDIACAO DE VALORES             ; 0000000000002214,35
200505;04902979;BCO DA AMAZONIA S.A.                                        ;B;4010;0049600007;RECURSOS PARA DESTINACAO ESPECIFICA               ; 0000000237366099,48
200505;04902979;BCO DA AMAZONIA S.A.                                        ;B;4010;0049900006;DIVERSAS                                          ; 0000000691687289,22
200505;04902979;BCO DA AMAZONIA S.A.                                        ;B;4010;0060000002;PATRIMONIO LIQUIDO                                ; 0000001504186716,68
200505;04902979;BCO DA AMAZONIA S.A.                                        ;B;4010;0061000001;PATRIMONIO LIQUIDO                                ; 0000001504186716,68
200505;04902979;BCO DA AMAZONIA S.A.                                        ;B;4010;0061100004;CAPITAL SOCIAL                                    ; 0000001205234404,12
200505;04902979;BCO DA AMAZONIA S.A.                                        ;B;4010;0061300000;RESERVAS DE CAPITAL                               ; 0000000016006748,49
200505;04902979;BCO DA AMAZONIA S.A.                                        ;B;4010;0061400003;RESERVAS DE REAVALIACAO                           ; 0000000045681837,21
200505;04902979;BCO DA AMAZONIA S.A.                                        ;B;4010;0061500006;RESERVAS DE LUCROS                                ; 0000000247683599,49
200505;04902979;BCO DA AMAZONIA S.A.                                        ;B;4010;0061600009;AJUSTES DE AVALIACAO PATRIMONIAL                  ;-0000000010824906,53
200505;04902979;BCO DA AMAZONIA S.A.                                        ;B;4010;0061800005;LUCROS OU PREJUIZOS ACUMULADOS                    ; 0000000000405033,90
200505;04902979;BCO DA AMAZONIA S.A.                                        ;B;4010;0070000009;CONTAS DE RESULTADO CREDORAS                      ; 0000000452462192,81
200505;04902979;BCO DA AMAZONIA S.A.                                        ;B;4010;0071000008;RECEITAS OPERACIONAIS                             ; 0000000452119067,85
200505;04902979;BCO DA AMAZONIA S.A.                                        ;B;4010;0071100001;RENDAS DE OPERACOES DE CREDITO                    ; 0000000060687485,08
200505;04902979;BCO DA AMAZONIA S.A.                                        ;B;4010;0071300007;RENDAS DE CAMBIO                                  ; 0000000008948474,75
200505;04902979;BCO DA AMAZONIA S.A.                                        ;B;4010;0071400000;RENDAS DE APLICACOES INTERFINANCEIRAS DE LIQUIDEZ ; 0000000002576431,36
200505;04902979;BCO DA AMAZONIA S.A.                                        ;B;4010;0071500003;RENDAS COM TIT. E VAL. MOB. E INST. FINANC. DERIV.; 0000000176798362,55
200505;04902979;BCO DA AMAZONIA S.A.                                        ;B;4010;0071700009;RENDAS DE PRESTACAO DE SERVICOS                   ; 0000000104693405,71
200505;04902979;BCO DA AMAZONIA S.A.                                        ;B;4010;0071900005;OUTRAS RECEITAS OPERACIONAIS                      ; 0000000098414908,40
200505;04902979;BCO DA AMAZONIA S.A.                                        ;B;4010;0073000006;RECEITAS NAO OPERACIONAIS                         ; 0000000000343124,96
200505;04902979;BCO DA AMAZONIA S.A.                                        ;B;4010;0073100009;LUCROS EM TRANSACOES COM VALORES E BENS           ; 0000000000010185,79
200505;04902979;BCO DA AMAZONIA S.A.                                        ;B;4010;0073900003;OUTRAS RECEITAS NAO OPERACIONAIS                  ; 0000000000332939,17
200505;04902979;BCO DA AMAZONIA S.A.                                        ;B;4010;0080000006;(-) CONTAS DE RESULTADO DEVEDORAS                 ;-0000000410697043,27
200505;04902979;BCO DA AMAZONIA S.A.                                        ;B;4010;0081000005;(-) DESPESAS OPERACIONAIS                         ;-0000000366412226,81
200505;04902979;BCO DA AMAZONIA S.A.                                        ;B;4010;0081100008;(-) DESPESAS DE CAPTACAO                          ;-0000000048902658,97
200505;04902979;BCO DA AMAZONIA S.A.                                        ;B;4010;0081200001;(-) DESP DE OBRIGACOES POR EMPRESTIMOS E REPASSES ;-0000000007197056,27
200505;04902979;BCO DA AMAZONIA S.A.                                        ;B;4010;0081400007;(-) DESPESAS DE CAMBIO                            ;-0000000006388893,41
200505;04902979;BCO DA AMAZONIA S.A.                                        ;B;4010;0081500000;(-) DESP. COM TIT. E VAL. MOB. E INST. FIN. DERIV.;-0000000000255107,74
200505;04902979;BCO DA AMAZONIA S.A.                                        ;B;4010;0081700006;(-) DESPESAS ADMINISTRATIVAS                      ;-0000000137785826,80
200505;04902979;BCO DA AMAZONIA S.A.                                        ;B;4010;0081800009;(-) APROVISIONAMENTOS E AJUSTES PATRIMONIAIS      ;-0000000046046635,42
200505;04902979;BCO DA AMAZONIA S.A.                                        ;B;4010;0081900002;(-) OUTRAS DESPESAS OPERACIONAIS                  ;-0000000119836048,20
200505;04902979;BCO DA AMAZONIA S.A.                                        ;B;4010;0083000003;(-) DESPESAS NAO OPERACIONAIS                     ;-0000000000170428,89
200505;04902979;BCO DA AMAZONIA S.A.                                        ;B;4010;0083100006;(-) PREJUIZOS EM TRANSACOES COM VALORES E BENS    ;-0000000000000642,05
200505;04902979;BCO DA AMAZONIA S.A.                                        ;B;4010;0083900000;(-) OUTRAS DESPESAS NAO OPERACIONAIS              ;-0000000000169786,84
200505;04902979;BCO DA AMAZONIA S.A.                                        ;B;4010;0089000007;(-) APURACAO DE RESULTADO                         ;-0000000044114387,57
200505;04902979;BCO DA AMAZONIA S.A.                                        ;B;4010;0089400009;(-) IMPOSTO DE RENDA                              ;-0000000044114387,57
200505;04902979;BCO DA AMAZONIA S.A.                                        ;B;4010;0090000003;COMPENSACAO                                       ; 0000018918629844,74
200505;04902979;BCO DA AMAZONIA S.A.                                        ;B;4010;0090100006;COOBRIGACOES E RISCOS EM GARANTIAS PRESTADAS      ; 0000001835389329,04
200505;04902979;BCO DA AMAZONIA S.A.                                        ;B;4010;0090300002;TITULOS E VALORES MOBILIARIOS                     ; 0000005122921627,20
200505;04902979;BCO DA AMAZONIA S.A.                                        ;B;4010;0090400005;CUSTODIA DE VALORES                               ; 0000003810870671,36
200505;04902979;BCO DA AMAZONIA S.A.                                        ;B;4010;0090500008;COBRANCA                                          ; 0000000078072783,82
200505;04902979;BCO DA AMAZONIA S.A.                                        ;B;4010;0090600001;NEGOCIACAO E INTERMEDIACAO DE VALORES             ; 0000000064463000,00
200505;04902979;BCO DA AMAZONIA S.A.                                        ;B;4010;0090800007;CONTRATOS                                         ; 0000000104294385,97
200505;04902979;BCO DA AMAZONIA S.A.                                        ;B;4010;0090900000;CONTROLE                                          ; 0000007036571297,33
200505;04902979;BCO DA AMAZONIA S.A.                                        ;B;4010;0091000002;CLASSIFICACAO DA CARTEIRA DE CREDITOS             ; 0000000866046750,02
200505;04902979;BCO DA AMAZONIA S.A.                                        ;B;4010;0091100005;OPERACOES DE CREDITOS E ARRENDAMENTO MERCANTIL    ; 0000000866046750,02
200505;04902979;BCO DA AMAZONIA S.A.                                        ;B;4010;0099999995;TOTAL GERAL DO PASSIVO                            ; 0000022853606427,57
200505;04913711;BCO DO EST. DO PA S.A.                                      ;U;4010;0010000007;CIRCULANTE E REALIZAVEL A LONGO PRAZO             ; 0000000870359101,55
200505;04913711;BCO DO EST. DO PA S.A.                                      ;U;4010;0011000006;DISPONIBILIDADES                                  ; 0000000025028704,52
200505;04913711;BCO DO EST. DO PA S.A.                                      ;U;4010;0011100009;CAIXA                                             ; 0000000025028704,52
200505;04913711;BCO DO EST. DO PA S.A.                                      ;U;4010;0012000005;APLICACOES INTERFINANCEIRAS DE LIQUIDEZ           ; 0000000147996693,31
200505;04913711;BCO DO EST. DO PA S.A.                                      ;U;4010;0012100008;APLICACOES EM OPERACOES COMPROMISSADAS            ; 0000000147996693,31
200505;04913711;BCO DO EST. DO PA S.A.                                      ;U;4010;0013000004;TITULOS E VAL. MOB. E INST. FINANC. DERIVATIVOS   ; 0000000222843049,04
200505;04913711;BCO DO EST. DO PA S.A.                                      ;U;4010;0013100007;LIVRES                                            ; 0000000203663485,46
200505;04913711;BCO DO EST. DO PA S.A.                                      ;U;4010;0013200000;VINCULADOS A OPERACOES COMPROMISSADAS             ; 0000000019179563,58
200505;04913711;BCO DO EST. DO PA S.A.                                      ;U;4010;0014000003;RELACOES INTERFINANCEIRAS                         ; 0000000254978694,30
200505;04913711;BCO DO EST. DO PA S.A.                                      ;U;4010;0014100006;DIREITOS JUNTO A PARTIC. DE SISTEMAS DE LIQUIDAÇÃO; 0000000003176830,76
200505;04913711;BCO DO EST. DO PA S.A.                                      ;U;4010;0014200009;CREDITOS VINCULADOS                               ; 0000000251801863,54
200505;04913711;BCO DO EST. DO PA S.A.                                      ;U;4010;0016000001;OPERACOES DE CREDITO                              ; 0000000201445460,92
200505;04913711;BCO DO EST. DO PA S.A.                                      ;U;4010;0016100004;EMPRESTIMOS E TITULOS DESCONTADOS                 ; 0000000190727175,39
200505;04913711;BCO DO EST. DO PA S.A.                                      ;U;4010;0016200007;FINANCIAMENTOS                                    ; 0000000000326428,84
200505;04913711;BCO DO EST. DO PA S.A.                                      ;U;4010;0016300000;FINANCIAMENTOS RURAIS E AGROINDUSTRIAIS           ; 0000000009987651,90
200505;04913711;BCO DO EST. DO PA S.A.                                      ;U;4010;0016400003;FINANCIAMENTOS IMOBILIARIOS                       ; 0000000015664371,08
200505;04913711;BCO DO EST. DO PA S.A.                                      ;U;4010;0016600009;FINANCIAMENTOS DE INFRAESTRUTURA E DESENVOLVIMENTO; 0000000004398893,98
200505;04913711;BCO DO EST. DO PA S.A.                                      ;U;4010;0016900008;(-) PROVISOES PARA OPERACOES DE CREDITO           ;-0000000019659060,27
200505;04913711;BCO DO EST. DO PA S.A.                                      ;U;4010;0018000009;OUTROS CREDITOS                                   ; 0000000014375897,83
200505;04913711;BCO DO EST. DO PA S.A.                                      ;U;4010;0018200005;CARTEIRA DE CAMBIO                                ; 0000000000228285,00
200505;04913711;BCO DO EST. DO PA S.A.                                      ;U;4010;0018300008;RENDAS A RECEBER                                  ; 0000000002250681,43
200505;04913711;BCO DO EST. DO PA S.A.                                      ;U;4010;0018500004;CREDITOS ESPECIFICOS                              ; 0000000000053628,73
200505;04913711;BCO DO EST. DO PA S.A.                                      ;U;4010;0018800003;DIVERSOS                                          ; 0000000012138469,76
200505;04913711;BCO DO EST. DO PA S.A.                                      ;U;4010;0018900006;(-) PROVISOES PARA OUTROS CREDITOS                ;-0000000000295167,09
200505;04913711;BCO DO EST. DO PA S.A.                                      ;U;4010;0019000008;OUTROS VALORES E BENS                             ; 0000000003690601,63
200505;04913711;BCO DO EST. DO PA S.A.                                      ;U;4010;0019800002;OUTROS VALORES E BENS                             ; 0000000003645541,13
200505;04913711;BCO DO EST. DO PA S.A.                                      ;U;4010;0019900005;DESPESAS ANTECIPADAS                              ; 0000000000045060,50
200505;04913711;BCO DO EST. DO PA S.A.                                      ;U;4010;0020000004;PERMANENTE                                        ; 0000000031697109,32
200505;04913711;BCO DO EST. DO PA S.A.                                      ;U;4010;0021000003;INVESTIMENTOS                                     ; 0000000000039400,76
200505;04913711;BCO DO EST. DO PA S.A.                                      ;U;4010;0021400005;TITULOS PATRIMONIAIS                              ; 0000000000006858,37
200505;04913711;BCO DO EST. DO PA S.A.                                      ;U;4010;0021900000;OUTROS INVESTIMENTOS                              ; 0000000000032542,39
200505;04913711;BCO DO EST. DO PA S.A.                                      ;U;4010;0022000002;IMOBILIZADO DE USO                                ; 0000000031525749,27
200505;04913711;BCO DO EST. DO PA S.A.                                      ;U;4010;0022200008;IMOBILIZACOES EM CURSO                            ; 0000000000095723,18
200505;04913711;BCO DO EST. DO PA S.A.                                      ;U;4010;0022300001;IMOVEIS DE USO                                    ; 0000000023289309,85
200505;04913711;BCO DO EST. DO PA S.A.                                      ;U;4010;0022400004;INSTALACOES, MOVEIS E EQUIPAMENTOS DE USO         ; 0000000001570416,14
200505;04913711;BCO DO EST. DO PA S.A.                                      ;U;4010;0022900009;OUTROS                                            ; 0000000006570300,10
200505;04913711;BCO DO EST. DO PA S.A.                                      ;U;4010;0024000000;DIFERIDO                                          ; 0000000000131959,29
200505;04913711;BCO DO EST. DO PA S.A.                                      ;U;4010;0024100003;GASTOS DE ORGANIZACAO E EXPANSAO                  ; 0000000000131959,29
200505;04913711;BCO DO EST. DO PA S.A.                                      ;U;4010;0030000001;COMPENSACAO                                       ; 0000003084796560,05
200505;04913711;BCO DO EST. DO PA S.A.                                      ;U;4010;0030100004;COOBRIGACOES E RISCOS EM GARANTIAS PRESTADAS      ; 0000000002399080,21
200505;04913711;BCO DO EST. DO PA S.A.                                      ;U;4010;0030300000;TITULOS E VALORES MOBILIARIOS                     ; 0000000222843049,04
200505;04913711;BCO DO EST. DO PA S.A.                                      ;U;4010;0030400003;CUSTODIA DE VALORES                               ; 0000000397123226,55
200505;04913711;BCO DO EST. DO PA S.A.                                      ;U;4010;0030600009;NEGOCIACAO E INTERMEDIACAO DE VALORES             ; 0000000003661201,99
200505;04913711;BCO DO EST. DO PA S.A.                                      ;U;4010;0030800005;CONTRATOS                                         ; 0000000120457832,97
200505;04913711;BCO DO EST. DO PA S.A.                                      ;U;4010;0030900008;CONTROLE                                          ; 0000002117207648,10
200505;04913711;BCO DO EST. DO PA S.A.                                      ;U;4010;0031000000;CLASSIFICACAO DA CARTEIRA DE CREDITOS             ; 0000000221104521,19
200505;04913711;BCO DO EST. DO PA S.A.                                      ;U;4010;0031100003;OPERACOES DE RISCO NIVEL AA                       ; 0000000004398893,98
200505;04913711;BCO DO EST. DO PA S.A.                                      ;U;4010;0031200006;OPERACOES DE RISCO NIVEL A                        ; 0000000178050404,91
200505;04913711;BCO DO EST. DO PA S.A.                                      ;U;4010;0031300009;OPERACOES DE RISCO NIVELB                         ; 0000000001082253,50
200505;04913711;BCO DO EST. DO PA S.A.                                      ;U;4010;0031400002;OPERACOES DE RISCO NIVELC                         ; 0000000015323786,11
200505;04913711;BCO DO EST. DO PA S.A.                                      ;U;4010;0031500005;OPERACOES DE RISCO NIVEL D                        ; 0000000001603879,07
200505;04913711;BCO DO EST. DO PA S.A.                                      ;U;4010;0031600008;OPERACOES DE RISCO NIVEL E                        ; 0000000002416358,64
200505;04913711;BCO DO EST. DO PA S.A.                                      ;U;4010;0031700001;OPERACOES DE RISCO NIVEL F                        ; 0000000001265181,71
200505;04913711;BCO DO EST. DO PA S.A.                                      ;U;4010;0031800004;OPERACOES DE RISCO NIVEL G                        ; 0000000000611258,32
200505;04913711;BCO DO EST. DO PA S.A.                                      ;U;4010;0031900007;OPERACOES DE RISCO NIVEL H                        ; 0000000016352504,95
200505;04913711;BCO DO EST. DO PA S.A.                                      ;U;4010;0039999993;TOTAL GERAL DO ATIVO                              ; 0000003986852770,92
200505;04913711;BCO DO EST. DO PA S.A.                                      ;U;4010;0040000008;CIRCULANTE EXIGIVEL A LONGO PRAZO                 ; 0000000824343341,93
200505;04913711;BCO DO EST. DO PA S.A.                                      ;U;4010;0041000007;DEPOSITOS                                         ; 0000000745155098,89
200505;04913711;BCO DO EST. DO PA S.A.                                      ;U;4010;0041100000;DEPOSITOS A VISTA                                 ; 0000000265947251,07
200505;04913711;BCO DO EST. DO PA S.A.                                      ;U;4010;0041200003;DEPOSITOS DE POUPANCA                             ; 0000000079405235,86
200505;04913711;BCO DO EST. DO PA S.A.                                      ;U;4010;0041400009;DEPOSITOS SOB AVISO                               ; 0000000289236660,77
200505;04913711;BCO DO EST. DO PA S.A.                                      ;U;4010;0041500002;DEPOSITOS A PRAZO                                 ; 0000000110175585,15
200505;04913711;BCO DO EST. DO PA S.A.                                      ;U;4010;0041900004;OUTROS DEPOSITOS                                  ; 0000000000390366,04
200505;04913711;BCO DO EST. DO PA S.A.                                      ;U;4010;0042000006;OBRIGACOES POR OPERACOES COMPROMISSADAS           ; 0000000019007825,97
200505;04913711;BCO DO EST. DO PA S.A.                                      ;U;4010;0042100009;CARTEIRA PROPRIA                                  ; 0000000019007825,97
200505;04913711;BCO DO EST. DO PA S.A.                                      ;U;4010;0043000005;RECURSOS ACEITES CAMB,LI E HIP.,DEBENT.E SIMILARES; 0000000003335395,34
200505;04913711;BCO DO EST. DO PA S.A.                                      ;U;4010;0043300004;RECURSOS DE LETRAS HIPOTECARIAS                   ; 0000000003335395,34
200505;04913711;BCO DO EST. DO PA S.A.                                      ;U;4010;0044000004;RELACOES INTERFINANCEIRAS                         ; 0000000004843604,28
200505;04913711;BCO DO EST. DO PA S.A.                                      ;U;4010;0044100007;OBRIGAÇÕES JUNTO A PARTIC. DE SIST. DE LIQUIDACÃO ; 0000000004839831,28
200505;04913711;BCO DO EST. DO PA S.A.                                      ;U;4010;0044400006;RELACOES COM CORRESPONDENTES                      ; 0000000000003773,00
200505;04913711;BCO DO EST. DO PA S.A.                                      ;U;4010;0045000003;RELACOES INTERDEPENDENCIAS                        ; 0000000000166331,93
200505;04913711;BCO DO EST. DO PA S.A.                                      ;U;4010;0045100006;RECURSOS EM TRANSITO DE TERCEIROS                 ; 0000000000143971,08
200505;04913711;BCO DO EST. DO PA S.A.                                      ;U;4010;0045200009;TRANSFERENCIAS INTERNAS DE RECURSOS               ; 0000000000022360,85
200505;04913711;BCO DO EST. DO PA S.A.                                      ;U;4010;0047000001;INSTRUMENTOS FINANCEIROS DERIVATIVOS              ; 0000000000061923,94
200505;04913711;BCO DO EST. DO PA S.A.                                      ;U;4010;0047100004;INSTRUMENTOS FINANCEIROS DERIVATIVOS              ; 0000000000061923,94
200505;04913711;BCO DO EST. DO PA S.A.                                      ;U;4010;0049000009;OUTRAS OBRIGACOES                                 ; 0000000051773161,58
200505;04913711;BCO DO EST. DO PA S.A.                                      ;U;4010;0049100002;COBRANCA E ARRECADACAO DE TRIBUTOS E ASSEMELHADOS ; 0000000002444783,23
200505;04913711;BCO DO EST. DO PA S.A.                                      ;U;4010;0049400001;FISCAIS E PREVIDENCIARIAS                         ; 0000000005242544,50
200505;04913711;BCO DO EST. DO PA S.A.                                      ;U;4010;0049500004;NEGOCIACAO E INTERMEDIACAO DE VALORES             ; 0000000005076715,87
200505;04913711;BCO DO EST. DO PA S.A.                                      ;U;4010;0049900006;DIVERSAS                                          ; 0000000039009117,98
200505;04913711;BCO DO EST. DO PA S.A.                                      ;U;4010;0060000002;PATRIMONIO LIQUIDO                                ; 0000000075301003,99
200505;04913711;BCO DO EST. DO PA S.A.                                      ;U;4010;0061000001;PATRIMONIO LIQUIDO                                ; 0000000075301003,99
200505;04913711;BCO DO EST. DO PA S.A.                                      ;U;4010;0061100004;CAPITAL SOCIAL                                    ; 0000000292213291,35
200505;04913711;BCO DO EST. DO PA S.A.                                      ;U;4010;0061300000;RESERVAS DE CAPITAL                               ; 0000000006107114,05
200505;04913711;BCO DO EST. DO PA S.A.                                      ;U;4010;0061800005;LUCROS OU PREJUIZOS ACUMULADOS                    ;-0000000223019401,41
200505;04913711;BCO DO EST. DO PA S.A.                                      ;U;4010;0070000009;CONTAS DE RESULTADO CREDORAS                      ; 0000000092678221,85
200505;04913711;BCO DO EST. DO PA S.A.                                      ;U;4010;0071000008;RECEITAS OPERACIONAIS                             ; 0000000092450272,84
200505;04913711;BCO DO EST. DO PA S.A.                                      ;U;4010;0071100001;RENDAS DE OPERACOES DE CREDITO                    ; 0000000044124355,63
200505;04913711;BCO DO EST. DO PA S.A.                                      ;U;4010;0071300007;RENDAS DE CAMBIO                                  ; 0000000000006760,00
200505;04913711;BCO DO EST. DO PA S.A.                                      ;U;4010;0071400000;RENDAS DE APLICACOES INTERFINANCEIRAS DE LIQUIDEZ ; 0000000007103036,83
200505;04913711;BCO DO EST. DO PA S.A.                                      ;U;4010;0071500003;RENDAS COM TIT. E VAL. MOB. E INST. FINANC. DERIV.; 0000000015242099,08
200505;04913711;BCO DO EST. DO PA S.A.                                      ;U;4010;0071700009;RENDAS DE PRESTACAO DE SERVICOS                   ; 0000000011264992,61
200505;04913711;BCO DO EST. DO PA S.A.                                      ;U;4010;0071900005;OUTRAS RECEITAS OPERACIONAIS                      ; 0000000014709028,69
200505;04913711;BCO DO EST. DO PA S.A.                                      ;U;4010;0073000006;RECEITAS NAO OPERACIONAIS                         ; 0000000000227949,01
200505;04913711;BCO DO EST. DO PA S.A.                                      ;U;4010;0073100009;LUCROS EM TRANSACOES COM VALORES E BENS           ; 0000000000018199,19
200505;04913711;BCO DO EST. DO PA S.A.                                      ;U;4010;0073900003;OUTRAS RECEITAS NAO OPERACIONAIS                  ; 0000000000209749,82
200505;04913711;BCO DO EST. DO PA S.A.                                      ;U;4010;0080000006;(-) CONTAS DE RESULTADO DEVEDORAS                 ;-0000000090266356,90
200505;04913711;BCO DO EST. DO PA S.A.                                      ;U;4010;0081000005;(-) DESPESAS OPERACIONAIS                         ;-0000000086713093,98
200505;04913711;BCO DO EST. DO PA S.A.                                      ;U;4010;0081100008;(-) DESPESAS DE CAPTACAO                          ;-0000000029636548,56
200505;04913711;BCO DO EST. DO PA S.A.                                      ;U;4010;0081200001;(-) DESP DE OBRIGACOES POR EMPRESTIMOS E REPASSES ;-0000000000000206,74
200505;04913711;BCO DO EST. DO PA S.A.                                      ;U;4010;0081400007;(-) DESPESAS DE CAMBIO                            ;-0000000000030567,00
200505;04913711;BCO DO EST. DO PA S.A.                                      ;U;4010;0081500000;(-) DESP. COM TIT. E VAL. MOB. E INST. FIN. DERIV.;-0000000000238369,72
200505;04913711;BCO DO EST. DO PA S.A.                                      ;U;4010;0081700006;(-) DESPESAS ADMINISTRATIVAS                      ;-0000000045009180,59
200505;04913711;BCO DO EST. DO PA S.A.                                      ;U;4010;0081800009;(-) APROVISIONAMENTOS E AJUSTES PATRIMONIAIS      ;-0000000008018957,87
200505;04913711;BCO DO EST. DO PA S.A.                                      ;U;4010;0081900002;(-) OUTRAS DESPESAS OPERACIONAIS                  ;-0000000003779263,50
200505;04913711;BCO DO EST. DO PA S.A.                                      ;U;4010;0083000003;(-) DESPESAS NAO OPERACIONAIS                     ;-0000000001781417,65
200505;04913711;BCO DO EST. DO PA S.A.                                      ;U;4010;0083100006;(-) PREJUIZOS EM TRANSACOES COM VALORES E BENS    ;-0000000000024700,52
200505;04913711;BCO DO EST. DO PA S.A.                                      ;U;4010;0083900000;(-) OUTRAS DESPESAS NAO OPERACIONAIS              ;-0000000001756717,13
200505;04913711;BCO DO EST. DO PA S.A.                                      ;U;4010;0089000007;(-) APURACAO DE RESULTADO                         ;-0000000001771845,27
200505;04913711;BCO DO EST. DO PA S.A.                                      ;U;4010;0089400009;(-) IMPOSTO DE RENDA                              ;-0000000001771845,27
200505;04913711;BCO DO EST. DO PA S.A.                                      ;U;4010;0090000003;COMPENSACAO                                       ; 0000003084796560,05
200505;04913711;BCO DO EST. DO PA S.A.                                      ;U;4010;0090100006;COOBRIGACOES E RISCOS EM GARANTIAS PRESTADAS      ; 0000000002399080,21
200505;04913711;BCO DO EST. DO PA S.A.                                      ;U;4010;0090300002;TITULOS E VALORES MOBILIARIOS                     ; 0000000222843049,04
200505;04913711;BCO DO EST. DO PA S.A.                                      ;U;4010;0090400005;CUSTODIA DE VALORES                               ; 0000000397123226,55
200505;04913711;BCO DO EST. DO PA S.A.                                      ;U;4010;0090600001;NEGOCIACAO E INTERMEDIACAO DE VALORES             ; 0000000003661201,99
200505;04913711;BCO DO EST. DO PA S.A.                                      ;U;4010;0090800007;CONTRATOS                                         ; 0000000120457832,97
200505;04913711;BCO DO EST. DO PA S.A.                                      ;U;4010;0090900000;CONTROLE                                          ; 0000002117207648,10
200505;04913711;BCO DO EST. DO PA S.A.                                      ;U;4010;0091000002;CLASSIFICACAO DA CARTEIRA DE CREDITOS             ; 0000000221104521,19
200505;04913711;BCO DO EST. DO PA S.A.                                      ;U;4010;0091100005;OPERACOES DE CREDITOS E ARRENDAMENTO MERCANTIL    ; 0000000221104521,19
200505;04913711;BCO DO EST. DO PA S.A.                                      ;U;4010;0099999995;TOTAL GERAL DO PASSIVO                            ; 0000003986852770,92
200505;05040481;BANCO DE LAGE LANDEN BRASIL                                 ;U;4010;0010000007;CIRCULANTE E REALIZAVEL A LONGO PRAZO             ; 0000001644629201,43
200505;05040481;BANCO DE LAGE LANDEN BRASIL                                 ;U;4010;0011000006;DISPONIBILIDADES                                  ; 0000000001453655,98
200505;05040481;BANCO DE LAGE LANDEN BRASIL                                 ;U;4010;0011200002;DEPOSITOS BANCARIOS                               ; 0000000001450999,73
200505;05040481;BANCO DE LAGE LANDEN BRASIL                                 ;U;4010;0011500001;DISPONIBILIDADES EM MOEDAS ESTRANGEIRAS           ; 0000000000002656,25
200505;05040481;BANCO DE LAGE LANDEN BRASIL                                 ;U;4010;0012000005;APLICACOES INTERFINANCEIRAS DE LIQUIDEZ           ; 0000000011961589,13
200505;05040481;BANCO DE LAGE LANDEN BRASIL                                 ;U;4010;0012100008;APLICACOES EM OPERACOES COMPROMISSADAS            ; 0000000011961589,13
200505;05040481;BANCO DE LAGE LANDEN BRASIL                                 ;U;4010;0013000004;TITULOS E VAL. MOB. E INST. FINANC. DERIVATIVOS   ; 0000000278143590,91
200505;05040481;BANCO DE LAGE LANDEN BRASIL                                 ;U;4010;0013100007;LIVRES                                            ; 0000000151616653,79
200505;05040481;BANCO DE LAGE LANDEN BRASIL                                 ;U;4010;0013400006;VINCULADOS AO BANCO CENTRAL                       ; 0000000126526937,12
200505;05040481;BANCO DE LAGE LANDEN BRASIL                                 ;U;4010;0014000003;RELACOES INTERFINANCEIRAS                         ; 0000000000181607,82
200505;05040481;BANCO DE LAGE LANDEN BRASIL                                 ;U;4010;0014400005;RELACOES COM CORRESPONDENTES                      ; 0000000000181607,82
200505;05040481;BANCO DE LAGE LANDEN BRASIL                                 ;U;4010;0016000001;OPERACOES DE CREDITO                              ; 0000001343372854,94
200505;05040481;BANCO DE LAGE LANDEN BRASIL                                 ;U;4010;0016300000;FINANCIAMENTOS RURAIS E AGROINDUSTRIAIS           ; 0000001376172983,50
200505;05040481;BANCO DE LAGE LANDEN BRASIL                                 ;U;4010;0016900008;(-) PROVISOES PARA OPERACOES DE CREDITO           ;-0000000032800128,56
200505;05040481;BANCO DE LAGE LANDEN BRASIL                                 ;U;4010;0018000009;OUTROS CREDITOS                                   ; 0000000009313201,73
200505;05040481;BANCO DE LAGE LANDEN BRASIL                                 ;U;4010;0018300008;RENDAS A RECEBER                                  ; 0000000000737255,56
200505;05040481;BANCO DE LAGE LANDEN BRASIL                                 ;U;4010;0018800003;DIVERSOS                                          ; 0000000008575946,17
200505;05040481;BANCO DE LAGE LANDEN BRASIL                                 ;U;4010;0019000008;OUTROS VALORES E BENS                             ; 0000000000202700,92
200505;05040481;BANCO DE LAGE LANDEN BRASIL                                 ;U;4010;0019900005;DESPESAS ANTECIPADAS                              ; 0000000000202700,92
200505;05040481;BANCO DE LAGE LANDEN BRASIL                                 ;U;4010;0020000004;PERMANENTE                                        ; 0000000005198713,55
200505;05040481;BANCO DE LAGE LANDEN BRASIL                                 ;U;4010;0021000003;INVESTIMENTOS                                     ; 0000000000201035,55
200505;05040481;BANCO DE LAGE LANDEN BRASIL                                 ;U;4010;0021400005;TITULOS PATRIMONIAIS                              ; 0000000000201035,55
200505;05040481;BANCO DE LAGE LANDEN BRASIL                                 ;U;4010;0022000002;IMOBILIZADO DE USO                                ; 0000000003311480,93
200505;05040481;BANCO DE LAGE LANDEN BRASIL                                 ;U;4010;0022400004;INSTALACOES, MOVEIS E EQUIPAMENTOS DE USO         ; 0000000001378117,76
200505;05040481;BANCO DE LAGE LANDEN BRASIL                                 ;U;4010;0022900009;OUTROS                                            ; 0000000001933363,17
200505;05040481;BANCO DE LAGE LANDEN BRASIL                                 ;U;4010;0024000000;DIFERIDO                                          ; 0000000001686197,07
200505;05040481;BANCO DE LAGE LANDEN BRASIL                                 ;U;4010;0024100003;GASTOS DE ORGANIZACAO E EXPANSAO                  ; 0000000001686197,07
200505;05040481;BANCO DE LAGE LANDEN BRASIL                                 ;U;4010;0030000001;COMPENSACAO                                       ; 0000005118345518,24
200505;05040481;BANCO DE LAGE LANDEN BRASIL                                 ;U;4010;0030100004;COOBRIGACOES E RISCOS EM GARANTIAS PRESTADAS      ; 0000000004693247,79
200505;05040481;BANCO DE LAGE LANDEN BRASIL                                 ;U;4010;0030300000;TITULOS E VALORES MOBILIARIOS                     ; 0000000567343997,78
200505;05040481;BANCO DE LAGE LANDEN BRASIL                                 ;U;4010;0030400003;CUSTODIA DE VALORES                               ; 0000002922408688,04
200505;05040481;BANCO DE LAGE LANDEN BRASIL                                 ;U;4010;0030800005;CONTRATOS                                         ; 0000000017597145,00
200505;05040481;BANCO DE LAGE LANDEN BRASIL                                 ;U;4010;0030900008;CONTROLE                                          ; 0000000230129456,13
200505;05040481;BANCO DE LAGE LANDEN BRASIL                                 ;U;4010;0031000000;CLASSIFICACAO DA CARTEIRA DE CREDITOS             ; 0000001376172983,50
200505;05040481;BANCO DE LAGE LANDEN BRASIL                                 ;U;4010;0031100003;OPERACOES DE RISCO NIVEL AA                       ; 0000000822869752,92
200505;05040481;BANCO DE LAGE LANDEN BRASIL                                 ;U;4010;0031200006;OPERACOES DE RISCO NIVEL A                        ; 0000000041855690,90
200505;05040481;BANCO DE LAGE LANDEN BRASIL                                 ;U;4010;0031300009;OPERACOES DE RISCO NIVELB                         ; 0000000212118345,31
200505;05040481;BANCO DE LAGE LANDEN BRASIL                                 ;U;4010;0031400002;OPERACOES DE RISCO NIVELC                         ; 0000000237905582,48
200505;05040481;BANCO DE LAGE LANDEN BRASIL                                 ;U;4010;0031500005;OPERACOES DE RISCO NIVEL D                        ; 0000000027073196,27
200505;05040481;BANCO DE LAGE LANDEN BRASIL                                 ;U;4010;0031600008;OPERACOES DE RISCO NIVEL E                        ; 0000000012162138,85
200505;05040481;BANCO DE LAGE LANDEN BRASIL                                 ;U;4010;0031700001;OPERACOES DE RISCO NIVEL F                        ; 0000000009148896,87
200505;05040481;BANCO DE LAGE LANDEN BRASIL                                 ;U;4010;0031800004;OPERACOES DE RISCO NIVEL G                        ; 0000000002124301,48
200505;05040481;BANCO DE LAGE LANDEN BRASIL                                 ;U;4010;0031900007;OPERACOES DE RISCO NIVEL H                        ; 0000000010915078,42
200505;05040481;BANCO DE LAGE LANDEN BRASIL                                 ;U;4010;0039999993;TOTAL GERAL DO ATIVO                              ; 0000006768173433,22
200505;05040481;BANCO DE LAGE LANDEN BRASIL                                 ;U;4010;0040000008;CIRCULANTE EXIGIVEL A LONGO PRAZO                 ; 0000001389387036,36
200505;05040481;BANCO DE LAGE LANDEN BRASIL                                 ;U;4010;0046000002;OBRIGACOES POR EMPRESTIMOS E REPASSES             ; 0000001342534672,68
200505;05040481;BANCO DE LAGE LANDEN BRASIL                                 ;U;4010;0046400004;REPASSES DO PAIS - INSTITUICOES OFICIAIS          ; 0000001342534672,68
200505;05040481;BANCO DE LAGE LANDEN BRASIL                                 ;U;4010;0049000009;OUTRAS OBRIGACOES                                 ; 0000000046852363,68
200505;05040481;BANCO DE LAGE LANDEN BRASIL                                 ;U;4010;0049400001;FISCAIS E PREVIDENCIARIAS                         ; 0000000007470233,64
200505;05040481;BANCO DE LAGE LANDEN BRASIL                                 ;U;4010;0049900006;DIVERSAS                                          ; 0000000039382130,04
200505;05040481;BANCO DE LAGE LANDEN BRASIL                                 ;U;4010;0060000002;PATRIMONIO LIQUIDO                                ; 0000000259020762,58
200505;05040481;BANCO DE LAGE LANDEN BRASIL                                 ;U;4010;0061000001;PATRIMONIO LIQUIDO                                ; 0000000259020762,58
200505;05040481;BANCO DE LAGE LANDEN BRASIL                                 ;U;4010;0061100004;CAPITAL SOCIAL                                    ; 0000000244100855,74
200505;05040481;BANCO DE LAGE LANDEN BRASIL                                 ;U;4010;0061300000;RESERVAS DE CAPITAL                               ; 0000000000198035,55
200505;05040481;BANCO DE LAGE LANDEN BRASIL                                 ;U;4010;0061500006;RESERVAS DE LUCROS                                ; 0000000001149911,91
200505;05040481;BANCO DE LAGE LANDEN BRASIL                                 ;U;4010;0061600009;AJUSTES DE AVALIACAO PATRIMONIAL                  ; 0000000000120379,11
200505;05040481;BANCO DE LAGE LANDEN BRASIL                                 ;U;4010;0061800005;LUCROS OU PREJUIZOS ACUMULADOS                    ; 0000000013451580,27
200505;05040481;BANCO DE LAGE LANDEN BRASIL                                 ;U;4010;0070000009;CONTAS DE RESULTADO CREDORAS                      ; 0000000100232700,03
200505;05040481;BANCO DE LAGE LANDEN BRASIL                                 ;U;4010;0071000008;RECEITAS OPERACIONAIS                             ; 0000000100218607,36
200505;05040481;BANCO DE LAGE LANDEN BRASIL                                 ;U;4010;0071100001;RENDAS DE OPERACOES DE CREDITO                    ; 0000000065827948,87
200505;05040481;BANCO DE LAGE LANDEN BRASIL                                 ;U;4010;0071400000;RENDAS DE APLICACOES INTERFINANCEIRAS DE LIQUIDEZ ; 0000000000895994,58
200505;05040481;BANCO DE LAGE LANDEN BRASIL                                 ;U;4010;0071500003;RENDAS COM TIT. E VAL. MOB. E INST. FINANC. DERIV.; 0000000013747936,44
200505;05040481;BANCO DE LAGE LANDEN BRASIL                                 ;U;4010;0071700009;RENDAS DE PRESTACAO DE SERVICOS                   ; 0000000015474457,05
200505;05040481;BANCO DE LAGE LANDEN BRASIL                                 ;U;4010;0071900005;OUTRAS RECEITAS OPERACIONAIS                      ; 0000000004272270,42
200505;05040481;BANCO DE LAGE LANDEN BRASIL                                 ;U;4010;0073000006;RECEITAS NAO OPERACIONAIS                         ; 0000000000014092,67
200505;05040481;BANCO DE LAGE LANDEN BRASIL                                 ;U;4010;0073100009;LUCROS EM TRANSACOES COM VALORES E BENS           ; 0000000000014092,67
200505;05040481;BANCO DE LAGE LANDEN BRASIL                                 ;U;4010;0080000006;(-) CONTAS DE RESULTADO DEVEDORAS                 ;-0000000098812583,99
200505;05040481;BANCO DE LAGE LANDEN BRASIL                                 ;U;4010;0081000005;(-) DESPESAS OPERACIONAIS                         ;-0000000097616230,02
200505;05040481;BANCO DE LAGE LANDEN BRASIL                                 ;U;4010;0081100008;(-) DESPESAS DE CAPTACAO                          ;-0000000000023703,67
200505;05040481;BANCO DE LAGE LANDEN BRASIL                                 ;U;4010;0081200001;(-) DESP DE OBRIGACOES POR EMPRESTIMOS E REPASSES ;-0000000050478827,73
200505;05040481;BANCO DE LAGE LANDEN BRASIL                                 ;U;4010;0081500000;(-) DESP. COM TIT. E VAL. MOB. E INST. FIN. DERIV.;-0000000005089514,50
200505;05040481;BANCO DE LAGE LANDEN BRASIL                                 ;U;4010;0081700006;(-) DESPESAS ADMINISTRATIVAS                      ;-0000000010680040,35
200505;05040481;BANCO DE LAGE LANDEN BRASIL                                 ;U;4010;0081800009;(-) APROVISIONAMENTOS E AJUSTES PATRIMONIAIS      ;-0000000021275763,75
200505;05040481;BANCO DE LAGE LANDEN BRASIL                                 ;U;4010;0081900002;(-) OUTRAS DESPESAS OPERACIONAIS                  ;-0000000010068380,02
200505;05040481;BANCO DE LAGE LANDEN BRASIL                                 ;U;4010;0089000007;(-) APURACAO DE RESULTADO                         ;-0000000001196353,97
200505;05040481;BANCO DE LAGE LANDEN BRASIL                                 ;U;4010;0089400009;(-) IMPOSTO DE RENDA                              ;-0000000001196353,97
200505;05040481;BANCO DE LAGE LANDEN BRASIL                                 ;U;4010;0090000003;COMPENSACAO                                       ; 0000005118345518,24
200505;05040481;BANCO DE LAGE LANDEN BRASIL                                 ;U;4010;0090100006;COOBRIGACOES E RISCOS EM GARANTIAS PRESTADAS      ; 0000000004693247,79
200505;05040481;BANCO DE LAGE LANDEN BRASIL                                 ;U;4010;0090300002;TITULOS E VALORES MOBILIARIOS                     ; 0000000567343997,78
200505;05040481;BANCO DE LAGE LANDEN BRASIL                                 ;U;4010;0090400005;CUSTODIA DE VALORES                               ; 0000002922408688,04
200505;05040481;BANCO DE LAGE LANDEN BRASIL                                 ;U;4010;0090800007;CONTRATOS                                         ; 0000000017597145,00
200505;05040481;BANCO DE LAGE LANDEN BRASIL                                 ;U;4010;0090900000;CONTROLE                                          ; 0000000230129456,13
200505;05040481;BANCO DE LAGE LANDEN BRASIL                                 ;U;4010;0091000002;CLASSIFICACAO DA CARTEIRA DE CREDITOS             ; 0000001376172983,50
200505;05040481;BANCO DE LAGE LANDEN BRASIL                                 ;U;4010;0091100005;OPERACOES DE CREDITOS E ARRENDAMENTO MERCANTIL    ; 0000001376172983,50
200505;05040481;BANCO DE LAGE LANDEN BRASIL                                 ;U;4010;0099999995;TOTAL GERAL DO PASSIVO                            ; 0000006768173433,22
200505;06043056;BB BANCO POPULAR                                            ;U;4010;0010000007;CIRCULANTE E REALIZAVEL A LONGO PRAZO             ; 0000000151543601,55
200505;06043056;BB BANCO POPULAR                                            ;U;4010;0012000005;APLICACOES INTERFINANCEIRAS DE LIQUIDEZ           ; 0000000040335124,86
200505;06043056;BB BANCO POPULAR                                            ;U;4010;0012100008;APLICACOES EM OPERACOES COMPROMISSADAS            ; 0000000040335124,86
200505;06043056;BB BANCO POPULAR                                            ;U;4010;0013000004;TITULOS E VAL. MOB. E INST. FINANC. DERIVATIVOS   ; 0000000031972038,04
200505;06043056;BB BANCO POPULAR                                            ;U;4010;0013100007;LIVRES                                            ; 0000000031972038,04
200505;06043056;BB BANCO POPULAR                                            ;U;4010;0014000003;RELACOES INTERFINANCEIRAS                         ; 0000000014981624,49
200505;06043056;BB BANCO POPULAR                                            ;U;4010;0014100006;DIREITOS JUNTO A PARTIC. DE SISTEMAS DE LIQUIDAÇÃO; 0000000000084827,75
200505;06043056;BB BANCO POPULAR                                            ;U;4010;0014200009;CREDITOS VINCULADOS                               ; 0000000001230882,16
200505;06043056;BB BANCO POPULAR                                            ;U;4010;0014400005;RELACOES COM CORRESPONDENTES                      ; 0000000013665914,58
200505;06043056;BB BANCO POPULAR                                            ;U;4010;0016000001;OPERACOES DE CREDITO                              ; 0000000041896298,56
200505;06043056;BB BANCO POPULAR                                            ;U;4010;0016100004;EMPRESTIMOS E TITULOS DESCONTADOS                 ; 0000000049128732,48
200505;06043056;BB BANCO POPULAR                                            ;U;4010;0016200007;FINANCIAMENTOS                                    ; 0000000000043253,32
200505;06043056;BB BANCO POPULAR                                            ;U;4010;0016900008;(-) PROVISOES PARA OPERACOES DE CREDITO           ;-0000000007275687,24
200505;06043056;BB BANCO POPULAR                                            ;U;4010;0018000009;OUTROS CREDITOS                                   ; 0000000022136420,03
200505;06043056;BB BANCO POPULAR                                            ;U;4010;0018300008;RENDAS A RECEBER                                  ; 0000000000109787,45
200505;06043056;BB BANCO POPULAR                                            ;U;4010;0018800003;DIVERSOS                                          ; 0000000022026632,58
200505;06043056;BB BANCO POPULAR                                            ;U;4010;0019000008;OUTROS VALORES E BENS                             ; 0000000000222095,57
200505;06043056;BB BANCO POPULAR                                            ;U;4010;0019900005;DESPESAS ANTECIPADAS                              ; 0000000000222095,57
200505;06043056;BB BANCO POPULAR                                            ;U;4010;0020000004;PERMANENTE                                        ; 0000000006113071,66
200505;06043056;BB BANCO POPULAR                                            ;U;4010;0021000003;INVESTIMENTOS                                     ; 0000000000005000,00
200505;06043056;BB BANCO POPULAR                                            ;U;4010;0021500008;ACOES E COTAS                                     ; 0000000000005000,00
200505;06043056;BB BANCO POPULAR                                            ;U;4010;0024000000;DIFERIDO                                          ; 0000000006108071,66
200505;06043056;BB BANCO POPULAR                                            ;U;4010;0024100003;GASTOS DE ORGANIZACAO E EXPANSAO                  ; 0000000006108071,66
200505;06043056;BB BANCO POPULAR                                            ;U;4010;0030000001;COMPENSACAO                                       ; 0000000200970666,49
200505;06043056;BB BANCO POPULAR                                            ;U;4010;0030300000;TITULOS E VALORES MOBILIARIOS                     ; 0000000045772038,04
200505;06043056;BB BANCO POPULAR                                            ;U;4010;0030900008;CONTROLE                                          ; 0000000106026642,65
200505;06043056;BB BANCO POPULAR                                            ;U;4010;0031000000;CLASSIFICACAO DA CARTEIRA DE CREDITOS             ; 0000000049171985,80
200505;06043056;BB BANCO POPULAR                                            ;U;4010;0031400002;OPERACOES DE RISCO NIVELC                         ; 0000000036129917,63
200505;06043056;BB BANCO POPULAR                                            ;U;4010;0031500005;OPERACOES DE RISCO NIVEL D                        ; 0000000002731730,74
200505;06043056;BB BANCO POPULAR                                            ;U;4010;0031600008;OPERACOES DE RISCO NIVEL E                        ; 0000000002791187,66
200505;06043056;BB BANCO POPULAR                                            ;U;4010;0031700001;OPERACOES DE RISCO NIVEL F                        ; 0000000002997369,59
200505;06043056;BB BANCO POPULAR                                            ;U;4010;0031800004;OPERACOES DE RISCO NIVEL G                        ; 0000000003130682,05
200505;06043056;BB BANCO POPULAR                                            ;U;4010;0031900007;OPERACOES DE RISCO NIVEL H                        ; 0000000001391098,13
200505;06043056;BB BANCO POPULAR                                            ;U;4010;0039999993;TOTAL GERAL DO ATIVO                              ; 0000000358627339,70
200505;06043056;BB BANCO POPULAR                                            ;U;4010;0040000008;CIRCULANTE EXIGIVEL A LONGO PRAZO                 ; 0000000082715019,17
200505;06043056;BB BANCO POPULAR                                            ;U;4010;0041000007;DEPOSITOS                                         ; 0000000054783338,35
200505;06043056;BB BANCO POPULAR                                            ;U;4010;0041100000;DEPOSITOS A VISTA                                 ; 0000000004783338,35
200505;06043056;BB BANCO POPULAR                                            ;U;4010;0041300006;DEPOSITOS INTERFINANCEIROS                        ; 0000000050000000,00
200505;06043056;BB BANCO POPULAR                                            ;U;4010;0044000004;RELACOES INTERFINANCEIRAS                         ; 0000000002791281,88
200505;06043056;BB BANCO POPULAR                                            ;U;4010;0044100007;OBRIGAÇÕES JUNTO A PARTIC. DE SIST. DE LIQUIDACÃO ; 0000000002791281,88
200505;06043056;BB BANCO POPULAR                                            ;U;4010;0045000003;RELACOES INTERDEPENDENCIAS                        ; 0000000000000045,00
200505;06043056;BB BANCO POPULAR                                            ;U;4010;0045200009;TRANSFERENCIAS INTERNAS DE RECURSOS               ; 0000000000000045,00
200505;06043056;BB BANCO POPULAR                                            ;U;4010;0049000009;OUTRAS OBRIGACOES                                 ; 0000000025140353,94
200505;06043056;BB BANCO POPULAR                                            ;U;4010;0049100002;COBRANCA E ARRECADACAO DE TRIBUTOS E ASSEMELHADOS ; 0000000000016044,08
200505;06043056;BB BANCO POPULAR                                            ;U;4010;0049400001;FISCAIS E PREVIDENCIARIAS                         ; 0000000000232044,46
200505;06043056;BB BANCO POPULAR                                            ;U;4010;0049900006;DIVERSAS                                          ; 0000000024892265,40
200505;06043056;BB BANCO POPULAR                                            ;U;4010;0060000002;PATRIMONIO LIQUIDO                                ; 0000000090966385,17
200505;06043056;BB BANCO POPULAR                                            ;U;4010;0061000001;PATRIMONIO LIQUIDO                                ; 0000000090966385,17
200505;06043056;BB BANCO POPULAR                                            ;U;4010;0061100004;CAPITAL SOCIAL                                    ; 0000000116550000,00
200505;06043056;BB BANCO POPULAR                                            ;U;4010;0061600009;AJUSTES DE AVALIACAO PATRIMONIAL                  ; 0000000000005582,37
200505;06043056;BB BANCO POPULAR                                            ;U;4010;0061800005;LUCROS OU PREJUIZOS ACUMULADOS                    ;-0000000025589197,20
200505;06043056;BB BANCO POPULAR                                            ;U;4010;0070000009;CONTAS DE RESULTADO CREDORAS                      ; 0000000017763698,62
200505;06043056;BB BANCO POPULAR                                            ;U;4010;0071000008;RECEITAS OPERACIONAIS                             ; 0000000017763698,62
200505;06043056;BB BANCO POPULAR                                            ;U;4010;0071100001;RENDAS DE OPERACOES DE CREDITO                    ; 0000000003290908,08
200505;06043056;BB BANCO POPULAR                                            ;U;4010;0071400000;RENDAS DE APLICACOES INTERFINANCEIRAS DE LIQUIDEZ ; 0000000003337854,18
200505;06043056;BB BANCO POPULAR                                            ;U;4010;0071500003;RENDAS COM TIT. E VAL. MOB. E INST. FINANC. DERIV.; 0000000002630392,70
200505;06043056;BB BANCO POPULAR                                            ;U;4010;0071700009;RENDAS DE PRESTACAO DE SERVICOS                   ; 0000000007776821,06
200505;06043056;BB BANCO POPULAR                                            ;U;4010;0071900005;OUTRAS RECEITAS OPERACIONAIS                      ; 0000000000727722,60
200505;06043056;BB BANCO POPULAR                                            ;U;4010;0080000006;(-) CONTAS DE RESULTADO DEVEDORAS                 ;-0000000033788429,75
200505;06043056;BB BANCO POPULAR                                            ;U;4010;0081000005;(-) DESPESAS OPERACIONAIS                         ;-0000000040607182,07
200505;06043056;BB BANCO POPULAR                                            ;U;4010;0081100008;(-) DESPESAS DE CAPTACAO                          ;-0000000000006388,87
200505;06043056;BB BANCO POPULAR                                            ;U;4010;0081500000;(-) DESP. COM TIT. E VAL. MOB. E INST. FIN. DERIV.;-0000000000004154,76
200505;06043056;BB BANCO POPULAR                                            ;U;4010;0081700006;(-) DESPESAS ADMINISTRATIVAS                      ;-0000000030492724,96
200505;06043056;BB BANCO POPULAR                                            ;U;4010;0081800009;(-) APROVISIONAMENTOS E AJUSTES PATRIMONIAIS      ;-0000000009013677,06
200505;06043056;BB BANCO POPULAR                                            ;U;4010;0081900002;(-) OUTRAS DESPESAS OPERACIONAIS                  ;-0000000001090236,42
200505;06043056;BB BANCO POPULAR                                            ;U;4010;0083000003;(-) DESPESAS NAO OPERACIONAIS                     ;-0000000000000002,10
200505;06043056;BB BANCO POPULAR                                            ;U;4010;0083900000;(-) OUTRAS DESPESAS NAO OPERACIONAIS              ;-0000000000000002,10
200505;06043056;BB BANCO POPULAR                                            ;U;4010;0089000007;(-) APURACAO DE RESULTADO                         ; 0000000006818754,42
200505;06043056;BB BANCO POPULAR                                            ;U;4010;0089400009;(-) IMPOSTO DE RENDA                              ; 0000000006818754,42
200505;06043056;BB BANCO POPULAR                                            ;U;4010;0090000003;COMPENSACAO                                       ; 0000000200970666,49
200505;06043056;BB BANCO POPULAR                                            ;U;4010;0090300002;TITULOS E VALORES MOBILIARIOS                     ; 0000000045772038,04
200505;06043056;BB BANCO POPULAR                                            ;U;4010;0090900000;CONTROLE                                          ; 0000000106026642,65
200505;06043056;BB BANCO POPULAR                                            ;U;4010;0091000002;CLASSIFICACAO DA CARTEIRA DE CREDITOS             ; 0000000049171985,80
200505;06043056;BB BANCO POPULAR                                            ;U;4010;0091100005;OPERACOES DE CREDITOS E ARRENDAMENTO MERCANTIL    ; 0000000049171985,80
200505;06043056;BB BANCO POPULAR                                            ;U;4010;0099999995;TOTAL GERAL DO PASSIVO                            ; 0000000358627339,70
200505;06271464;BANCO BBI                                                   ;U;4010;0010000007;CIRCULANTE E REALIZAVEL A LONGO PRAZO             ; 0000001446815665,39
200505;06271464;BANCO BBI                                                   ;U;4010;0011000006;DISPONIBILIDADES                                  ; 0000000000006234,62
200505;06271464;BANCO BBI                                                   ;U;4010;0011300005;RESERVAS LIVRES                                   ; 0000000000006234,62
200505;06271464;BANCO BBI                                                   ;U;4010;0012000005;APLICACOES INTERFINANCEIRAS DE LIQUIDEZ           ; 0000000721980642,56
200505;06271464;BANCO BBI                                                   ;U;4010;0012100008;APLICACOES EM OPERACOES COMPROMISSADAS            ; 0000000012429646,78
200505;06271464;BANCO BBI                                                   ;U;4010;0012200001;APLICACOES EM DEPOSITOS INTERFINANCEIROS          ; 0000000709550995,78
200505;06271464;BANCO BBI                                                   ;U;4010;0013000004;TITULOS E VAL. MOB. E INST. FINANC. DERIVATIVOS   ; 0000000556673616,17
200505;06271464;BANCO BBI                                                   ;U;4010;0013100007;LIVRES                                            ; 0000000040711000,00
200505;06271464;BANCO BBI                                                   ;U;4010;0013500009;VINCULADO A AQUIS.ACOES DE EMPRESAS ESTATAIS      ; 0000000008890226,18
200505;06271464;BANCO BBI                                                   ;U;4010;0013600002;VINCULADOS A PRESTACAO DE GARANTIAS               ; 0000000007342680,65
200505;06271464;BANCO BBI                                                   ;U;4010;0013700005;TÍTULOS OBJ. OPER. COMPROMISSADAS COM LIVRE MOV   ; 0000000499729709,34
200505;06271464;BANCO BBI                                                   ;U;4010;0014000003;RELACOES INTERFINANCEIRAS                         ; 0000000001155127,41
200505;06271464;BANCO BBI                                                   ;U;4010;0014200009;CREDITOS VINCULADOS                               ; 0000000001155127,41
200505;06271464;BANCO BBI                                                   ;U;4010;0015000002;RELACOES INTERDEPENDENCIAS                        ; 0000000000173545,06
200505;06271464;BANCO BBI                                                   ;U;4010;0015200008;TRANSFERENCIAS INTERNAS DE RECURSOS               ; 0000000000173545,06
200505;06271464;BANCO BBI                                                   ;U;4010;0018000009;OUTROS CREDITOS                                   ; 0000000166773354,15
200505;06271464;BANCO BBI                                                   ;U;4010;0018300008;RENDAS A RECEBER                                  ; 0000000000078920,16
200505;06271464;BANCO BBI                                                   ;U;4010;0018800003;DIVERSOS                                          ; 0000000166694433,99
200505;06271464;BANCO BBI                                                   ;U;4010;0019000008;OUTROS VALORES E BENS                             ; 0000000000053145,42
200505;06271464;BANCO BBI                                                   ;U;4010;0019800002;OUTROS VALORES E BENS                             ; 0000000000053145,42
200505;06271464;BANCO BBI                                                   ;U;4010;0020000004;PERMANENTE                                        ; 0000000007543699,05
200505;06271464;BANCO BBI                                                   ;U;4010;0021000003;INVESTIMENTOS                                     ; 0000000003699690,03
200505;06271464;BANCO BBI                                                   ;U;4010;0021200009;PARTICIPACOES EM COLIGADAS E CONTROLADAS NO PAIS  ; 0000000003699690,03
200505;06271464;BANCO BBI                                                   ;U;4010;0022000002;IMOBILIZADO DE USO                                ; 0000000003844009,02
200505;06271464;BANCO BBI                                                   ;U;4010;0022300001;IMOVEIS DE USO                                    ; 0000000003844009,02
200505;06271464;BANCO BBI                                                   ;U;4010;0030000001;COMPENSACAO                                       ; 0000001539751055,66
200505;06271464;BANCO BBI                                                   ;U;4010;0030300000;TITULOS E VALORES MOBILIARIOS                     ; 0000001128439641,14
200505;06271464;BANCO BBI                                                   ;U;4010;0030400003;CUSTODIA DE VALORES                               ; 0000000313021617,34
200505;06271464;BANCO BBI                                                   ;U;4010;0030900008;CONTROLE                                          ; 0000000098289797,18
200505;06271464;BANCO BBI                                                   ;U;4010;0039999993;TOTAL GERAL DO ATIVO                              ; 0000002994110420,10
200505;06271464;BANCO BBI                                                   ;U;4010;0040000008;CIRCULANTE EXIGIVEL A LONGO PRAZO                 ; 0000000620775338,67
200505;06271464;BANCO BBI                                                   ;U;4010;0041000007;DEPOSITOS                                         ; 0000000013207772,91
200505;06271464;BANCO BBI                                                   ;U;4010;0041300006;DEPOSITOS INTERFINANCEIROS                        ; 0000000013207772,91
200505;06271464;BANCO BBI                                                   ;U;4010;0042000006;OBRIGACOES POR OPERACOES COMPROMISSADAS           ; 0000000529574324,94
200505;06271464;BANCO BBI                                                   ;U;4010;0042300005;CARTEIRA LIVRE MOVIMENTACAO                       ; 0000000529574324,94
200505;06271464;BANCO BBI                                                   ;U;4010;0049000009;OUTRAS OBRIGACOES                                 ; 0000000077993240,82
200505;06271464;BANCO BBI                                                   ;U;4010;0049300008;SOCIAIS E ESTATUTARIAS                            ; 0000000016735250,14
200505;06271464;BANCO BBI                                                   ;U;4010;0049400001;FISCAIS E PREVIDENCIARIAS                         ; 0000000036731903,33
200505;06271464;BANCO BBI                                                   ;U;4010;0049900006;DIVERSAS                                          ; 0000000024526087,35
200505;06271464;BANCO BBI                                                   ;U;4010;0060000002;PATRIMONIO LIQUIDO                                ; 0000000801466196,18
200505;06271464;BANCO BBI                                                   ;U;4010;0061000001;PATRIMONIO LIQUIDO                                ; 0000000801466196,18
200505;06271464;BANCO BBI                                                   ;U;4010;0061100004;CAPITAL SOCIAL                                    ; 0000000764262000,00
200505;06271464;BANCO BBI                                                   ;U;4010;0061300000;RESERVAS DE CAPITAL                               ; 0000000000086893,61
200505;06271464;BANCO BBI                                                   ;U;4010;0061500006;RESERVAS DE LUCROS                                ; 0000000041984925,80
200505;06271464;BANCO BBI                                                   ;U;4010;0061600009;AJUSTES DE AVALIACAO PATRIMONIAL                  ;-0000000004867623,23
200505;06271464;BANCO BBI                                                   ;U;4010;0070000009;CONTAS DE RESULTADO CREDORAS                      ; 0000000109862649,37
200505;06271464;BANCO BBI                                                   ;U;4010;0071000008;RECEITAS OPERACIONAIS                             ; 0000000096945106,91
200505;06271464;BANCO BBI                                                   ;U;4010;0071400000;RENDAS DE APLICACOES INTERFINANCEIRAS DE LIQUIDEZ ; 0000000046471642,98
200505;06271464;BANCO BBI                                                   ;U;4010;0071500003;RENDAS COM TIT. E VAL. MOB. E INST. FINANC. DERIV.; 0000000049022176,47
200505;06271464;BANCO BBI                                                   ;U;4010;0071700009;RENDAS DE PRESTACAO DE SERVICOS                   ; 0000000000000008,46
200505;06271464;BANCO BBI                                                   ;U;4010;0071800002;RENDAS DE PARTICIPACOES                           ; 0000000000011147,79
200505;06271464;BANCO BBI                                                   ;U;4010;0071900005;OUTRAS RECEITAS OPERACIONAIS                      ; 0000000001440131,21
200505;06271464;BANCO BBI                                                   ;U;4010;0073000006;RECEITAS NAO OPERACIONAIS                         ; 0000000012917542,46
200505;06271464;BANCO BBI                                                   ;U;4010;0073100009;LUCROS EM TRANSACOES COM VALORES E BENS           ; 0000000003389223,00
200505;06271464;BANCO BBI                                                   ;U;4010;0073900003;OUTRAS RECEITAS NAO OPERACIONAIS                  ; 0000000009528319,46
200505;06271464;BANCO BBI                                                   ;U;4010;0080000006;(-) CONTAS DE RESULTADO DEVEDORAS                 ;-0000000077744819,78
200505;06271464;BANCO BBI                                                   ;U;4010;0081000005;(-) DESPESAS OPERACIONAIS                         ;-0000000060566967,12
200505;06271464;BANCO BBI                                                   ;U;4010;0081100008;(-) DESPESAS DE CAPTACAO                          ;-0000000035860406,59
200505;06271464;BANCO BBI                                                   ;U;4010;0081500000;(-) DESP. COM TIT. E VAL. MOB. E INST. FIN. DERIV.;-0000000007797284,76
200505;06271464;BANCO BBI                                                   ;U;4010;0081600003;(-) DESPESAS DE PARTICIPACOES                     ;-0000000000176229,87
200505;06271464;BANCO BBI                                                   ;U;4010;0081700006;(-) DESPESAS ADMINISTRATIVAS                      ;-0000000004792176,61
200505;06271464;BANCO BBI                                                   ;U;4010;0081800009;(-) APROVISIONAMENTOS E AJUSTES PATRIMONIAIS      ;-0000000000257539,65
200505;06271464;BANCO BBI                                                   ;U;4010;0081900002;(-) OUTRAS DESPESAS OPERACIONAIS                  ;-0000000011683329,64
200505;06271464;BANCO BBI                                                   ;U;4010;0083000003;(-) DESPESAS NAO OPERACIONAIS                     ;-0000000000583533,27
200505;06271464;BANCO BBI                                                   ;U;4010;0083100006;(-) PREJUIZOS EM TRANSACOES COM VALORES E BENS    ;-0000000000583533,27
200505;06271464;BANCO BBI                                                   ;U;4010;0089000007;(-) APURACAO DE RESULTADO                         ;-0000000016594319,39
200505;06271464;BANCO BBI                                                   ;U;4010;0089400009;(-) IMPOSTO DE RENDA                              ;-0000000016594319,39
200505;06271464;BANCO BBI                                                   ;U;4010;0090000003;COMPENSACAO                                       ; 0000001539751055,66
200505;06271464;BANCO BBI                                                   ;U;4010;0090300002;TITULOS E VALORES MOBILIARIOS                     ; 0000001128439641,14
200505;06271464;BANCO BBI                                                   ;U;4010;0090400005;CUSTODIA DE VALORES                               ; 0000000313021617,34
200505;06271464;BANCO BBI                                                   ;U;4010;0090900000;CONTROLE                                          ; 0000000098289797,18
200505;06271464;BANCO BBI                                                   ;U;4010;0099999995;TOTAL GERAL DO PASSIVO                            ; 0000002994110420,10
200505;06833131;BCO DO EST. DO PI S.A.                                      ;U;4010;0010000007;CIRCULANTE E REALIZAVEL A LONGO PRAZO             ; 0000000198979365,77
200505;06833131;BCO DO EST. DO PI S.A.                                      ;U;4010;0011000006;DISPONIBILIDADES                                  ; 0000000004990601,19
200505;06833131;BCO DO EST. DO PI S.A.                                      ;U;4010;0011100009;CAIXA                                             ; 0000000004990601,19
200505;06833131;BCO DO EST. DO PI S.A.                                      ;U;4010;0012000005;APLICACOES INTERFINANCEIRAS DE LIQUIDEZ           ; 0000000017207975,43
200505;06833131;BCO DO EST. DO PI S.A.                                      ;U;4010;0012100008;APLICACOES EM OPERACOES COMPROMISSADAS            ; 0000000003501035,83
200505;06833131;BCO DO EST. DO PI S.A.                                      ;U;4010;0012200001;APLICACOES EM DEPOSITOS INTERFINANCEIROS          ; 0000000013706939,60
200505;06833131;BCO DO EST. DO PI S.A.                                      ;U;4010;0013000004;TITULOS E VAL. MOB. E INST. FINANC. DERIVATIVOS   ; 0000000093394031,35
200505;06833131;BCO DO EST. DO PI S.A.                                      ;U;4010;0013100007;LIVRES                                            ; 0000000041214464,65
200505;06833131;BCO DO EST. DO PI S.A.                                      ;U;4010;0013200000;VINCULADOS A OPERACOES COMPROMISSADAS             ; 0000000042864104,82
200505;06833131;BCO DO EST. DO PI S.A.                                      ;U;4010;0013400006;VINCULADOS AO BANCO CENTRAL                       ; 0000000009315461,88
200505;06833131;BCO DO EST. DO PI S.A.                                      ;U;4010;0014000003;RELACOES INTERFINANCEIRAS                         ; 0000000005055526,02
200505;06833131;BCO DO EST. DO PI S.A.                                      ;U;4010;0014100006;DIREITOS JUNTO A PARTIC. DE SISTEMAS DE LIQUIDAÇÃO; 0000000000502722,68
200505;06833131;BCO DO EST. DO PI S.A.                                      ;U;4010;0014200009;CREDITOS VINCULADOS                               ; 0000000003960553,20
200505;06833131;BCO DO EST. DO PI S.A.                                      ;U;4010;0014400005;RELACOES COM CORRESPONDENTES                      ; 0000000000592250,14
200505;06833131;BCO DO EST. DO PI S.A.                                      ;U;4010;0016000001;OPERACOES DE CREDITO                              ; 0000000066085009,22
200505;06833131;BCO DO EST. DO PI S.A.                                      ;U;4010;0016100004;EMPRESTIMOS E TITULOS DESCONTADOS                 ; 0000000066409943,91
200505;06833131;BCO DO EST. DO PI S.A.                                      ;U;4010;0016200007;FINANCIAMENTOS                                    ; 0000000000462079,60
200505;06833131;BCO DO EST. DO PI S.A.                                      ;U;4010;0016300000;FINANCIAMENTOS RURAIS E AGROINDUSTRIAIS           ; 0000000000029910,37
200505;06833131;BCO DO EST. DO PI S.A.                                      ;U;4010;0016900008;(-) PROVISOES PARA OPERACOES DE CREDITO           ;-0000000000816924,66
200505;06833131;BCO DO EST. DO PI S.A.                                      ;U;4010;0018000009;OUTROS CREDITOS                                   ; 0000000011937946,88
200505;06833131;BCO DO EST. DO PI S.A.                                      ;U;4010;0018300008;RENDAS A RECEBER                                  ; 0000000001020648,51
200505;06833131;BCO DO EST. DO PI S.A.                                      ;U;4010;0018400001;NEGOCIACAO E INTERMEDIACAO DE VALORES             ; 0000000000014788,29
200505;06833131;BCO DO EST. DO PI S.A.                                      ;U;4010;0018800003;DIVERSOS                                          ; 0000000011554348,07
200505;06833131;BCO DO EST. DO PI S.A.                                      ;U;4010;0018900006;(-) PROVISOES PARA OUTROS CREDITOS                ;-0000000000651837,99
200505;06833131;BCO DO EST. DO PI S.A.                                      ;U;4010;0019000008;OUTROS VALORES E BENS                             ; 0000000000308275,68
200505;06833131;BCO DO EST. DO PI S.A.                                      ;U;4010;0019800002;OUTROS VALORES E BENS                             ; 0000000000308275,68
200505;06833131;BCO DO EST. DO PI S.A.                                      ;U;4010;0020000004;PERMANENTE                                        ; 0000000004532050,26
200505;06833131;BCO DO EST. DO PI S.A.                                      ;U;4010;0021000003;INVESTIMENTOS                                     ; 0000000000236750,43
200505;06833131;BCO DO EST. DO PI S.A.                                      ;U;4010;0021300002;INVESTIMENTOS POR INCENTIVOS FISCAIS              ; 0000000000021660,68
200505;06833131;BCO DO EST. DO PI S.A.                                      ;U;4010;0021400005;TITULOS PATRIMONIAIS                              ; 0000000000182105,31
200505;06833131;BCO DO EST. DO PI S.A.                                      ;U;4010;0021500008;ACOES E COTAS                                     ; 0000000000032984,44
200505;06833131;BCO DO EST. DO PI S.A.                                      ;U;4010;0022000002;IMOBILIZADO DE USO                                ; 0000000004083874,92
200505;06833131;BCO DO EST. DO PI S.A.                                      ;U;4010;0022100005;MOVEIS E EQUIPAMENTOS EM ESTOQUE                  ; 0000000000001560,27
200505;06833131;BCO DO EST. DO PI S.A.                                      ;U;4010;0022300001;IMOVEIS DE USO                                    ; 0000000002691620,94
200505;06833131;BCO DO EST. DO PI S.A.                                      ;U;4010;0022400004;INSTALACOES, MOVEIS E EQUIPAMENTOS DE USO         ; 0000000000365992,02
200505;06833131;BCO DO EST. DO PI S.A.                                      ;U;4010;0022900009;OUTROS                                            ; 0000000001024701,69
200505;06833131;BCO DO EST. DO PI S.A.                                      ;U;4010;0024000000;DIFERIDO                                          ; 0000000000211424,91
200505;06833131;BCO DO EST. DO PI S.A.                                      ;U;4010;0024100003;GASTOS DE ORGANIZACAO E EXPANSAO                  ; 0000000000211424,91
200505;06833131;BCO DO EST. DO PI S.A.                                      ;U;4010;0030000001;COMPENSACAO                                       ; 0000001900106761,50
200505;06833131;BCO DO EST. DO PI S.A.                                      ;U;4010;0030100004;COOBRIGACOES E RISCOS EM GARANTIAS PRESTADAS      ; 0000000001380721,21
200505;06833131;BCO DO EST. DO PI S.A.                                      ;U;4010;0030300000;TITULOS E VALORES MOBILIARIOS                     ; 0000000200495002,30
200505;06833131;BCO DO EST. DO PI S.A.                                      ;U;4010;0030400003;CUSTODIA DE VALORES                               ; 0000000009927036,90
200505;06833131;BCO DO EST. DO PI S.A.                                      ;U;4010;0030500006;COBRANCA                                          ; 0000000000096388,29
200505;06833131;BCO DO EST. DO PI S.A.                                      ;U;4010;0030800005;CONTRATOS                                         ; 0000000003901220,00
200505;06833131;BCO DO EST. DO PI S.A.                                      ;U;4010;0030900008;CONTROLE                                          ; 0000001616661838,61
200505;06833131;BCO DO EST. DO PI S.A.                                      ;U;4010;0031000000;CLASSIFICACAO DA CARTEIRA DE CREDITOS             ; 0000000067644554,19
200505;06833131;BCO DO EST. DO PI S.A.                                      ;U;4010;0031200006;OPERACOES DE RISCO NIVEL A                        ; 0000000065183753,68
200505;06833131;BCO DO EST. DO PI S.A.                                      ;U;4010;0031300009;OPERACOES DE RISCO NIVELB                         ; 0000000000697259,40
200505;06833131;BCO DO EST. DO PI S.A.                                      ;U;4010;0031400002;OPERACOES DE RISCO NIVELC                         ; 0000000000083512,51
200505;06833131;BCO DO EST. DO PI S.A.                                      ;U;4010;0031500005;OPERACOES DE RISCO NIVEL D                        ; 0000000000227392,64
200505;06833131;BCO DO EST. DO PI S.A.                                      ;U;4010;0031600008;OPERACOES DE RISCO NIVEL E                        ; 0000000000397009,12
200505;06833131;BCO DO EST. DO PI S.A.                                      ;U;4010;0031700001;OPERACOES DE RISCO NIVEL F                        ; 0000000000107571,96
200505;06833131;BCO DO EST. DO PI S.A.                                      ;U;4010;0031800004;OPERACOES DE RISCO NIVEL G                        ; 0000000000034389,85
200505;06833131;BCO DO EST. DO PI S.A.                                      ;U;4010;0031900007;OPERACOES DE RISCO NIVEL H                        ; 0000000000913665,03
200505;06833131;BCO DO EST. DO PI S.A.                                      ;U;4010;0039999993;TOTAL GERAL DO ATIVO                              ; 0000002103618177,53
200505;06833131;BCO DO EST. DO PI S.A.                                      ;U;4010;0040000008;CIRCULANTE EXIGIVEL A LONGO PRAZO                 ; 0000000157788509,55
200505;06833131;BCO DO EST. DO PI S.A.                                      ;U;4010;0041000007;DEPOSITOS                                         ; 0000000090116089,47
200505;06833131;BCO DO EST. DO PI S.A.                                      ;U;4010;0041100000;DEPOSITOS A VISTA                                 ; 0000000021025688,64
200505;06833131;BCO DO EST. DO PI S.A.                                      ;U;4010;0041200003;DEPOSITOS DE POUPANCA                             ; 0000000014224120,41
200505;06833131;BCO DO EST. DO PI S.A.                                      ;U;4010;0041300006;DEPOSITOS INTERFINANCEIROS                        ; 0000000012509944,28
200505;06833131;BCO DO EST. DO PI S.A.                                      ;U;4010;0041500002;DEPOSITOS A PRAZO                                 ; 0000000042301503,72
200505;06833131;BCO DO EST. DO PI S.A.                                      ;U;4010;0041900004;OUTROS DEPOSITOS                                  ; 0000000000054832,42
200505;06833131;BCO DO EST. DO PI S.A.                                      ;U;4010;0042000006;OBRIGACOES POR OPERACOES COMPROMISSADAS           ; 0000000042611227,16
200505;06833131;BCO DO EST. DO PI S.A.                                      ;U;4010;0042100009;CARTEIRA PROPRIA                                  ; 0000000042611227,16
200505;06833131;BCO DO EST. DO PI S.A.                                      ;U;4010;0044000004;RELACOES INTERFINANCEIRAS                         ; 0000000001690969,61
200505;06833131;BCO DO EST. DO PI S.A.                                      ;U;4010;0044100007;OBRIGAÇÕES JUNTO A PARTIC. DE SIST. DE LIQUIDACÃO ; 0000000001472654,19
200505;06833131;BCO DO EST. DO PI S.A.                                      ;U;4010;0044400006;RELACOES COM CORRESPONDENTES                      ; 0000000000218315,42
200505;06833131;BCO DO EST. DO PI S.A.                                      ;U;4010;0045000003;RELACOES INTERDEPENDENCIAS                        ; 0000000000075842,81
200505;06833131;BCO DO EST. DO PI S.A.                                      ;U;4010;0045100006;RECURSOS EM TRANSITO DE TERCEIROS                 ; 0000000000075842,81
200505;06833131;BCO DO EST. DO PI S.A.                                      ;U;4010;0046000002;OBRIGACOES POR EMPRESTIMOS E REPASSES             ; 0000000004216337,66
200505;06833131;BCO DO EST. DO PI S.A.                                      ;U;4010;0046400004;REPASSES DO PAIS - INSTITUICOES OFICIAIS          ; 0000000004216337,66
200505;06833131;BCO DO EST. DO PI S.A.                                      ;U;4010;0049000009;OUTRAS OBRIGACOES                                 ; 0000000019078042,84
200505;06833131;BCO DO EST. DO PI S.A.                                      ;U;4010;0049100002;COBRANCA E ARRECADACAO DE TRIBUTOS E ASSEMELHADOS ; 0000000002291297,79
200505;06833131;BCO DO EST. DO PI S.A.                                      ;U;4010;0049300008;SOCIAIS E ESTATUTARIAS                            ; 0000000001990294,29
200505;06833131;BCO DO EST. DO PI S.A.                                      ;U;4010;0049400001;FISCAIS E PREVIDENCIARIAS                         ; 0000000001511948,09
200505;06833131;BCO DO EST. DO PI S.A.                                      ;U;4010;0049900006;DIVERSAS                                          ; 0000000013284502,67
200505;06833131;BCO DO EST. DO PI S.A.                                      ;U;4010;0060000002;PATRIMONIO LIQUIDO                                ; 0000000042979634,24
200505;06833131;BCO DO EST. DO PI S.A.                                      ;U;4010;0061000001;PATRIMONIO LIQUIDO                                ; 0000000042979634,24
200505;06833131;BCO DO EST. DO PI S.A.                                      ;U;4010;0061100004;CAPITAL SOCIAL                                    ; 0000000031682486,74
200505;06833131;BCO DO EST. DO PI S.A.                                      ;U;4010;0061300000;RESERVAS DE CAPITAL                               ; 0000000000151405,01
200505;06833131;BCO DO EST. DO PI S.A.                                      ;U;4010;0061400003;RESERVAS DE REAVALIACAO                           ; 0000000001290465,17
200505;06833131;BCO DO EST. DO PI S.A.                                      ;U;4010;0061500006;RESERVAS DE LUCROS                                ; 0000000009810656,61
200505;06833131;BCO DO EST. DO PI S.A.                                      ;U;4010;0061800005;LUCROS OU PREJUIZOS ACUMULADOS                    ; 0000000000044620,71
200505;06833131;BCO DO EST. DO PI S.A.                                      ;U;4010;0070000009;CONTAS DE RESULTADO CREDORAS                      ; 0000000021096808,22
200505;06833131;BCO DO EST. DO PI S.A.                                      ;U;4010;0071000008;RECEITAS OPERACIONAIS                             ; 0000000021085222,97
200505;06833131;BCO DO EST. DO PI S.A.                                      ;U;4010;0071100001;RENDAS DE OPERACOES DE CREDITO                    ; 0000000010012612,21
200505;06833131;BCO DO EST. DO PI S.A.                                      ;U;4010;0071400000;RENDAS DE APLICACOES INTERFINANCEIRAS DE LIQUIDEZ ; 0000000001450981,07
200505;06833131;BCO DO EST. DO PI S.A.                                      ;U;4010;0071500003;RENDAS COM TIT. E VAL. MOB. E INST. FINANC. DERIV.; 0000000006303580,21
200505;06833131;BCO DO EST. DO PI S.A.                                      ;U;4010;0071700009;RENDAS DE PRESTACAO DE SERVICOS                   ; 0000000002640185,13
200505;06833131;BCO DO EST. DO PI S.A.                                      ;U;4010;0071900005;OUTRAS RECEITAS OPERACIONAIS                      ; 0000000000677864,35
200505;06833131;BCO DO EST. DO PI S.A.                                      ;U;4010;0073000006;RECEITAS NAO OPERACIONAIS                         ; 0000000000011585,25
200505;06833131;BCO DO EST. DO PI S.A.                                      ;U;4010;0073900003;OUTRAS RECEITAS NAO OPERACIONAIS                  ; 0000000000011585,25
200505;06833131;BCO DO EST. DO PI S.A.                                      ;U;4010;0080000006;(-) CONTAS DE RESULTADO DEVEDORAS                 ;-0000000018353535,98
200505;06833131;BCO DO EST. DO PI S.A.                                      ;U;4010;0081000005;(-) DESPESAS OPERACIONAIS                         ;-0000000018319604,34
200505;06833131;BCO DO EST. DO PI S.A.                                      ;U;4010;0081100008;(-) DESPESAS DE CAPTACAO                          ;-0000000005413112,69
200505;06833131;BCO DO EST. DO PI S.A.                                      ;U;4010;0081200001;(-) DESP DE OBRIGACOES POR EMPRESTIMOS E REPASSES ;-0000000000202239,72
200505;06833131;BCO DO EST. DO PI S.A.                                      ;U;4010;0081700006;(-) DESPESAS ADMINISTRATIVAS                      ;-0000000010997908,05
200505;06833131;BCO DO EST. DO PI S.A.                                      ;U;4010;0081800009;(-) APROVISIONAMENTOS E AJUSTES PATRIMONIAIS      ;-0000000000794086,36
200505;06833131;BCO DO EST. DO PI S.A.                                      ;U;4010;0081900002;(-) OUTRAS DESPESAS OPERACIONAIS                  ;-0000000000912257,52
200505;06833131;BCO DO EST. DO PI S.A.                                      ;U;4010;0083000003;(-) DESPESAS NAO OPERACIONAIS                     ;-0000000000002970,33
200505;06833131;BCO DO EST. DO PI S.A.                                      ;U;4010;0083900000;(-) OUTRAS DESPESAS NAO OPERACIONAIS              ;-0000000000002970,33
200505;06833131;BCO DO EST. DO PI S.A.                                      ;U;4010;0089000007;(-) APURACAO DE RESULTADO                         ;-0000000000030961,31
200505;06833131;BCO DO EST. DO PI S.A.                                      ;U;4010;0089400009;(-) IMPOSTO DE RENDA                              ;-0000000000030961,31
200505;06833131;BCO DO EST. DO PI S.A.                                      ;U;4010;0090000003;COMPENSACAO                                       ; 0000001900106761,50
200505;06833131;BCO DO EST. DO PI S.A.                                      ;U;4010;0090100006;COOBRIGACOES E RISCOS EM GARANTIAS PRESTADAS      ; 0000000001380721,21
200505;06833131;BCO DO EST. DO PI S.A.                                      ;U;4010;0090300002;TITULOS E VALORES MOBILIARIOS                     ; 0000000200495002,30
200505;06833131;BCO DO EST. DO PI S.A.                                      ;U;4010;0090400005;CUSTODIA DE VALORES                               ; 0000000009927036,90
200505;06833131;BCO DO EST. DO PI S.A.                                      ;U;4010;0090500008;COBRANCA                                          ; 0000000000096388,29
200505;06833131;BCO DO EST. DO PI S.A.                                      ;U;4010;0090800007;CONTRATOS                                         ; 0000000003901220,00
200505;06833131;BCO DO EST. DO PI S.A.                                      ;U;4010;0090900000;CONTROLE                                          ; 0000001616661838,61
200505;06833131;BCO DO EST. DO PI S.A.                                      ;U;4010;0091000002;CLASSIFICACAO DA CARTEIRA DE CREDITOS             ; 0000000067644554,19
200505;06833131;BCO DO EST. DO PI S.A.                                      ;U;4010;0091100005;OPERACOES DE CREDITOS E ARRENDAMENTO MERCANTIL    ; 0000000067644554,19
200505;06833131;BCO DO EST. DO PI S.A.                                      ;U;4010;0099999995;TOTAL GERAL DO PASSIVO                            ; 0000002103618177,53
200505;07002898;BCO SAFRA DE INVESTIMENTO S.A.                              ;I;4010;0010000007;CIRCULANTE E REALIZAVEL A LONGO PRAZO             ; 0000000269243721,67
200505;07002898;BCO SAFRA DE INVESTIMENTO S.A.                              ;I;4010;0011000006;DISPONIBILIDADES                                  ; 0000000002933619,12
200505;07002898;BCO SAFRA DE INVESTIMENTO S.A.                              ;I;4010;0011200002;DEPOSITOS BANCARIOS                               ; 0000000002933619,12
200505;07002898;BCO SAFRA DE INVESTIMENTO S.A.                              ;I;4010;0012000005;APLICACOES INTERFINANCEIRAS DE LIQUIDEZ           ; 0000000100000000,00
200505;07002898;BCO SAFRA DE INVESTIMENTO S.A.                              ;I;4010;0012200001;APLICACOES EM DEPOSITOS INTERFINANCEIROS          ; 0000000100000000,00
200505;07002898;BCO SAFRA DE INVESTIMENTO S.A.                              ;I;4010;0013000004;TITULOS E VAL. MOB. E INST. FINANC. DERIVATIVOS   ; 0000000161416966,71
200505;07002898;BCO SAFRA DE INVESTIMENTO S.A.                              ;I;4010;0013100007;LIVRES                                            ; 0000000161416966,71
200505;07002898;BCO SAFRA DE INVESTIMENTO S.A.                              ;I;4010;0018000009;OUTROS CREDITOS                                   ; 0000000004893135,84
200505;07002898;BCO SAFRA DE INVESTIMENTO S.A.                              ;I;4010;0018800003;DIVERSOS                                          ; 0000000004893135,84
200505;07002898;BCO SAFRA DE INVESTIMENTO S.A.                              ;I;4010;0030000001;COMPENSACAO                                       ; 0000017589635212,38
200505;07002898;BCO SAFRA DE INVESTIMENTO S.A.                              ;I;4010;0030300000;TITULOS E VALORES MOBILIARIOS                     ; 0000000322833933,42
200505;07002898;BCO SAFRA DE INVESTIMENTO S.A.                              ;I;4010;0030800005;CONTRATOS                                         ; 0000017154338198,77
200505;07002898;BCO SAFRA DE INVESTIMENTO S.A.                              ;I;4010;0030900008;CONTROLE                                          ; 0000000112463080,19
200505;07002898;BCO SAFRA DE INVESTIMENTO S.A.                              ;I;4010;0039999993;TOTAL GERAL DO ATIVO                              ; 0000017858878934,05
200505;07002898;BCO SAFRA DE INVESTIMENTO S.A.                              ;I;4010;0040000008;CIRCULANTE EXIGIVEL A LONGO PRAZO                 ; 0000000207998354,60
200505;07002898;BCO SAFRA DE INVESTIMENTO S.A.                              ;I;4010;0049000009;OUTRAS OBRIGACOES                                 ; 0000000207998354,60
200505;07002898;BCO SAFRA DE INVESTIMENTO S.A.                              ;I;4010;0049100002;COBRANCA E ARRECADACAO DE TRIBUTOS E ASSEMELHADOS ; 0000000000028025,71
200505;07002898;BCO SAFRA DE INVESTIMENTO S.A.                              ;I;4010;0049400001;FISCAIS E PREVIDENCIARIAS                         ; 0000000095006649,15
200505;07002898;BCO SAFRA DE INVESTIMENTO S.A.                              ;I;4010;0049900006;DIVERSAS                                          ; 0000000112963679,74
200505;07002898;BCO SAFRA DE INVESTIMENTO S.A.                              ;I;4010;0060000002;PATRIMONIO LIQUIDO                                ; 0000000020476745,95
200505;07002898;BCO SAFRA DE INVESTIMENTO S.A.                              ;I;4010;0061000001;PATRIMONIO LIQUIDO                                ; 0000000020476745,95
200505;07002898;BCO SAFRA DE INVESTIMENTO S.A.                              ;I;4010;0061100004;CAPITAL SOCIAL                                    ; 0000000020000000,00
200505;07002898;BCO SAFRA DE INVESTIMENTO S.A.                              ;I;4010;0061500006;RESERVAS DE LUCROS                                ; 0000000000026612,73
200505;07002898;BCO SAFRA DE INVESTIMENTO S.A.                              ;I;4010;0061600009;AJUSTES DE AVALIACAO PATRIMONIAL                  ;-0000000000055508,72
200505;07002898;BCO SAFRA DE INVESTIMENTO S.A.                              ;I;4010;0061800005;LUCROS OU PREJUIZOS ACUMULADOS                    ; 0000000000505641,94
200505;07002898;BCO SAFRA DE INVESTIMENTO S.A.                              ;I;4010;0070000009;CONTAS DE RESULTADO CREDORAS                      ; 0000000071933737,49
200505;07002898;BCO SAFRA DE INVESTIMENTO S.A.                              ;I;4010;0071000008;RECEITAS OPERACIONAIS                             ; 0000000071933737,49
200505;07002898;BCO SAFRA DE INVESTIMENTO S.A.                              ;I;4010;0071400000;RENDAS DE APLICACOES INTERFINANCEIRAS DE LIQUIDEZ ; 0000000004551248,17
200505;07002898;BCO SAFRA DE INVESTIMENTO S.A.                              ;I;4010;0071500003;RENDAS COM TIT. E VAL. MOB. E INST. FINANC. DERIV.; 0000000004466214,20
200505;07002898;BCO SAFRA DE INVESTIMENTO S.A.                              ;I;4010;0071700009;RENDAS DE PRESTACAO DE SERVICOS                   ; 0000000062564600,80
200505;07002898;BCO SAFRA DE INVESTIMENTO S.A.                              ;I;4010;0071900005;OUTRAS RECEITAS OPERACIONAIS                      ; 0000000000351674,32
200505;07002898;BCO SAFRA DE INVESTIMENTO S.A.                              ;I;4010;0080000006;(-) CONTAS DE RESULTADO DEVEDORAS                 ;-0000000031165116,37
200505;07002898;BCO SAFRA DE INVESTIMENTO S.A.                              ;I;4010;0081000005;(-) DESPESAS OPERACIONAIS                         ;-0000000010178250,95
200505;07002898;BCO SAFRA DE INVESTIMENTO S.A.                              ;I;4010;0081500000;(-) DESP. COM TIT. E VAL. MOB. E INST. FIN. DERIV.;-0000000000425495,41
200505;07002898;BCO SAFRA DE INVESTIMENTO S.A.                              ;I;4010;0081700006;(-) DESPESAS ADMINISTRATIVAS                      ;-0000000001468861,73
200505;07002898;BCO SAFRA DE INVESTIMENTO S.A.                              ;I;4010;0081900002;(-) OUTRAS DESPESAS OPERACIONAIS                  ;-0000000008283893,81
200505;07002898;BCO SAFRA DE INVESTIMENTO S.A.                              ;I;4010;0089000007;(-) APURACAO DE RESULTADO                         ;-0000000020986865,42
200505;07002898;BCO SAFRA DE INVESTIMENTO S.A.                              ;I;4010;0089400009;(-) IMPOSTO DE RENDA                              ;-0000000020986865,42
200505;07002898;BCO SAFRA DE INVESTIMENTO S.A.                              ;I;4010;0090000003;COMPENSACAO                                       ; 0000017589635212,38
200505;07002898;BCO SAFRA DE INVESTIMENTO S.A.                              ;I;4010;0090300002;TITULOS E VALORES MOBILIARIOS                     ; 0000000322833933,42
200505;07002898;BCO SAFRA DE INVESTIMENTO S.A.                              ;I;4010;0090800007;CONTRATOS                                         ; 0000017154338198,77
200505;07002898;BCO SAFRA DE INVESTIMENTO S.A.                              ;I;4010;0090900000;CONTROLE                                          ; 0000000112463080,19
200505;07002898;BCO SAFRA DE INVESTIMENTO S.A.                              ;I;4010;0099999995;TOTAL GERAL DO PASSIVO                            ; 0000017858878934,05
200505;07196934;BCO BEC S.A.                                                ;U;4010;0010000007;CIRCULANTE E REALIZAVEL A LONGO PRAZO             ; 0000001741052280,63
200505;07196934;BCO BEC S.A.                                                ;U;4010;0011000006;DISPONIBILIDADES                                  ; 0000000049756076,58
200505;07196934;BCO BEC S.A.                                                ;U;4010;0011100009;CAIXA                                             ; 0000000038473404,84
200505;07196934;BCO BEC S.A.                                                ;U;4010;0011300005;RESERVAS LIVRES                                   ; 0000000000058376,04
200505;07196934;BCO BEC S.A.                                                ;U;4010;0011500001;DISPONIBILIDADES EM MOEDAS ESTRANGEIRAS           ; 0000000011224295,70
200505;07196934;BCO BEC S.A.                                                ;U;4010;0012000005;APLICACOES INTERFINANCEIRAS DE LIQUIDEZ           ; 0000000176877689,38
200505;07196934;BCO BEC S.A.                                                ;U;4010;0012100008;APLICACOES EM OPERACOES COMPROMISSADAS            ; 0000000154298180,96
200505;07196934;BCO BEC S.A.                                                ;U;4010;0012200001;APLICACOES EM DEPOSITOS INTERFINANCEIROS          ; 0000000008676347,91
200505;07196934;BCO BEC S.A.                                                ;U;4010;0012600003;APLICA OES EM MOEDAS ESTRANGEIRAS                 ; 0000000013903160,51
200505;07196934;BCO BEC S.A.                                                ;U;4010;0013000004;TITULOS E VAL. MOB. E INST. FINANC. DERIVATIVOS   ; 0000001070538338,71
200505;07196934;BCO BEC S.A.                                                ;U;4010;0013100007;LIVRES                                            ; 0000000451165132,78
200505;07196934;BCO BEC S.A.                                                ;U;4010;0013200000;VINCULADOS A OPERACOES COMPROMISSADAS             ; 0000000320696534,69
200505;07196934;BCO BEC S.A.                                                ;U;4010;0013300003;INSTRUMENTOS FINANCEIROS DERIVATIVOS              ; 0000000000000051,82
200505;07196934;BCO BEC S.A.                                                ;U;4010;0013400006;VINCULADOS AO BANCO CENTRAL                       ; 0000000298676619,42
200505;07196934;BCO BEC S.A.                                                ;U;4010;0014000003;RELACOES INTERFINANCEIRAS                         ; 0000000098751051,33
200505;07196934;BCO BEC S.A.                                                ;U;4010;0014100006;DIREITOS JUNTO A PARTIC. DE SISTEMAS DE LIQUIDAÇÃO; 0000000012735057,65
200505;07196934;BCO BEC S.A.                                                ;U;4010;0014200009;CREDITOS VINCULADOS                               ; 0000000086015993,68
200505;07196934;BCO BEC S.A.                                                ;U;4010;0016000001;OPERACOES DE CREDITO                              ; 0000000256253136,60
200505;07196934;BCO BEC S.A.                                                ;U;4010;0016100004;EMPRESTIMOS E TITULOS DESCONTADOS                 ; 0000000267147300,74
200505;07196934;BCO BEC S.A.                                                ;U;4010;0016900008;(-) PROVISOES PARA OPERACOES DE CREDITO           ;-0000000010894164,14
200505;07196934;BCO BEC S.A.                                                ;U;4010;0018000009;OUTROS CREDITOS                                   ; 0000000086779778,71
200505;07196934;BCO BEC S.A.                                                ;U;4010;0018200005;CARTEIRA DE CAMBIO                                ; 0000000001669290,99
200505;07196934;BCO BEC S.A.                                                ;U;4010;0018300008;RENDAS A RECEBER                                  ; 0000000002413951,36
200505;07196934;BCO BEC S.A.                                                ;U;4010;0018800003;DIVERSOS                                          ; 0000000083996405,58
200505;07196934;BCO BEC S.A.                                                ;U;4010;0018900006;(-) PROVISOES PARA OUTROS CREDITOS                ;-0000000001299869,22
200505;07196934;BCO BEC S.A.                                                ;U;4010;0019000008;OUTROS VALORES E BENS                             ; 0000000002096209,32
200505;07196934;BCO BEC S.A.                                                ;U;4010;0019800002;OUTROS VALORES E BENS                             ; 0000000001432976,32
200505;07196934;BCO BEC S.A.                                                ;U;4010;0019900005;DESPESAS ANTECIPADAS                              ; 0000000000663233,00
200505;07196934;BCO BEC S.A.                                                ;U;4010;0020000004;PERMANENTE                                        ; 0000000039321659,51
200505;07196934;BCO BEC S.A.                                                ;U;4010;0021000003;INVESTIMENTOS                                     ; 0000000021216748,97
200505;07196934;BCO BEC S.A.                                                ;U;4010;0021200009;PARTICIPACOES EM COLIGADAS E CONTROLADAS NO PAIS  ; 0000000020870941,42
200505;07196934;BCO BEC S.A.                                                ;U;4010;0021300002;INVESTIMENTOS POR INCENTIVOS FISCAIS              ; 0000000000144772,00
200505;07196934;BCO BEC S.A.                                                ;U;4010;0021400005;TITULOS PATRIMONIAIS                              ; 0000000000201035,55
200505;07196934;BCO BEC S.A.                                                ;U;4010;0022000002;IMOBILIZADO DE USO                                ; 0000000016378792,97
200505;07196934;BCO BEC S.A.                                                ;U;4010;0022300001;IMOVEIS DE USO                                    ; 0000000002707796,63
200505;07196934;BCO BEC S.A.                                                ;U;4010;0022400004;INSTALACOES, MOVEIS E EQUIPAMENTOS DE USO         ; 0000000004552121,93
200505;07196934;BCO BEC S.A.                                                ;U;4010;0022900009;OUTROS                                            ; 0000000009118874,41
200505;07196934;BCO BEC S.A.                                                ;U;4010;0024000000;DIFERIDO                                          ; 0000000001726117,57
200505;07196934;BCO BEC S.A.                                                ;U;4010;0024100003;GASTOS DE ORGANIZACAO E EXPANSAO                  ; 0000000001726117,57
200505;07196934;BCO BEC S.A.                                                ;U;4010;0030000001;COMPENSACAO                                       ; 0000019126036907,75
200505;07196934;BCO BEC S.A.                                                ;U;4010;0030100004;COOBRIGACOES E RISCOS EM GARANTIAS PRESTADAS      ; 0000000000872871,01
200505;07196934;BCO BEC S.A.                                                ;U;4010;0030300000;TITULOS E VALORES MOBILIARIOS                     ; 0000002141076573,78
200505;07196934;BCO BEC S.A.                                                ;U;4010;0030400003;CUSTODIA DE VALORES                               ; 0000000023331224,89
200505;07196934;BCO BEC S.A.                                                ;U;4010;0030500006;COBRANCA                                          ; 0000000242366815,11
200505;07196934;BCO BEC S.A.                                                ;U;4010;0030600009;NEGOCIACAO E INTERMEDIACAO DE VALORES             ; 0000000019381708,64
200505;07196934;BCO BEC S.A.                                                ;U;4010;0030800005;CONTRATOS                                         ; 0000000426179208,73
200505;07196934;BCO BEC S.A.                                                ;U;4010;0030900008;CONTROLE                                          ; 0000016004381335,63
200505;07196934;BCO BEC S.A.                                                ;U;4010;0031000000;CLASSIFICACAO DA CARTEIRA DE CREDITOS             ; 0000000268447169,96
200505;07196934;BCO BEC S.A.                                                ;U;4010;0031200006;OPERACOES DE RISCO NIVEL A                        ; 0000000194378783,75
200505;07196934;BCO BEC S.A.                                                ;U;4010;0031300009;OPERACOES DE RISCO NIVELB                         ; 0000000047515586,59
200505;07196934;BCO BEC S.A.                                                ;U;4010;0031400002;OPERACOES DE RISCO NIVELC                         ; 0000000013377069,75
200505;07196934;BCO BEC S.A.                                                ;U;4010;0031500005;OPERACOES DE RISCO NIVEL D                        ; 0000000004388809,80
200505;07196934;BCO BEC S.A.                                                ;U;4010;0031600008;OPERACOES DE RISCO NIVEL E                        ; 0000000002244795,77
200505;07196934;BCO BEC S.A.                                                ;U;4010;0031700001;OPERACOES DE RISCO NIVEL F                        ; 0000000001370885,70
200505;07196934;BCO BEC S.A.                                                ;U;4010;0031800004;OPERACOES DE RISCO NIVEL G                        ; 0000000001104168,17
200505;07196934;BCO BEC S.A.                                                ;U;4010;0031900007;OPERACOES DE RISCO NIVEL H                        ; 0000000004067070,43
200505;07196934;BCO BEC S.A.                                                ;U;4010;0039999993;TOTAL GERAL DO ATIVO                              ; 0000020906410847,89
200505;07196934;BCO BEC S.A.                                                ;U;4010;0040000008;CIRCULANTE EXIGIVEL A LONGO PRAZO                 ; 0000001397552521,61
200505;07196934;BCO BEC S.A.                                                ;U;4010;0041000007;DEPOSITOS                                         ; 0000000861405738,19
200505;07196934;BCO BEC S.A.                                                ;U;4010;0041100000;DEPOSITOS A VISTA                                 ; 0000000018413305,92
200505;07196934;BCO BEC S.A.                                                ;U;4010;0041200003;DEPOSITOS DE POUPANCA                             ; 0000000504129851,30
200505;07196934;BCO BEC S.A.                                                ;U;4010;0041500002;DEPOSITOS A PRAZO                                 ; 0000000325344855,61
200505;07196934;BCO BEC S.A.                                                ;U;4010;0041600005;OBRIGACOES P/DEPOS ESPEC E DE FUNDOS E PROGRAMAS  ; 0000000000652191,34
200505;07196934;BCO BEC S.A.                                                ;U;4010;0041800001;DEPOSITOS EM MOEDAS ESTRANGEIRAS                  ; 0000000012770599,44
200505;07196934;BCO BEC S.A.                                                ;U;4010;0041900004;OUTROS DEPOSITOS                                  ; 0000000000094934,58
200505;07196934;BCO BEC S.A.                                                ;U;4010;0042000006;OBRIGACOES POR OPERACOES COMPROMISSADAS           ; 0000000366181195,96
200505;07196934;BCO BEC S.A.                                                ;U;4010;0042100009;CARTEIRA PROPRIA                                  ; 0000000316331779,84
200505;07196934;BCO BEC S.A.                                                ;U;4010;0042200002;CARTEIRA DE TERCEIROS                             ; 0000000049849416,12
200505;07196934;BCO BEC S.A.                                                ;U;4010;0044000004;RELACOES INTERFINANCEIRAS                         ; 0000000013414237,65
200505;07196934;BCO BEC S.A.                                                ;U;4010;0044100007;OBRIGAÇÕES JUNTO A PARTIC. DE SIST. DE LIQUIDACÃO ; 0000000013414237,65
200505;07196934;BCO BEC S.A.                                                ;U;4010;0046000002;OBRIGACOES POR EMPRESTIMOS E REPASSES             ; 0000000002494522,92
200505;07196934;BCO BEC S.A.                                                ;U;4010;0046400004;REPASSES DO PAIS - INSTITUICOES OFICIAIS          ; 0000000002494522,92
200505;07196934;BCO BEC S.A.                                                ;U;4010;0047000001;INSTRUMENTOS FINANCEIROS DERIVATIVOS              ; 0000000000010071,75
200505;07196934;BCO BEC S.A.                                                ;U;4010;0047100004;INSTRUMENTOS FINANCEIROS DERIVATIVOS              ; 0000000000010071,75
200505;07196934;BCO BEC S.A.                                                ;U;4010;0049000009;OUTRAS OBRIGACOES                                 ; 0000000154046755,14
200505;07196934;BCO BEC S.A.                                                ;U;4010;0049100002;COBRANCA E ARRECADACAO DE TRIBUTOS E ASSEMELHADOS ; 0000000010436991,10
200505;07196934;BCO BEC S.A.                                                ;U;4010;0049300008;SOCIAIS E ESTATUTARIAS                            ; 0000000000165823,26
200505;07196934;BCO BEC S.A.                                                ;U;4010;0049400001;FISCAIS E PREVIDENCIARIAS                         ; 0000000032204082,25
200505;07196934;BCO BEC S.A.                                                ;U;4010;0049600007;RECURSOS PARA DESTINACAO ESPECIFICA               ; 0000000003559633,68
200505;07196934;BCO BEC S.A.                                                ;U;4010;0049900006;DIVERSAS                                          ; 0000000107680224,85
200505;07196934;BCO BEC S.A.                                                ;U;4010;0060000002;PATRIMONIO LIQUIDO                                ; 0000000356016365,22
200505;07196934;BCO BEC S.A.                                                ;U;4010;0061000001;PATRIMONIO LIQUIDO                                ; 0000000356016365,22
200505;07196934;BCO BEC S.A.                                                ;U;4010;0061100004;CAPITAL SOCIAL                                    ; 0000000242316086,42
200505;07196934;BCO BEC S.A.                                                ;U;4010;0061300000;RESERVAS DE CAPITAL                               ; 0000000000201035,55
200505;07196934;BCO BEC S.A.                                                ;U;4010;0061500006;RESERVAS DE LUCROS                                ; 0000000113771660,33
200505;07196934;BCO BEC S.A.                                                ;U;4010;0061800005;LUCROS OU PREJUIZOS ACUMULADOS                    ;-0000000000272417,08
200505;07196934;BCO BEC S.A.                                                ;U;4010;0070000009;CONTAS DE RESULTADO CREDORAS                      ; 0000000175528343,25
200505;07196934;BCO BEC S.A.                                                ;U;4010;0071000008;RECEITAS OPERACIONAIS                             ; 0000000175288144,47
200505;07196934;BCO BEC S.A.                                                ;U;4010;0071100001;RENDAS DE OPERACOES DE CREDITO                    ; 0000000047233550,23
200505;07196934;BCO BEC S.A.                                                ;U;4010;0071300007;RENDAS DE CAMBIO                                  ; 0000000000660896,78
200505;07196934;BCO BEC S.A.                                                ;U;4010;0071400000;RENDAS DE APLICACOES INTERFINANCEIRAS DE LIQUIDEZ ; 0000000012354499,06
200505;07196934;BCO BEC S.A.                                                ;U;4010;0071500003;RENDAS COM TIT. E VAL. MOB. E INST. FINANC. DERIV.; 0000000080882956,59
200505;07196934;BCO BEC S.A.                                                ;U;4010;0071700009;RENDAS DE PRESTACAO DE SERVICOS                   ; 0000000015783763,59
200505;07196934;BCO BEC S.A.                                                ;U;4010;0071800002;RENDAS DE PARTICIPACOES                           ; 0000000000856285,45
200505;07196934;BCO BEC S.A.                                                ;U;4010;0071900005;OUTRAS RECEITAS OPERACIONAIS                      ; 0000000017516192,77
200505;07196934;BCO BEC S.A.                                                ;U;4010;0073000006;RECEITAS NAO OPERACIONAIS                         ; 0000000000240198,78
200505;07196934;BCO BEC S.A.                                                ;U;4010;0073100009;LUCROS EM TRANSACOES COM VALORES E BENS           ; 0000000000066010,00
200505;07196934;BCO BEC S.A.                                                ;U;4010;0073900003;OUTRAS RECEITAS NAO OPERACIONAIS                  ; 0000000000174188,78
200505;07196934;BCO BEC S.A.                                                ;U;4010;0080000006;(-) CONTAS DE RESULTADO DEVEDORAS                 ;-0000000148723289,94
200505;07196934;BCO BEC S.A.                                                ;U;4010;0081000005;(-) DESPESAS OPERACIONAIS                         ;-0000000139820144,07
200505;07196934;BCO BEC S.A.                                                ;U;4010;0081100008;(-) DESPESAS DE CAPTACAO                          ;-0000000059739390,84
200505;07196934;BCO BEC S.A.                                                ;U;4010;0081200001;(-) DESP DE OBRIGACOES POR EMPRESTIMOS E REPASSES ;-0000000000127232,47
200505;07196934;BCO BEC S.A.                                                ;U;4010;0081400007;(-) DESPESAS DE CAMBIO                            ;-0000000000292489,36
200505;07196934;BCO BEC S.A.                                                ;U;4010;0081500000;(-) DESP. COM TIT. E VAL. MOB. E INST. FIN. DERIV.;-0000000003502036,78
200505;07196934;BCO BEC S.A.                                                ;U;4010;0081600003;(-) DESPESAS DE PARTICIPACOES                     ;-0000000000014009,66
200505;07196934;BCO BEC S.A.                                                ;U;4010;0081700006;(-) DESPESAS ADMINISTRATIVAS                      ;-0000000048443252,43
200505;07196934;BCO BEC S.A.                                                ;U;4010;0081800009;(-) APROVISIONAMENTOS E AJUSTES PATRIMONIAIS      ;-0000000016769064,52
200505;07196934;BCO BEC S.A.                                                ;U;4010;0081900002;(-) OUTRAS DESPESAS OPERACIONAIS                  ;-0000000010932668,01
200505;07196934;BCO BEC S.A.                                                ;U;4010;0083000003;(-) DESPESAS NAO OPERACIONAIS                     ;-0000000000310417,55
200505;07196934;BCO BEC S.A.                                                ;U;4010;0083100006;(-) PREJUIZOS EM TRANSACOES COM VALORES E BENS    ;-0000000000014796,46
200505;07196934;BCO BEC S.A.                                                ;U;4010;0083900000;(-) OUTRAS DESPESAS NAO OPERACIONAIS              ;-0000000000295621,09
200505;07196934;BCO BEC S.A.                                                ;U;4010;0089000007;(-) APURACAO DE RESULTADO                         ;-0000000008592728,32
200505;07196934;BCO BEC S.A.                                                ;U;4010;0089400009;(-) IMPOSTO DE RENDA                              ;-0000000008592728,32
200505;07196934;BCO BEC S.A.                                                ;U;4010;0090000003;COMPENSACAO                                       ; 0000019126036907,75
200505;07196934;BCO BEC S.A.                                                ;U;4010;0090100006;COOBRIGACOES E RISCOS EM GARANTIAS PRESTADAS      ; 0000000000872871,01
200505;07196934;BCO BEC S.A.                                                ;U;4010;0090300002;TITULOS E VALORES MOBILIARIOS                     ; 0000002141076573,78
200505;07196934;BCO BEC S.A.                                                ;U;4010;0090400005;CUSTODIA DE VALORES                               ; 0000000023331224,89
200505;07196934;BCO BEC S.A.                                                ;U;4010;0090500008;COBRANCA                                          ; 0000000242366815,11
200505;07196934;BCO BEC S.A.                                                ;U;4010;0090600001;NEGOCIACAO E INTERMEDIACAO DE VALORES             ; 0000000019381708,64
200505;07196934;BCO BEC S.A.                                                ;U;4010;0090800007;CONTRATOS                                         ; 0000000426179208,73
200505;07196934;BCO BEC S.A.                                                ;U;4010;0090900000;CONTROLE                                          ; 0000016004381335,63
200505;07196934;BCO BEC S.A.                                                ;U;4010;0091000002;CLASSIFICACAO DA CARTEIRA DE CREDITOS             ; 0000000268447169,96
200505;07196934;BCO BEC S.A.                                                ;U;4010;0091100005;OPERACOES DE CREDITOS E ARRENDAMENTO MERCANTIL    ; 0000000268447169,96
200505;07196934;BCO BEC S.A.                                                ;U;4010;0099999995;TOTAL GERAL DO PASSIVO                            ; 0000020906410847,89
200505;07207996;BCO FINASA BMC S.A.                                         ;U;4010;0010000007;CIRCULANTE E REALIZAVEL A LONGO PRAZO             ; 0000001463764402,23
200505;07207996;BCO FINASA BMC S.A.                                         ;U;4010;0011000006;DISPONIBILIDADES                                  ; 0000000003194634,36
200505;07207996;BCO FINASA BMC S.A.                                         ;U;4010;0011100009;CAIXA                                             ; 0000000000013188,96
200505;07207996;BCO FINASA BMC S.A.                                         ;U;4010;0011500001;DISPONIBILIDADES EM MOEDAS ESTRANGEIRAS           ; 0000000003181445,40
200505;07207996;BCO FINASA BMC S.A.                                         ;U;4010;0012000005;APLICACOES INTERFINANCEIRAS DE LIQUIDEZ           ; 0000000057172224,66
200505;07207996;BCO FINASA BMC S.A.                                         ;U;4010;0012100008;APLICACOES EM OPERACOES COMPROMISSADAS            ; 0000000035499237,61
200505;07207996;BCO FINASA BMC S.A.                                         ;U;4010;0012200001;APLICACOES EM DEPOSITOS INTERFINANCEIROS          ; 0000000021672987,05
200505;07207996;BCO FINASA BMC S.A.                                         ;U;4010;0013000004;TITULOS E VAL. MOB. E INST. FINANC. DERIVATIVOS   ; 0000000496084190,42
200505;07207996;BCO FINASA BMC S.A.                                         ;U;4010;0013100007;LIVRES                                            ; 0000000085295481,43
200505;07207996;BCO FINASA BMC S.A.                                         ;U;4010;0013200000;VINCULADOS A OPERACOES COMPROMISSADAS             ; 0000000388282138,65
200505;07207996;BCO FINASA BMC S.A.                                         ;U;4010;0013300003;INSTRUMENTOS FINANCEIROS DERIVATIVOS              ; 0000000000988080,59
200505;07207996;BCO FINASA BMC S.A.                                         ;U;4010;0013400006;VINCULADOS AO BANCO CENTRAL                       ; 0000000011298982,81
200505;07207996;BCO FINASA BMC S.A.                                         ;U;4010;0013600002;VINCULADOS A PRESTACAO DE GARANTIAS               ; 0000000010219506,94
200505;07207996;BCO FINASA BMC S.A.                                         ;U;4010;0014000003;RELACOES INTERFINANCEIRAS                         ; 0000000001936144,22
200505;07207996;BCO FINASA BMC S.A.                                         ;U;4010;0014100006;DIREITOS JUNTO A PARTIC. DE SISTEMAS DE LIQUIDAÇÃO; 0000000000151369,50
200505;07207996;BCO FINASA BMC S.A.                                         ;U;4010;0014200009;CREDITOS VINCULADOS                               ; 0000000001784774,72
200505;07207996;BCO FINASA BMC S.A.                                         ;U;4010;0016000001;OPERACOES DE CREDITO                              ; 0000000624657721,90
200505;07207996;BCO FINASA BMC S.A.                                         ;U;4010;0016100004;EMPRESTIMOS E TITULOS DESCONTADOS                 ; 0000000313619461,13
200505;07207996;BCO FINASA BMC S.A.                                         ;U;4010;0016200007;FINANCIAMENTOS                                    ; 0000000331408567,90
200505;07207996;BCO FINASA BMC S.A.                                         ;U;4010;0016300000;FINANCIAMENTOS RURAIS E AGROINDUSTRIAIS           ; 0000000016537333,12
200505;07207996;BCO FINASA BMC S.A.                                         ;U;4010;0016400003;FINANCIAMENTOS IMOBILIARIOS                       ; 0000000000045014,76
200505;07207996;BCO FINASA BMC S.A.                                         ;U;4010;0016900008;(-) PROVISOES PARA OPERACOES DE CREDITO           ;-0000000036952655,01
200505;07207996;BCO FINASA BMC S.A.                                         ;U;4010;0018000009;OUTROS CREDITOS                                   ; 0000000221165155,72
200505;07207996;BCO FINASA BMC S.A.                                         ;U;4010;0018200005;CARTEIRA DE CAMBIO                                ; 0000000043285330,32
200505;07207996;BCO FINASA BMC S.A.                                         ;U;4010;0018300008;RENDAS A RECEBER                                  ; 0000000000185287,77
200505;07207996;BCO FINASA BMC S.A.                                         ;U;4010;0018400001;NEGOCIACAO E INTERMEDIACAO DE VALORES             ; 0000000000915525,75
200505;07207996;BCO FINASA BMC S.A.                                         ;U;4010;0018800003;DIVERSOS                                          ; 0000000177695266,00
200505;07207996;BCO FINASA BMC S.A.                                         ;U;4010;0018900006;(-) PROVISOES PARA OUTROS CREDITOS                ;-0000000000916254,12
200505;07207996;BCO FINASA BMC S.A.                                         ;U;4010;0019000008;OUTROS VALORES E BENS                             ; 0000000059554330,95
200505;07207996;BCO FINASA BMC S.A.                                         ;U;4010;0019800002;OUTROS VALORES E BENS                             ; 0000000022293676,19
200505;07207996;BCO FINASA BMC S.A.                                         ;U;4010;0019900005;DESPESAS ANTECIPADAS                              ; 0000000037260654,76
200505;07207996;BCO FINASA BMC S.A.                                         ;U;4010;0020000004;PERMANENTE                                        ; 0000000173519969,56
200505;07207996;BCO FINASA BMC S.A.                                         ;U;4010;0021000003;INVESTIMENTOS                                     ; 0000000151635492,56
200505;07207996;BCO FINASA BMC S.A.                                         ;U;4010;0021100006;INVESTIMENTOS NO EXTERIOR                         ; 0000000115031192,37
200505;07207996;BCO FINASA BMC S.A.                                         ;U;4010;0021200009;PARTICIPACOES EM COLIGADAS E CONTROLADAS NO PAIS  ; 0000000034620623,50
200505;07207996;BCO FINASA BMC S.A.                                         ;U;4010;0021300002;INVESTIMENTOS POR INCENTIVOS FISCAIS              ; 0000000000164000,00
200505;07207996;BCO FINASA BMC S.A.                                         ;U;4010;0021400005;TITULOS PATRIMONIAIS                              ; 0000000000209639,40
200505;07207996;BCO FINASA BMC S.A.                                         ;U;4010;0021500008;ACOES E COTAS                                     ; 0000000001073175,06
200505;07207996;BCO FINASA BMC S.A.                                         ;U;4010;0021900000;OUTROS INVESTIMENTOS                              ; 0000000000536862,23
200505;07207996;BCO FINASA BMC S.A.                                         ;U;4010;0022000002;IMOBILIZADO DE USO                                ; 0000000017457046,63
200505;07207996;BCO FINASA BMC S.A.                                         ;U;4010;0022200008;IMOBILIZACOES EM CURSO                            ; 0000000013150162,57
200505;07207996;BCO FINASA BMC S.A.                                         ;U;4010;0022300001;IMOVEIS DE USO                                    ; 0000000001263706,13
200505;07207996;BCO FINASA BMC S.A.                                         ;U;4010;0022400004;INSTALACOES, MOVEIS E EQUIPAMENTOS DE USO         ; 0000000001043566,66
200505;07207996;BCO FINASA BMC S.A.                                         ;U;4010;0022900009;OUTROS                                            ; 0000000001999611,27
200505;07207996;BCO FINASA BMC S.A.                                         ;U;4010;0024000000;DIFERIDO                                          ; 0000000004427430,37
200505;07207996;BCO FINASA BMC S.A.                                         ;U;4010;0024100003;GASTOS DE ORGANIZACAO E EXPANSAO                  ; 0000000004427430,37
200505;07207996;BCO FINASA BMC S.A.                                         ;U;4010;0030000001;COMPENSACAO                                       ; 0000005888887316,72
200505;07207996;BCO FINASA BMC S.A.                                         ;U;4010;0030100004;COOBRIGACOES E RISCOS EM GARANTIAS PRESTADAS      ; 0000000151647770,49
200505;07207996;BCO FINASA BMC S.A.                                         ;U;4010;0030300000;TITULOS E VALORES MOBILIARIOS                     ; 0000000990192219,66
200505;07207996;BCO FINASA BMC S.A.                                         ;U;4010;0030400003;CUSTODIA DE VALORES                               ; 0000002364453297,67
200505;07207996;BCO FINASA BMC S.A.                                         ;U;4010;0030500006;COBRANCA                                          ; 0000000206722139,81
200505;07207996;BCO FINASA BMC S.A.                                         ;U;4010;0030600009;NEGOCIACAO E INTERMEDIACAO DE VALORES             ; 0000000257697936,28
200505;07207996;BCO FINASA BMC S.A.                                         ;U;4010;0030800005;CONTRATOS                                         ; 0000000017098940,00
200505;07207996;BCO FINASA BMC S.A.                                         ;U;4010;0030900008;CONTROLE                                          ; 0000001194067980,78
200505;07207996;BCO FINASA BMC S.A.                                         ;U;4010;0031000000;CLASSIFICACAO DA CARTEIRA DE CREDITOS             ; 0000000707007032,03
200505;07207996;BCO FINASA BMC S.A.                                         ;U;4010;0031100003;OPERACOES DE RISCO NIVEL AA                       ; 0000000083834240,50
200505;07207996;BCO FINASA BMC S.A.                                         ;U;4010;0031200006;OPERACOES DE RISCO NIVEL A                        ; 0000000404344310,15
200505;07207996;BCO FINASA BMC S.A.                                         ;U;4010;0031300009;OPERACOES DE RISCO NIVELB                         ; 0000000116616944,22
200505;07207996;BCO FINASA BMC S.A.                                         ;U;4010;0031400002;OPERACOES DE RISCO NIVELC                         ; 0000000036639344,12
200505;07207996;BCO FINASA BMC S.A.                                         ;U;4010;0031500005;OPERACOES DE RISCO NIVEL D                        ; 0000000019333812,69
200505;07207996;BCO FINASA BMC S.A.                                         ;U;4010;0031600008;OPERACOES DE RISCO NIVEL E                        ; 0000000016970312,84
200505;07207996;BCO FINASA BMC S.A.                                         ;U;4010;0031700001;OPERACOES DE RISCO NIVEL F                        ; 0000000004440325,52
200505;07207996;BCO FINASA BMC S.A.                                         ;U;4010;0031800004;OPERACOES DE RISCO NIVEL G                        ; 0000000002096225,46
200505;07207996;BCO FINASA BMC S.A.                                         ;U;4010;0031900007;OPERACOES DE RISCO NIVEL H                        ; 0000000022731516,53
200505;07207996;BCO FINASA BMC S.A.                                         ;U;4010;0039999993;TOTAL GERAL DO ATIVO                              ; 0000007526171688,51
200505;07207996;BCO FINASA BMC S.A.                                         ;U;4010;0040000008;CIRCULANTE EXIGIVEL A LONGO PRAZO                 ; 0000001414375940,57
200505;07207996;BCO FINASA BMC S.A.                                         ;U;4010;0041000007;DEPOSITOS                                         ; 0000000563092809,29
200505;07207996;BCO FINASA BMC S.A.                                         ;U;4010;0041100000;DEPOSITOS A VISTA                                 ; 0000000011548692,61
200505;07207996;BCO FINASA BMC S.A.                                         ;U;4010;0041300006;DEPOSITOS INTERFINANCEIROS                        ; 0000000020416681,36
200505;07207996;BCO FINASA BMC S.A.                                         ;U;4010;0041500002;DEPOSITOS A PRAZO                                 ; 0000000531090774,80
200505;07207996;BCO FINASA BMC S.A.                                         ;U;4010;0041900004;OUTROS DEPOSITOS                                  ; 0000000000036660,52
200505;07207996;BCO FINASA BMC S.A.                                         ;U;4010;0042000006;OBRIGACOES POR OPERACOES COMPROMISSADAS           ; 0000000385868530,36
200505;07207996;BCO FINASA BMC S.A.                                         ;U;4010;0042100009;CARTEIRA PROPRIA                                  ; 0000000385868530,36
200505;07207996;BCO FINASA BMC S.A.                                         ;U;4010;0043000005;RECURSOS ACEITES CAMB,LI E HIP.,DEBENT.E SIMILARES; 0000000071434414,89
200505;07207996;BCO FINASA BMC S.A.                                         ;U;4010;0043500000;OBRIGACOES P/TITULOS E VALS.MOBILIARIOS EXTERIOR  ; 0000000071434414,89
200505;07207996;BCO FINASA BMC S.A.                                         ;U;4010;0044000004;RELACOES INTERFINANCEIRAS                         ; 0000000004460841,15
200505;07207996;BCO FINASA BMC S.A.                                         ;U;4010;0044100007;OBRIGAÇÕES JUNTO A PARTIC. DE SIST. DE LIQUIDACÃO ; 0000000004460841,15
200505;07207996;BCO FINASA BMC S.A.                                         ;U;4010;0045000003;RELACOES INTERDEPENDENCIAS                        ; 0000000000006324,77
200505;07207996;BCO FINASA BMC S.A.                                         ;U;4010;0045100006;RECURSOS EM TRANSITO DE TERCEIROS                 ; 0000000000006324,77
200505;07207996;BCO FINASA BMC S.A.                                         ;U;4010;0046000002;OBRIGACOES POR EMPRESTIMOS E REPASSES             ; 0000000215435141,91
200505;07207996;BCO FINASA BMC S.A.                                         ;U;4010;0046300001;EMPRESTIMOS NO EXTERIOR                           ; 0000000052872346,85
200505;07207996;BCO FINASA BMC S.A.                                         ;U;4010;0046400004;REPASSES DO PAIS - INSTITUICOES OFICIAIS          ; 0000000162562795,06
200505;07207996;BCO FINASA BMC S.A.                                         ;U;4010;0047000001;INSTRUMENTOS FINANCEIROS DERIVATIVOS              ; 0000000000315538,88
200505;07207996;BCO FINASA BMC S.A.                                         ;U;4010;0047100004;INSTRUMENTOS FINANCEIROS DERIVATIVOS              ; 0000000000315538,88
200505;07207996;BCO FINASA BMC S.A.                                         ;U;4010;0049000009;OUTRAS OBRIGACOES                                 ; 0000000173762339,32
200505;07207996;BCO FINASA BMC S.A.                                         ;U;4010;0049100002;COBRANCA E ARRECADACAO DE TRIBUTOS E ASSEMELHADOS ; 0000000000455306,00
200505;07207996;BCO FINASA BMC S.A.                                         ;U;4010;0049200005;CARTEIRA DE CAMBIO                                ; 0000000015567928,58
200505;07207996;BCO FINASA BMC S.A.                                         ;U;4010;0049300008;SOCIAIS E ESTATUTARIAS                            ; 0000000005699796,60
200505;07207996;BCO FINASA BMC S.A.                                         ;U;4010;0049400001;FISCAIS E PREVIDENCIARIAS                         ; 0000000110694730,56
200505;07207996;BCO FINASA BMC S.A.                                         ;U;4010;0049500004;NEGOCIACAO E INTERMEDIACAO DE VALORES             ; 0000000002527359,95
200505;07207996;BCO FINASA BMC S.A.                                         ;U;4010;0049900006;DIVERSAS                                          ; 0000000038817217,63
200505;07207996;BCO FINASA BMC S.A.                                         ;U;4010;0050000005;RESULTADOS DE EXERCICIOS FUTUROS                  ; 0000000000380911,64
200505;07207996;BCO FINASA BMC S.A.                                         ;U;4010;0051000004;RECEITAS DE EXERCICIOS FUTUROS                    ; 0000000000380911,64
200505;07207996;BCO FINASA BMC S.A.                                         ;U;4010;0051100007;RECEITAS DE EXERCICIOS FUTUROS                    ; 0000000000380911,64
200505;07207996;BCO FINASA BMC S.A.                                         ;U;4010;0060000002;PATRIMONIO LIQUIDO                                ; 0000000214876030,34
200505;07207996;BCO FINASA BMC S.A.                                         ;U;4010;0061000001;PATRIMONIO LIQUIDO                                ; 0000000214876030,34
200505;07207996;BCO FINASA BMC S.A.                                         ;U;4010;0061100004;CAPITAL SOCIAL                                    ; 0000000164822165,20
200505;07207996;BCO FINASA BMC S.A.                                         ;U;4010;0061300000;RESERVAS DE CAPITAL                               ; 0000000000228521,43
200505;07207996;BCO FINASA BMC S.A.                                         ;U;4010;0061500006;RESERVAS DE LUCROS                                ; 0000000019906780,72
200505;07207996;BCO FINASA BMC S.A.                                         ;U;4010;0061600009;AJUSTES DE AVALIACAO PATRIMONIAL                  ;-0000000000528432,07
200505;07207996;BCO FINASA BMC S.A.                                         ;U;4010;0061800005;LUCROS OU PREJUIZOS ACUMULADOS                    ; 0000000030446995,06
200505;07207996;BCO FINASA BMC S.A.                                         ;U;4010;0070000009;CONTAS DE RESULTADO CREDORAS                      ; 0000000295372110,58
200505;07207996;BCO FINASA BMC S.A.                                         ;U;4010;0071000008;RECEITAS OPERACIONAIS                             ; 0000000295058786,04
200505;07207996;BCO FINASA BMC S.A.                                         ;U;4010;0071100001;RENDAS DE OPERACOES DE CREDITO                    ; 0000000161176961,92
200505;07207996;BCO FINASA BMC S.A.                                         ;U;4010;0071300007;RENDAS DE CAMBIO                                  ; 0000000007029849,09
200505;07207996;BCO FINASA BMC S.A.                                         ;U;4010;0071400000;RENDAS DE APLICACOES INTERFINANCEIRAS DE LIQUIDEZ ; 0000000000690971,55
200505;07207996;BCO FINASA BMC S.A.                                         ;U;4010;0071500003;RENDAS COM TIT. E VAL. MOB. E INST. FINANC. DERIV.; 0000000098599227,91
200505;07207996;BCO FINASA BMC S.A.                                         ;U;4010;0071700009;RENDAS DE PRESTACAO DE SERVICOS                   ; 0000000000488910,27
200505;07207996;BCO FINASA BMC S.A.                                         ;U;4010;0071800002;RENDAS DE PARTICIPACOES                           ; 0000000007094310,55
200505;07207996;BCO FINASA BMC S.A.                                         ;U;4010;0071900005;OUTRAS RECEITAS OPERACIONAIS                      ; 0000000019978554,75
200505;07207996;BCO FINASA BMC S.A.                                         ;U;4010;0073000006;RECEITAS NAO OPERACIONAIS                         ; 0000000000263538,17
200505;07207996;BCO FINASA BMC S.A.                                         ;U;4010;0073100009;LUCROS EM TRANSACOES COM VALORES E BENS           ; 0000000000175692,46
200505;07207996;BCO FINASA BMC S.A.                                         ;U;4010;0073900003;OUTRAS RECEITAS NAO OPERACIONAIS                  ; 0000000000087845,71
200505;07207996;BCO FINASA BMC S.A.                                         ;U;4010;0078000001;RATEIO DE RESULTADOS INTERNOS                     ; 0000000000049786,37
200505;07207996;BCO FINASA BMC S.A.                                         ;U;4010;0078100004;RATEIO DE RESULTADOS INTERNOS                     ; 0000000000049786,37
200505;07207996;BCO FINASA BMC S.A.                                         ;U;4010;0080000006;(-) CONTAS DE RESULTADO DEVEDORAS                 ;-0000000287720621,34
200505;07207996;BCO FINASA BMC S.A.                                         ;U;4010;0081000005;(-) DESPESAS OPERACIONAIS                         ;-0000000278634677,23
200505;07207996;BCO FINASA BMC S.A.                                         ;U;4010;0081100008;(-) DESPESAS DE CAPTACAO                          ;-0000000070740239,52
200505;07207996;BCO FINASA BMC S.A.                                         ;U;4010;0081200001;(-) DESP DE OBRIGACOES POR EMPRESTIMOS E REPASSES ;-0000000013214723,41
200505;07207996;BCO FINASA BMC S.A.                                         ;U;4010;0081400007;(-) DESPESAS DE CAMBIO                            ;-0000000008599315,94
200505;07207996;BCO FINASA BMC S.A.                                         ;U;4010;0081500000;(-) DESP. COM TIT. E VAL. MOB. E INST. FIN. DERIV.;-0000000065912619,61
200505;07207996;BCO FINASA BMC S.A.                                         ;U;4010;0081600003;(-) DESPESAS DE PARTICIPACOES                     ;-0000000015125550,08
200505;07207996;BCO FINASA BMC S.A.                                         ;U;4010;0081700006;(-) DESPESAS ADMINISTRATIVAS                      ;-0000000027700742,45
200505;07207996;BCO FINASA BMC S.A.                                         ;U;4010;0081800009;(-) APROVISIONAMENTOS E AJUSTES PATRIMONIAIS      ;-0000000019825744,72
200505;07207996;BCO FINASA BMC S.A.                                         ;U;4010;0081900002;(-) OUTRAS DESPESAS OPERACIONAIS                  ;-0000000057515741,50
200505;07207996;BCO FINASA BMC S.A.                                         ;U;4010;0083000003;(-) DESPESAS NAO OPERACIONAIS                     ;-0000000000186814,69
200505;07207996;BCO FINASA BMC S.A.                                         ;U;4010;0083100006;(-) PREJUIZOS EM TRANSACOES COM VALORES E BENS    ;-0000000000186814,69
200505;07207996;BCO FINASA BMC S.A.                                         ;U;4010;0088000008;(-) RATEIO DE RESULTADOS INTERNOS                 ;-0000000000049786,37
200505;07207996;BCO FINASA BMC S.A.                                         ;U;4010;0088100001;(-) RATEIO DE RESULTADOS INTERNOS                 ;-0000000000049786,37
200505;07207996;BCO FINASA BMC S.A.                                         ;U;4010;0089000007;(-) APURACAO DE RESULTADO                         ;-0000000008849343,05
200505;07207996;BCO FINASA BMC S.A.                                         ;U;4010;0089400009;(-) IMPOSTO DE RENDA                              ;-0000000008849343,05
200505;07207996;BCO FINASA BMC S.A.                                         ;U;4010;0090000003;COMPENSACAO                                       ; 0000005888887316,72
200505;07207996;BCO FINASA BMC S.A.                                         ;U;4010;0090100006;COOBRIGACOES E RISCOS EM GARANTIAS PRESTADAS      ; 0000000151647770,49
200505;07207996;BCO FINASA BMC S.A.                                         ;U;4010;0090300002;TITULOS E VALORES MOBILIARIOS                     ; 0000000990192219,66
200505;07207996;BCO FINASA BMC S.A.                                         ;U;4010;0090400005;CUSTODIA DE VALORES                               ; 0000002364453297,67
200505;07207996;BCO FINASA BMC S.A.                                         ;U;4010;0090500008;COBRANCA                                          ; 0000000206722139,81
200505;07207996;BCO FINASA BMC S.A.                                         ;U;4010;0090600001;NEGOCIACAO E INTERMEDIACAO DE VALORES             ; 0000000257697936,28
200505;07207996;BCO FINASA BMC S.A.                                         ;U;4010;0090800007;CONTRATOS                                         ; 0000000017098940,00
200505;07207996;BCO FINASA BMC S.A.                                         ;U;4010;0090900000;CONTROLE                                          ; 0000001194067980,78
200505;07207996;BCO FINASA BMC S.A.                                         ;U;4010;0091000002;CLASSIFICACAO DA CARTEIRA DE CREDITOS             ; 0000000707007032,03
200505;07207996;BCO FINASA BMC S.A.                                         ;U;4010;0091100005;OPERACOES DE CREDITOS E ARRENDAMENTO MERCANTIL    ; 0000000707007032,03
200505;07207996;BCO FINASA BMC S.A.                                         ;U;4010;0099999995;TOTAL GERAL DO PASSIVO                            ; 0000007526171688,51
200505;07237373;BCO DO NORDESTE DO BRASIL S.A.                              ;U;4010;0010000007;CIRCULANTE E REALIZAVEL A LONGO PRAZO             ; 0000012799881094,88
200505;07237373;BCO DO NORDESTE DO BRASIL S.A.                              ;U;4010;0011000006;DISPONIBILIDADES                                  ; 0000000038283973,74
200505;07237373;BCO DO NORDESTE DO BRASIL S.A.                              ;U;4010;0011100009;CAIXA                                             ; 0000000035220575,43
200505;07237373;BCO DO NORDESTE DO BRASIL S.A.                              ;U;4010;0011500001;DISPONIBILIDADES EM MOEDAS ESTRANGEIRAS           ; 0000000003063398,31
200505;07237373;BCO DO NORDESTE DO BRASIL S.A.                              ;U;4010;0012000005;APLICACOES INTERFINANCEIRAS DE LIQUIDEZ           ; 0000000295550002,16
200505;07237373;BCO DO NORDESTE DO BRASIL S.A.                              ;U;4010;0012100008;APLICACOES EM OPERACOES COMPROMISSADAS            ; 0000000275000149,24
200505;07237373;BCO DO NORDESTE DO BRASIL S.A.                              ;U;4010;0012600003;APLICA OES EM MOEDAS ESTRANGEIRAS                 ; 0000000020549852,92
200505;07237373;BCO DO NORDESTE DO BRASIL S.A.                              ;U;4010;0013000004;TITULOS E VAL. MOB. E INST. FINANC. DERIVATIVOS   ; 0000008181462728,52
200505;07237373;BCO DO NORDESTE DO BRASIL S.A.                              ;U;4010;0013100007;LIVRES                                            ; 0000008174303887,79
200505;07237373;BCO DO NORDESTE DO BRASIL S.A.                              ;U;4010;0013600002;VINCULADOS A PRESTACAO DE GARANTIAS               ; 0000000007158840,73
200505;07237373;BCO DO NORDESTE DO BRASIL S.A.                              ;U;4010;0014000003;RELACOES INTERFINANCEIRAS                         ; 0000000125234448,05
200505;07237373;BCO DO NORDESTE DO BRASIL S.A.                              ;U;4010;0014100006;DIREITOS JUNTO A PARTIC. DE SISTEMAS DE LIQUIDAÇÃO; 0000000011453220,30
200505;07237373;BCO DO NORDESTE DO BRASIL S.A.                              ;U;4010;0014200009;CREDITOS VINCULADOS                               ; 0000000112942385,06
200505;07237373;BCO DO NORDESTE DO BRASIL S.A.                              ;U;4010;0014400005;RELACOES COM CORRESPONDENTES                      ; 0000000000838842,69
200505;07237373;BCO DO NORDESTE DO BRASIL S.A.                              ;U;4010;0015000002;RELACOES INTERDEPENDENCIAS                        ; 0000000000011896,18
200505;07237373;BCO DO NORDESTE DO BRASIL S.A.                              ;U;4010;0015200008;TRANSFERENCIAS INTERNAS DE RECURSOS               ; 0000000000011896,18
200505;07237373;BCO DO NORDESTE DO BRASIL S.A.                              ;U;4010;0016000001;OPERACOES DE CREDITO                              ; 0000003520322460,42
200505;07237373;BCO DO NORDESTE DO BRASIL S.A.                              ;U;4010;0016100004;EMPRESTIMOS E TITULOS DESCONTADOS                 ; 0000000376473625,11
200505;07237373;BCO DO NORDESTE DO BRASIL S.A.                              ;U;4010;0016200007;FINANCIAMENTOS                                    ; 0000001075697079,29
200505;07237373;BCO DO NORDESTE DO BRASIL S.A.                              ;U;4010;0016300000;FINANCIAMENTOS RURAIS E AGROINDUSTRIAIS           ; 0000001674635798,86
200505;07237373;BCO DO NORDESTE DO BRASIL S.A.                              ;U;4010;0016400003;FINANCIAMENTOS IMOBILIARIOS                       ; 0000000000262980,05
200505;07237373;BCO DO NORDESTE DO BRASIL S.A.                              ;U;4010;0016600009;FINANCIAMENTOS DE INFRAESTRUTURA E DESENVOLVIMENTO; 0000000774499869,42
200505;07237373;BCO DO NORDESTE DO BRASIL S.A.                              ;U;4010;0016900008;(-) PROVISOES PARA OPERACOES DE CREDITO           ;-0000000381246892,31
200505;07237373;BCO DO NORDESTE DO BRASIL S.A.                              ;U;4010;0018000009;OUTROS CREDITOS                                   ; 0000000633895485,70
200505;07237373;BCO DO NORDESTE DO BRASIL S.A.                              ;U;4010;0018100002;AVAIS E FIANCAS HONRADOS                          ; 0000000000053824,73
200505;07237373;BCO DO NORDESTE DO BRASIL S.A.                              ;U;4010;0018200005;CARTEIRA DE CAMBIO                                ; 0000000101877849,54
200505;07237373;BCO DO NORDESTE DO BRASIL S.A.                              ;U;4010;0018300008;RENDAS A RECEBER                                  ; 0000000002242600,41
200505;07237373;BCO DO NORDESTE DO BRASIL S.A.                              ;U;4010;0018500004;CREDITOS ESPECIFICOS                              ; 0000000000291241,50
200505;07237373;BCO DO NORDESTE DO BRASIL S.A.                              ;U;4010;0018800003;DIVERSOS                                          ; 0000000559669911,32
200505;07237373;BCO DO NORDESTE DO BRASIL S.A.                              ;U;4010;0018900006;(-) PROVISOES PARA OUTROS CREDITOS                ;-0000000030239941,80
200505;07237373;BCO DO NORDESTE DO BRASIL S.A.                              ;U;4010;0019000008;OUTROS VALORES E BENS                             ; 0000000005120100,11
200505;07237373;BCO DO NORDESTE DO BRASIL S.A.                              ;U;4010;0019800002;OUTROS VALORES E BENS                             ; 0000000004844051,71
200505;07237373;BCO DO NORDESTE DO BRASIL S.A.                              ;U;4010;0019900005;DESPESAS ANTECIPADAS                              ; 0000000000276048,40
200505;07237373;BCO DO NORDESTE DO BRASIL S.A.                              ;U;4010;0020000004;PERMANENTE                                        ; 0000000155549382,39
200505;07237373;BCO DO NORDESTE DO BRASIL S.A.                              ;U;4010;0021000003;INVESTIMENTOS                                     ; 0000000000755104,94
200505;07237373;BCO DO NORDESTE DO BRASIL S.A.                              ;U;4010;0021500008;ACOES E COTAS                                     ; 0000000000361851,03
200505;07237373;BCO DO NORDESTE DO BRASIL S.A.                              ;U;4010;0021900000;OUTROS INVESTIMENTOS                              ; 0000000000393253,91
200505;07237373;BCO DO NORDESTE DO BRASIL S.A.                              ;U;4010;0022000002;IMOBILIZADO DE USO                                ; 0000000149367553,60
200505;07237373;BCO DO NORDESTE DO BRASIL S.A.                              ;U;4010;0022200008;IMOBILIZACOES EM CURSO                            ; 0000000000006560,00
200505;07237373;BCO DO NORDESTE DO BRASIL S.A.                              ;U;4010;0022300001;IMOVEIS DE USO                                    ; 0000000116233577,37
200505;07237373;BCO DO NORDESTE DO BRASIL S.A.                              ;U;4010;0022400004;INSTALACOES, MOVEIS E EQUIPAMENTOS DE USO         ; 0000000016049995,00
200505;07237373;BCO DO NORDESTE DO BRASIL S.A.                              ;U;4010;0022900009;OUTROS                                            ; 0000000017077421,23
200505;07237373;BCO DO NORDESTE DO BRASIL S.A.                              ;U;4010;0024000000;DIFERIDO                                          ; 0000000005426723,85
200505;07237373;BCO DO NORDESTE DO BRASIL S.A.                              ;U;4010;0024100003;GASTOS DE ORGANIZACAO E EXPANSAO                  ; 0000000005426723,85
200505;07237373;BCO DO NORDESTE DO BRASIL S.A.                              ;U;4010;0030000001;COMPENSACAO                                       ; 0000092080506001,30
200505;07237373;BCO DO NORDESTE DO BRASIL S.A.                              ;U;4010;0030100004;COOBRIGACOES E RISCOS EM GARANTIAS PRESTADAS      ; 0000002945147826,64
200505;07237373;BCO DO NORDESTE DO BRASIL S.A.                              ;U;4010;0030300000;TITULOS E VALORES MOBILIARIOS                     ; 0000008181462728,52
200505;07237373;BCO DO NORDESTE DO BRASIL S.A.                              ;U;4010;0030400003;CUSTODIA DE VALORES                               ; 0000009833306051,33
200505;07237373;BCO DO NORDESTE DO BRASIL S.A.                              ;U;4010;0030500006;COBRANCA                                          ; 0000000204833871,20
200505;07237373;BCO DO NORDESTE DO BRASIL S.A.                              ;U;4010;0030800005;CONTRATOS                                         ; 0000002030903067,50
200505;07237373;BCO DO NORDESTE DO BRASIL S.A.                              ;U;4010;0030900008;CONTROLE                                          ; 0000064860185255,94
200505;07237373;BCO DO NORDESTE DO BRASIL S.A.                              ;U;4010;0031000000;CLASSIFICACAO DA CARTEIRA DE CREDITOS             ; 0000004024667200,17
200505;07237373;BCO DO NORDESTE DO BRASIL S.A.                              ;U;4010;0031100003;OPERACOES DE RISCO NIVEL AA                       ; 0000001805536643,77
200505;07237373;BCO DO NORDESTE DO BRASIL S.A.                              ;U;4010;0031200006;OPERACOES DE RISCO NIVEL A                        ; 0000001107351716,49
200505;07237373;BCO DO NORDESTE DO BRASIL S.A.                              ;U;4010;0031300009;OPERACOES DE RISCO NIVELB                         ; 0000000333376862,98
200505;07237373;BCO DO NORDESTE DO BRASIL S.A.                              ;U;4010;0031400002;OPERACOES DE RISCO NIVELC                         ; 0000000134962080,84
200505;07237373;BCO DO NORDESTE DO BRASIL S.A.                              ;U;4010;0031500005;OPERACOES DE RISCO NIVEL D                        ; 0000000203675223,30
200505;07237373;BCO DO NORDESTE DO BRASIL S.A.                              ;U;4010;0031600008;OPERACOES DE RISCO NIVEL E                        ; 0000000068071249,46
200505;07237373;BCO DO NORDESTE DO BRASIL S.A.                              ;U;4010;0031700001;OPERACOES DE RISCO NIVEL F                        ; 0000000036922387,82
200505;07237373;BCO DO NORDESTE DO BRASIL S.A.                              ;U;4010;0031800004;OPERACOES DE RISCO NIVEL G                        ; 0000000039374097,64
200505;07237373;BCO DO NORDESTE DO BRASIL S.A.                              ;U;4010;0031900007;OPERACOES DE RISCO NIVEL H                        ; 0000000295396937,87
200505;07237373;BCO DO NORDESTE DO BRASIL S.A.                              ;U;4010;0039999993;TOTAL GERAL DO ATIVO                              ; 0000105035936478,57
200505;07237373;BCO DO NORDESTE DO BRASIL S.A.                              ;U;4010;0040000008;CIRCULANTE EXIGIVEL A LONGO PRAZO                 ; 0000011758586964,96
200505;07237373;BCO DO NORDESTE DO BRASIL S.A.                              ;U;4010;0041000007;DEPOSITOS                                         ; 0000002840691482,64
200505;07237373;BCO DO NORDESTE DO BRASIL S.A.                              ;U;4010;0041100000;DEPOSITOS A VISTA                                 ; 0000000211105888,04
200505;07237373;BCO DO NORDESTE DO BRASIL S.A.                              ;U;4010;0041200003;DEPOSITOS DE POUPANCA                             ; 0000000386400388,22
200505;07237373;BCO DO NORDESTE DO BRASIL S.A.                              ;U;4010;0041300006;DEPOSITOS INTERFINANCEIROS                        ; 0000000072763112,51
200505;07237373;BCO DO NORDESTE DO BRASIL S.A.                              ;U;4010;0041500002;DEPOSITOS A PRAZO                                 ; 0000000662497181,36
200505;07237373;BCO DO NORDESTE DO BRASIL S.A.                              ;U;4010;0041600005;OBRIGACOES P/DEPOS ESPEC E DE FUNDOS E PROGRAMAS  ; 0000001431797598,10
200505;07237373;BCO DO NORDESTE DO BRASIL S.A.                              ;U;4010;0041800001;DEPOSITOS EM MOEDAS ESTRANGEIRAS                  ; 0000000069666473,71
200505;07237373;BCO DO NORDESTE DO BRASIL S.A.                              ;U;4010;0041900004;OUTROS DEPOSITOS                                  ; 0000000006460840,70
200505;07237373;BCO DO NORDESTE DO BRASIL S.A.                              ;U;4010;0042000006;OBRIGACOES POR OPERACOES COMPROMISSADAS           ; 0000000070142889,42
200505;07237373;BCO DO NORDESTE DO BRASIL S.A.                              ;U;4010;0042200002;CARTEIRA DE TERCEIROS                             ; 0000000070142889,42
200505;07237373;BCO DO NORDESTE DO BRASIL S.A.                              ;U;4010;0044000004;RELACOES INTERFINANCEIRAS                         ; 0000000010610771,68
200505;07237373;BCO DO NORDESTE DO BRASIL S.A.                              ;U;4010;0044100007;OBRIGAÇÕES JUNTO A PARTIC. DE SIST. DE LIQUIDACÃO ; 0000000010610771,68
200505;07237373;BCO DO NORDESTE DO BRASIL S.A.                              ;U;4010;0045000003;RELACOES INTERDEPENDENCIAS                        ; 0000000012943988,81
200505;07237373;BCO DO NORDESTE DO BRASIL S.A.                              ;U;4010;0045100006;RECURSOS EM TRANSITO DE TERCEIROS                 ; 0000000012700211,14
200505;07237373;BCO DO NORDESTE DO BRASIL S.A.                              ;U;4010;0045200009;TRANSFERENCIAS INTERNAS DE RECURSOS               ; 0000000000243777,67
200505;07237373;BCO DO NORDESTE DO BRASIL S.A.                              ;U;4010;0046000002;OBRIGACOES POR EMPRESTIMOS E REPASSES             ; 0000002626808499,94
200505;07237373;BCO DO NORDESTE DO BRASIL S.A.                              ;U;4010;0046100005;EMPRESTIMOS NO PAIS - INSTITUICOES OFICIAIS       ; 0000000094706684,20
200505;07237373;BCO DO NORDESTE DO BRASIL S.A.                              ;U;4010;0046300001;EMPRESTIMOS NO EXTERIOR                           ; 0000000137807240,37
200505;07237373;BCO DO NORDESTE DO BRASIL S.A.                              ;U;4010;0046400004;REPASSES DO PAIS - INSTITUICOES OFICIAIS          ; 0000001463214433,28
200505;07237373;BCO DO NORDESTE DO BRASIL S.A.                              ;U;4010;0046600000;REPASSES DO EXTERIOR                              ; 0000000931080142,09
200505;07237373;BCO DO NORDESTE DO BRASIL S.A.                              ;U;4010;0049000009;OUTRAS OBRIGACOES                                 ; 0000006197389332,47
200505;07237373;BCO DO NORDESTE DO BRASIL S.A.                              ;U;4010;0049100002;COBRANCA E ARRECADACAO DE TRIBUTOS E ASSEMELHADOS ; 0000000008855406,13
200505;07237373;BCO DO NORDESTE DO BRASIL S.A.                              ;U;4010;0049200005;CARTEIRA DE CAMBIO                                ; 0000000003056633,83
200505;07237373;BCO DO NORDESTE DO BRASIL S.A.                              ;U;4010;0049300008;SOCIAIS E ESTATUTARIAS                            ; 0000000000241704,13
200505;07237373;BCO DO NORDESTE DO BRASIL S.A.                              ;U;4010;0049400001;FISCAIS E PREVIDENCIARIAS                         ; 0000000742908260,40
200505;07237373;BCO DO NORDESTE DO BRASIL S.A.                              ;U;4010;0049600007;RECURSOS PARA DESTINACAO ESPECIFICA               ; 0000004166735687,75
200505;07237373;BCO DO NORDESTE DO BRASIL S.A.                              ;U;4010;0049900006;DIVERSAS                                          ; 0000001275591640,23
200505;07237373;BCO DO NORDESTE DO BRASIL S.A.                              ;U;4010;0050000005;RESULTADOS DE EXERCICIOS FUTUROS                  ; 0000000001432641,02
200505;07237373;BCO DO NORDESTE DO BRASIL S.A.                              ;U;4010;0051000004;RECEITAS DE EXERCICIOS FUTUROS                    ; 0000000001432641,02
200505;07237373;BCO DO NORDESTE DO BRASIL S.A.                              ;U;4010;0051100007;RECEITAS DE EXERCICIOS FUTUROS                    ; 0000000001432641,02
200505;07237373;BCO DO NORDESTE DO BRASIL S.A.                              ;U;4010;0060000002;PATRIMONIO LIQUIDO                                ; 0000001224327898,72
200505;07237373;BCO DO NORDESTE DO BRASIL S.A.                              ;U;4010;0061000001;PATRIMONIO LIQUIDO                                ; 0000001224327898,72
200505;07237373;BCO DO NORDESTE DO BRASIL S.A.                              ;U;4010;0061100004;CAPITAL SOCIAL                                    ; 0000001277000000,00
200505;07237373;BCO DO NORDESTE DO BRASIL S.A.                              ;U;4010;0061400003;RESERVAS DE REAVALIACAO                           ; 0000000041120906,89
200505;07237373;BCO DO NORDESTE DO BRASIL S.A.                              ;U;4010;0061500006;RESERVAS DE LUCROS                                ; 0000000000220763,16
200505;07237373;BCO DO NORDESTE DO BRASIL S.A.                              ;U;4010;0061600009;AJUSTES DE AVALIACAO PATRIMONIAL                  ; 0000000023233935,76
200505;07237373;BCO DO NORDESTE DO BRASIL S.A.                              ;U;4010;0061800005;LUCROS OU PREJUIZOS ACUMULADOS                    ;-0000000117247707,09
200505;07237373;BCO DO NORDESTE DO BRASIL S.A.                              ;U;4010;0070000009;CONTAS DE RESULTADO CREDORAS                      ; 0000001527511558,12
200505;07237373;BCO DO NORDESTE DO BRASIL S.A.                              ;U;4010;0071000008;RECEITAS OPERACIONAIS                             ; 0000001525483942,49
200505;07237373;BCO DO NORDESTE DO BRASIL S.A.                              ;U;4010;0071100001;RENDAS DE OPERACOES DE CREDITO                    ; 0000000188079150,83
200505;07237373;BCO DO NORDESTE DO BRASIL S.A.                              ;U;4010;0071300007;RENDAS DE CAMBIO                                  ; 0000000004101002,74
200505;07237373;BCO DO NORDESTE DO BRASIL S.A.                              ;U;4010;0071400000;RENDAS DE APLICACOES INTERFINANCEIRAS DE LIQUIDEZ ; 0000000015646721,50
200505;07237373;BCO DO NORDESTE DO BRASIL S.A.                              ;U;4010;0071500003;RENDAS COM TIT. E VAL. MOB. E INST. FINANC. DERIV.; 0000000560586617,43
200505;07237373;BCO DO NORDESTE DO BRASIL S.A.                              ;U;4010;0071700009;RENDAS DE PRESTACAO DE SERVICOS                   ; 0000000236949045,18
200505;07237373;BCO DO NORDESTE DO BRASIL S.A.                              ;U;4010;0071900005;OUTRAS RECEITAS OPERACIONAIS                      ; 0000000520121404,81
200505;07237373;BCO DO NORDESTE DO BRASIL S.A.                              ;U;4010;0073000006;RECEITAS NAO OPERACIONAIS                         ; 0000000002027615,63
200505;07237373;BCO DO NORDESTE DO BRASIL S.A.                              ;U;4010;0073100009;LUCROS EM TRANSACOES COM VALORES E BENS           ; 0000000000149501,04
200505;07237373;BCO DO NORDESTE DO BRASIL S.A.                              ;U;4010;0073900003;OUTRAS RECEITAS NAO OPERACIONAIS                  ; 0000000001878114,59
200505;07237373;BCO DO NORDESTE DO BRASIL S.A.                              ;U;4010;0080000006;(-) CONTAS DE RESULTADO DEVEDORAS                 ;-0000001556428585,55
200505;07237373;BCO DO NORDESTE DO BRASIL S.A.                              ;U;4010;0081000005;(-) DESPESAS OPERACIONAIS                         ;-0000001457845152,80
200505;07237373;BCO DO NORDESTE DO BRASIL S.A.                              ;U;4010;0081100008;(-) DESPESAS DE CAPTACAO                          ;-0000000134635302,00
200505;07237373;BCO DO NORDESTE DO BRASIL S.A.                              ;U;4010;0081200001;(-) DESP DE OBRIGACOES POR EMPRESTIMOS E REPASSES ;-0000000071874369,88
200505;07237373;BCO DO NORDESTE DO BRASIL S.A.                              ;U;4010;0081400007;(-) DESPESAS DE CAMBIO                            ;-0000000000349967,96
200505;07237373;BCO DO NORDESTE DO BRASIL S.A.                              ;U;4010;0081500000;(-) DESP. COM TIT. E VAL. MOB. E INST. FIN. DERIV.;-0000000022269052,26
200505;07237373;BCO DO NORDESTE DO BRASIL S.A.                              ;U;4010;0081700006;(-) DESPESAS ADMINISTRATIVAS                      ;-0000000278699425,92
200505;07237373;BCO DO NORDESTE DO BRASIL S.A.                              ;U;4010;0081800009;(-) APROVISIONAMENTOS E AJUSTES PATRIMONIAIS      ;-0000000484194084,77
200505;07237373;BCO DO NORDESTE DO BRASIL S.A.                              ;U;4010;0081900002;(-) OUTRAS DESPESAS OPERACIONAIS                  ;-0000000465822950,01
200505;07237373;BCO DO NORDESTE DO BRASIL S.A.                              ;U;4010;0083000003;(-) DESPESAS NAO OPERACIONAIS                     ;-0000000000404348,34
200505;07237373;BCO DO NORDESTE DO BRASIL S.A.                              ;U;4010;0083900000;(-) OUTRAS DESPESAS NAO OPERACIONAIS              ;-0000000000404348,34
200505;07237373;BCO DO NORDESTE DO BRASIL S.A.                              ;U;4010;0089000007;(-) APURACAO DE RESULTADO                         ;-0000000098179084,41
200505;07237373;BCO DO NORDESTE DO BRASIL S.A.                              ;U;4010;0089400009;(-) IMPOSTO DE RENDA                              ;-0000000098179084,41
200505;07237373;BCO DO NORDESTE DO BRASIL S.A.                              ;U;4010;0090000003;COMPENSACAO                                       ; 0000092080506001,30
200505;07237373;BCO DO NORDESTE DO BRASIL S.A.                              ;U;4010;0090100006;COOBRIGACOES E RISCOS EM GARANTIAS PRESTADAS      ; 0000002945147826,64
200505;07237373;BCO DO NORDESTE DO BRASIL S.A.                              ;U;4010;0090300002;TITULOS E VALORES MOBILIARIOS                     ; 0000008181462728,52
200505;07237373;BCO DO NORDESTE DO BRASIL S.A.                              ;U;4010;0090400005;CUSTODIA DE VALORES                               ; 0000009833306051,33
200505;07237373;BCO DO NORDESTE DO BRASIL S.A.                              ;U;4010;0090500008;COBRANCA                                          ; 0000000204833871,20
200505;07237373;BCO DO NORDESTE DO BRASIL S.A.                              ;U;4010;0090800007;CONTRATOS                                         ; 0000002030903067,50
200505;07237373;BCO DO NORDESTE DO BRASIL S.A.                              ;U;4010;0090900000;CONTROLE                                          ; 0000064860185255,94
200505;07237373;BCO DO NORDESTE DO BRASIL S.A.                              ;U;4010;0091000002;CLASSIFICACAO DA CARTEIRA DE CREDITOS             ; 0000004024667200,17
200505;07237373;BCO DO NORDESTE DO BRASIL S.A.                              ;U;4010;0091100005;OPERACOES DE CREDITOS E ARRENDAMENTO MERCANTIL    ; 0000004024667200,17
200505;07237373;BCO DO NORDESTE DO BRASIL S.A.                              ;U;4010;0099999995;TOTAL GERAL DO PASSIVO                            ; 0000105035936478,57
200505;07441209;BANCO MONEO S.A.                                            ;U;4010;0010000007;CIRCULANTE E REALIZAVEL A LONGO PRAZO             ; 0000000000000001,00
200505;07441209;BANCO MONEO S.A.                                            ;U;4010;0011000006;DISPONIBILIDADES                                  ; 0000000000000001,00
200505;07441209;BANCO MONEO S.A.                                            ;U;4010;0011100009;CAIXA                                             ; 0000000000000001,00
200505;07441209;BANCO MONEO S.A.                                            ;U;4010;0039999993;TOTAL GERAL DO ATIVO                              ; 0000000000000001,00
200505;07441209;BANCO MONEO S.A.                                            ;U;4010;0040000008;CIRCULANTE EXIGIVEL A LONGO PRAZO                 ; 0000000000000001,00
200505;07441209;BANCO MONEO S.A.                                            ;U;4010;0041000007;DEPOSITOS                                         ; 0000000000000001,00
200505;07441209;BANCO MONEO S.A.                                            ;U;4010;0041100000;DEPOSITOS A VISTA                                 ; 0000000000000001,00
200505;07441209;BANCO MONEO S.A.                                            ;U;4010;0070000009;CONTAS DE RESULTADO CREDORAS                      ; 0000000000000001,00
200505;07441209;BANCO MONEO S.A.                                            ;U;4010;0073000006;RECEITAS NAO OPERACIONAIS                         ; 0000000000000001,00
200505;07441209;BANCO MONEO S.A.                                            ;U;4010;0073900003;OUTRAS RECEITAS NAO OPERACIONAIS                  ; 0000000000000001,00
200505;07441209;BANCO MONEO S.A.                                            ;U;4010;0080000006;(-) CONTAS DE RESULTADO DEVEDORAS                 ;-0000000000000001,00
200505;07441209;BANCO MONEO S.A.                                            ;U;4010;0083000003;(-) DESPESAS NAO OPERACIONAIS                     ;-0000000000000001,00
200505;07441209;BANCO MONEO S.A.                                            ;U;4010;0083900000;(-) OUTRAS DESPESAS NAO OPERACIONAIS              ;-0000000000000001,00
200505;07441209;BANCO MONEO S.A.                                            ;U;4010;0099999995;TOTAL GERAL DO PASSIVO                            ; 0000000000000001,00
200505;07450604;BCO INDUSTRIAL E COMERCIAL S.A                              ;U;4010;0010000007;CIRCULANTE E REALIZAVEL A LONGO PRAZO             ; 0000003841391539,32
200505;07450604;BCO INDUSTRIAL E COMERCIAL S.A                              ;U;4010;0011000006;DISPONIBILIDADES                                  ; 0000000007675984,91
200505;07450604;BCO INDUSTRIAL E COMERCIAL S.A                              ;U;4010;0011100009;CAIXA                                             ; 0000000001413382,54
200505;07450604;BCO INDUSTRIAL E COMERCIAL S.A                              ;U;4010;0011500001;DISPONIBILIDADES EM MOEDAS ESTRANGEIRAS           ; 0000000006262602,37
200505;07450604;BCO INDUSTRIAL E COMERCIAL S.A                              ;U;4010;0012000005;APLICACOES INTERFINANCEIRAS DE LIQUIDEZ           ; 0000000014637989,58
200505;07450604;BCO INDUSTRIAL E COMERCIAL S.A                              ;U;4010;0012200001;APLICACOES EM DEPOSITOS INTERFINANCEIROS          ; 0000000013173515,00
200505;07450604;BCO INDUSTRIAL E COMERCIAL S.A                              ;U;4010;0012600003;APLICA OES EM MOEDAS ESTRANGEIRAS                 ; 0000000001464474,58
200505;07450604;BCO INDUSTRIAL E COMERCIAL S.A                              ;U;4010;0013000004;TITULOS E VAL. MOB. E INST. FINANC. DERIVATIVOS   ; 0000001294875849,58
200505;07450604;BCO INDUSTRIAL E COMERCIAL S.A                              ;U;4010;0013100007;LIVRES                                            ; 0000000346461355,78
200505;07450604;BCO INDUSTRIAL E COMERCIAL S.A                              ;U;4010;0013200000;VINCULADOS A OPERACOES COMPROMISSADAS             ; 0000000821721857,35
200505;07450604;BCO INDUSTRIAL E COMERCIAL S.A                              ;U;4010;0013300003;INSTRUMENTOS FINANCEIROS DERIVATIVOS              ; 0000000032942596,00
200505;07450604;BCO INDUSTRIAL E COMERCIAL S.A                              ;U;4010;0013600002;VINCULADOS A PRESTACAO DE GARANTIAS               ; 0000000093750040,45
200505;07450604;BCO INDUSTRIAL E COMERCIAL S.A                              ;U;4010;0014000003;RELACOES INTERFINANCEIRAS                         ; 0000000073360694,27
200505;07450604;BCO INDUSTRIAL E COMERCIAL S.A                              ;U;4010;0014100006;DIREITOS JUNTO A PARTIC. DE SISTEMAS DE LIQUIDAÇÃO; 0000000013669019,32
200505;07450604;BCO INDUSTRIAL E COMERCIAL S.A                              ;U;4010;0014200009;CREDITOS VINCULADOS                               ; 0000000057765441,46
200505;07450604;BCO INDUSTRIAL E COMERCIAL S.A                              ;U;4010;0014400005;RELACOES COM CORRESPONDENTES                      ; 0000000001926233,49
200505;07450604;BCO INDUSTRIAL E COMERCIAL S.A                              ;U;4010;0016000001;OPERACOES DE CREDITO                              ; 0000001939922248,94
200505;07450604;BCO INDUSTRIAL E COMERCIAL S.A                              ;U;4010;0016100004;EMPRESTIMOS E TITULOS DESCONTADOS                 ; 0000001594219152,41
200505;07450604;BCO INDUSTRIAL E COMERCIAL S.A                              ;U;4010;0016200007;FINANCIAMENTOS                                    ; 0000000353704538,02
200505;07450604;BCO INDUSTRIAL E COMERCIAL S.A                              ;U;4010;0016300000;FINANCIAMENTOS RURAIS E AGROINDUSTRIAIS           ; 0000000031259330,21
200505;07450604;BCO INDUSTRIAL E COMERCIAL S.A                              ;U;4010;0016400003;FINANCIAMENTOS IMOBILIARIOS                       ; 0000000008647572,77
200505;07450604;BCO INDUSTRIAL E COMERCIAL S.A                              ;U;4010;0016900008;(-) PROVISOES PARA OPERACOES DE CREDITO           ;-0000000047908344,47
200505;07450604;BCO INDUSTRIAL E COMERCIAL S.A                              ;U;4010;0018000009;OUTROS CREDITOS                                   ; 0000000489770899,57
200505;07450604;BCO INDUSTRIAL E COMERCIAL S.A                              ;U;4010;0018200005;CARTEIRA DE CAMBIO                                ; 0000000384059202,79
200505;07450604;BCO INDUSTRIAL E COMERCIAL S.A                              ;U;4010;0018300008;RENDAS A RECEBER                                  ; 0000000002115162,85
200505;07450604;BCO INDUSTRIAL E COMERCIAL S.A                              ;U;4010;0018400001;NEGOCIACAO E INTERMEDIACAO DE VALORES             ; 0000000003959822,98
200505;07450604;BCO INDUSTRIAL E COMERCIAL S.A                              ;U;4010;0018800003;DIVERSOS                                          ; 0000000103526114,53
200505;07450604;BCO INDUSTRIAL E COMERCIAL S.A                              ;U;4010;0018900006;(-) PROVISOES PARA OUTROS CREDITOS                ;-0000000003889403,58
200505;07450604;BCO INDUSTRIAL E COMERCIAL S.A                              ;U;4010;0019000008;OUTROS VALORES E BENS                             ; 0000000021147872,47
200505;07450604;BCO INDUSTRIAL E COMERCIAL S.A                              ;U;4010;0019800002;OUTROS VALORES E BENS                             ; 0000000009799847,42
200505;07450604;BCO INDUSTRIAL E COMERCIAL S.A                              ;U;4010;0019900005;DESPESAS ANTECIPADAS                              ; 0000000011348025,05
200505;07450604;BCO INDUSTRIAL E COMERCIAL S.A                              ;U;4010;0020000004;PERMANENTE                                        ; 0000000126331659,33
200505;07450604;BCO INDUSTRIAL E COMERCIAL S.A                              ;U;4010;0021000003;INVESTIMENTOS                                     ; 0000000097074778,23
200505;07450604;BCO INDUSTRIAL E COMERCIAL S.A                              ;U;4010;0021100006;INVESTIMENTOS NO EXTERIOR                         ; 0000000031804530,91
200505;07450604;BCO INDUSTRIAL E COMERCIAL S.A                              ;U;4010;0021200009;PARTICIPACOES EM COLIGADAS E CONTROLADAS NO PAIS  ; 0000000064821068,59
200505;07450604;BCO INDUSTRIAL E COMERCIAL S.A                              ;U;4010;0021300002;INVESTIMENTOS POR INCENTIVOS FISCAIS              ; 0000000000005987,75
200505;07450604;BCO INDUSTRIAL E COMERCIAL S.A                              ;U;4010;0021400005;TITULOS PATRIMONIAIS                              ; 0000000000233487,60
200505;07450604;BCO INDUSTRIAL E COMERCIAL S.A                              ;U;4010;0021900000;OUTROS INVESTIMENTOS                              ; 0000000000209703,38
200505;07450604;BCO INDUSTRIAL E COMERCIAL S.A                              ;U;4010;0022000002;IMOBILIZADO DE USO                                ; 0000000022641674,47
200505;07450604;BCO INDUSTRIAL E COMERCIAL S.A                              ;U;4010;0022200008;IMOBILIZACOES EM CURSO                            ; 0000000000830000,00
200505;07450604;BCO INDUSTRIAL E COMERCIAL S.A                              ;U;4010;0022300001;IMOVEIS DE USO                                    ; 0000000016292821,42
200505;07450604;BCO INDUSTRIAL E COMERCIAL S.A                              ;U;4010;0022400004;INSTALACOES, MOVEIS E EQUIPAMENTOS DE USO         ; 0000000001962661,73
200505;07450604;BCO INDUSTRIAL E COMERCIAL S.A                              ;U;4010;0022900009;OUTROS                                            ; 0000000003556191,32
200505;07450604;BCO INDUSTRIAL E COMERCIAL S.A                              ;U;4010;0024000000;DIFERIDO                                          ; 0000000006615206,63
200505;07450604;BCO INDUSTRIAL E COMERCIAL S.A                              ;U;4010;0024100003;GASTOS DE ORGANIZACAO E EXPANSAO                  ; 0000000006615206,63
200505;07450604;BCO INDUSTRIAL E COMERCIAL S.A                              ;U;4010;0030000001;COMPENSACAO                                       ; 0000010322504982,78
200505;07450604;BCO INDUSTRIAL E COMERCIAL S.A                              ;U;4010;0030100004;COOBRIGACOES E RISCOS EM GARANTIAS PRESTADAS      ; 0000000115003058,82
200505;07450604;BCO INDUSTRIAL E COMERCIAL S.A                              ;U;4010;0030300000;TITULOS E VALORES MOBILIARIOS                     ; 0000002659243872,16
200505;07450604;BCO INDUSTRIAL E COMERCIAL S.A                              ;U;4010;0030400003;CUSTODIA DE VALORES                               ; 0000002420179865,49
200505;07450604;BCO INDUSTRIAL E COMERCIAL S.A                              ;U;4010;0030500006;COBRANCA                                          ; 0000000590768425,15
200505;07450604;BCO INDUSTRIAL E COMERCIAL S.A                              ;U;4010;0030600009;NEGOCIACAO E INTERMEDIACAO DE VALORES             ; 0000000408759109,29
200505;07450604;BCO INDUSTRIAL E COMERCIAL S.A                              ;U;4010;0030800005;CONTRATOS                                         ; 0000000015622306,15
200505;07450604;BCO INDUSTRIAL E COMERCIAL S.A                              ;U;4010;0030900008;CONTROLE                                          ; 0000001752124104,04
200505;07450604;BCO INDUSTRIAL E COMERCIAL S.A                              ;U;4010;0031000000;CLASSIFICACAO DA CARTEIRA DE CREDITOS             ; 0000002360804241,68
200505;07450604;BCO INDUSTRIAL E COMERCIAL S.A                              ;U;4010;0031100003;OPERACOES DE RISCO NIVEL AA                       ; 0000000739598035,41
200505;07450604;BCO INDUSTRIAL E COMERCIAL S.A                              ;U;4010;0031200006;OPERACOES DE RISCO NIVEL A                        ; 0000001015383645,30
200505;07450604;BCO INDUSTRIAL E COMERCIAL S.A                              ;U;4010;0031300009;OPERACOES DE RISCO NIVELB                         ; 0000000335348266,63
200505;07450604;BCO INDUSTRIAL E COMERCIAL S.A                              ;U;4010;0031400002;OPERACOES DE RISCO NIVELC                         ; 0000000162256661,48
200505;07450604;BCO INDUSTRIAL E COMERCIAL S.A                              ;U;4010;0031500005;OPERACOES DE RISCO NIVEL D                        ; 0000000062001366,31
200505;07450604;BCO INDUSTRIAL E COMERCIAL S.A                              ;U;4010;0031600008;OPERACOES DE RISCO NIVEL E                        ; 0000000008595876,37
200505;07450604;BCO INDUSTRIAL E COMERCIAL S.A                              ;U;4010;0031700001;OPERACOES DE RISCO NIVEL F                        ; 0000000014051735,67
200505;07450604;BCO INDUSTRIAL E COMERCIAL S.A                              ;U;4010;0031800004;OPERACOES DE RISCO NIVEL G                        ; 0000000002928206,43
200505;07450604;BCO INDUSTRIAL E COMERCIAL S.A                              ;U;4010;0031900007;OPERACOES DE RISCO NIVEL H                        ; 0000000020640448,08
200505;07450604;BCO INDUSTRIAL E COMERCIAL S.A                              ;U;4010;0039999993;TOTAL GERAL DO ATIVO                              ; 0000014290228181,43
200505;07450604;BCO INDUSTRIAL E COMERCIAL S.A                              ;U;4010;0040000008;CIRCULANTE EXIGIVEL A LONGO PRAZO                 ; 0000003481956575,20
200505;07450604;BCO INDUSTRIAL E COMERCIAL S.A                              ;U;4010;0041000007;DEPOSITOS                                         ; 0000001534600704,75
200505;07450604;BCO INDUSTRIAL E COMERCIAL S.A                              ;U;4010;0041100000;DEPOSITOS A VISTA                                 ; 0000000037426445,04
200505;07450604;BCO INDUSTRIAL E COMERCIAL S.A                              ;U;4010;0041200003;DEPOSITOS DE POUPANCA                             ; 0000000061341944,26
200505;07450604;BCO INDUSTRIAL E COMERCIAL S.A                              ;U;4010;0041300006;DEPOSITOS INTERFINANCEIROS                        ; 0000000026161212,61
200505;07450604;BCO INDUSTRIAL E COMERCIAL S.A                              ;U;4010;0041500002;DEPOSITOS A PRAZO                                 ; 0000001409670854,21
200505;07450604;BCO INDUSTRIAL E COMERCIAL S.A                              ;U;4010;0041900004;OUTROS DEPOSITOS                                  ; 0000000000000248,63
200505;07450604;BCO INDUSTRIAL E COMERCIAL S.A                              ;U;4010;0042000006;OBRIGACOES POR OPERACOES COMPROMISSADAS           ; 0000000821565105,52
200505;07450604;BCO INDUSTRIAL E COMERCIAL S.A                              ;U;4010;0042100009;CARTEIRA PROPRIA                                  ; 0000000821565105,52
200505;07450604;BCO INDUSTRIAL E COMERCIAL S.A                              ;U;4010;0043000005;RECURSOS ACEITES CAMB,LI E HIP.,DEBENT.E SIMILARES; 0000000006611339,57
200505;07450604;BCO INDUSTRIAL E COMERCIAL S.A                              ;U;4010;0043500000;OBRIGACOES P/TITULOS E VALS.MOBILIARIOS EXTERIOR  ; 0000000006611339,57
200505;07450604;BCO INDUSTRIAL E COMERCIAL S.A                              ;U;4010;0044000004;RELACOES INTERFINANCEIRAS                         ; 0000000010375651,49
200505;07450604;BCO INDUSTRIAL E COMERCIAL S.A                              ;U;4010;0044100007;OBRIGAÇÕES JUNTO A PARTIC. DE SIST. DE LIQUIDACÃO ; 0000000010364642,76
200505;07450604;BCO INDUSTRIAL E COMERCIAL S.A                              ;U;4010;0044400006;RELACOES COM CORRESPONDENTES                      ; 0000000000011008,73
200505;07450604;BCO INDUSTRIAL E COMERCIAL S.A                              ;U;4010;0045000003;RELACOES INTERDEPENDENCIAS                        ; 0000000006372320,39
200505;07450604;BCO INDUSTRIAL E COMERCIAL S.A                              ;U;4010;0045100006;RECURSOS EM TRANSITO DE TERCEIROS                 ; 0000000006372320,39
200505;07450604;BCO INDUSTRIAL E COMERCIAL S.A                              ;U;4010;0046000002;OBRIGACOES POR EMPRESTIMOS E REPASSES             ; 0000000894223698,00
200505;07450604;BCO INDUSTRIAL E COMERCIAL S.A                              ;U;4010;0046300001;EMPRESTIMOS NO EXTERIOR                           ; 0000000540747174,00
200505;07450604;BCO INDUSTRIAL E COMERCIAL S.A                              ;U;4010;0046400004;REPASSES DO PAIS - INSTITUICOES OFICIAIS          ; 0000000295248637,55
200505;07450604;BCO INDUSTRIAL E COMERCIAL S.A                              ;U;4010;0046600000;REPASSES DO EXTERIOR                              ; 0000000058227886,45
200505;07450604;BCO INDUSTRIAL E COMERCIAL S.A                              ;U;4010;0047000001;INSTRUMENTOS FINANCEIROS DERIVATIVOS              ; 0000000054199186,62
200505;07450604;BCO INDUSTRIAL E COMERCIAL S.A                              ;U;4010;0047100004;INSTRUMENTOS FINANCEIROS DERIVATIVOS              ; 0000000054199186,62
200505;07450604;BCO INDUSTRIAL E COMERCIAL S.A                              ;U;4010;0049000009;OUTRAS OBRIGACOES                                 ; 0000000154008568,86
200505;07450604;BCO INDUSTRIAL E COMERCIAL S.A                              ;U;4010;0049100002;COBRANCA E ARRECADACAO DE TRIBUTOS E ASSEMELHADOS ; 0000000002836150,88
200505;07450604;BCO INDUSTRIAL E COMERCIAL S.A                              ;U;4010;0049200005;CARTEIRA DE CAMBIO                                ; 0000000061177183,04
200505;07450604;BCO INDUSTRIAL E COMERCIAL S.A                              ;U;4010;0049300008;SOCIAIS E ESTATUTARIAS                            ; 0000000001601188,54
200505;07450604;BCO INDUSTRIAL E COMERCIAL S.A                              ;U;4010;0049400001;FISCAIS E PREVIDENCIARIAS                         ; 0000000057730760,97
200505;07450604;BCO INDUSTRIAL E COMERCIAL S.A                              ;U;4010;0049900006;DIVERSAS                                          ; 0000000030663285,43
200505;07450604;BCO INDUSTRIAL E COMERCIAL S.A                              ;U;4010;0050000005;RESULTADOS DE EXERCICIOS FUTUROS                  ; 0000000012827768,80
200505;07450604;BCO INDUSTRIAL E COMERCIAL S.A                              ;U;4010;0051000004;RECEITAS DE EXERCICIOS FUTUROS                    ; 0000000012827768,80
200505;07450604;BCO INDUSTRIAL E COMERCIAL S.A                              ;U;4010;0051100007;RECEITAS DE EXERCICIOS FUTUROS                    ; 0000000012827768,80
200505;07450604;BCO INDUSTRIAL E COMERCIAL S.A                              ;U;4010;0060000002;PATRIMONIO LIQUIDO                                ; 0000000442206849,49
200505;07450604;BCO INDUSTRIAL E COMERCIAL S.A                              ;U;4010;0061000001;PATRIMONIO LIQUIDO                                ; 0000000442206849,49
200505;07450604;BCO INDUSTRIAL E COMERCIAL S.A                              ;U;4010;0061100004;CAPITAL SOCIAL                                    ; 0000000310000000,00
200505;07450604;BCO INDUSTRIAL E COMERCIAL S.A                              ;U;4010;0061300000;RESERVAS DE CAPITAL                               ; 0000000010507438,86
200505;07450604;BCO INDUSTRIAL E COMERCIAL S.A                              ;U;4010;0061500006;RESERVAS DE LUCROS                                ; 0000000122292011,52
200505;07450604;BCO INDUSTRIAL E COMERCIAL S.A                              ;U;4010;0061600009;AJUSTES DE AVALIACAO PATRIMONIAL                  ;-0000000000592600,89
200505;07450604;BCO INDUSTRIAL E COMERCIAL S.A                              ;U;4010;0070000009;CONTAS DE RESULTADO CREDORAS                      ; 0000000466586661,18
200505;07450604;BCO INDUSTRIAL E COMERCIAL S.A                              ;U;4010;0071000008;RECEITAS OPERACIONAIS                             ; 0000000466089420,04
200505;07450604;BCO INDUSTRIAL E COMERCIAL S.A                              ;U;4010;0071100001;RENDAS DE OPERACOES DE CREDITO                    ; 0000000186988003,33
200505;07450604;BCO INDUSTRIAL E COMERCIAL S.A                              ;U;4010;0071300007;RENDAS DE CAMBIO                                  ; 0000000036023901,08
200505;07450604;BCO INDUSTRIAL E COMERCIAL S.A                              ;U;4010;0071400000;RENDAS DE APLICACOES INTERFINANCEIRAS DE LIQUIDEZ ; 0000000001690782,13
200505;07450604;BCO INDUSTRIAL E COMERCIAL S.A                              ;U;4010;0071500003;RENDAS COM TIT. E VAL. MOB. E INST. FINANC. DERIV.; 0000000160172210,80
200505;07450604;BCO INDUSTRIAL E COMERCIAL S.A                              ;U;4010;0071700009;RENDAS DE PRESTACAO DE SERVICOS                   ; 0000000007889787,35
200505;07450604;BCO INDUSTRIAL E COMERCIAL S.A                              ;U;4010;0071800002;RENDAS DE PARTICIPACOES                           ; 0000000006155385,33
200505;07450604;BCO INDUSTRIAL E COMERCIAL S.A                              ;U;4010;0071900005;OUTRAS RECEITAS OPERACIONAIS                      ; 0000000067169350,02
200505;07450604;BCO INDUSTRIAL E COMERCIAL S.A                              ;U;4010;0073000006;RECEITAS NAO OPERACIONAIS                         ; 0000000000497241,14
200505;07450604;BCO INDUSTRIAL E COMERCIAL S.A                              ;U;4010;0073100009;LUCROS EM TRANSACOES COM VALORES E BENS           ; 0000000000148708,07
200505;07450604;BCO INDUSTRIAL E COMERCIAL S.A                              ;U;4010;0073900003;OUTRAS RECEITAS NAO OPERACIONAIS                  ; 0000000000348533,07
200505;07450604;BCO INDUSTRIAL E COMERCIAL S.A                              ;U;4010;0080000006;(-) CONTAS DE RESULTADO DEVEDORAS                 ;-0000000435854656,02
200505;07450604;BCO INDUSTRIAL E COMERCIAL S.A                              ;U;4010;0081000005;(-) DESPESAS OPERACIONAIS                         ;-0000000418798369,46
200505;07450604;BCO INDUSTRIAL E COMERCIAL S.A                              ;U;4010;0081100008;(-) DESPESAS DE CAPTACAO                          ;-0000000175815997,80
200505;07450604;BCO INDUSTRIAL E COMERCIAL S.A                              ;U;4010;0081200001;(-) DESP DE OBRIGACOES POR EMPRESTIMOS E REPASSES ;-0000000028092807,84
200505;07450604;BCO INDUSTRIAL E COMERCIAL S.A                              ;U;4010;0081400007;(-) DESPESAS DE CAMBIO                            ;-0000000056096846,72
200505;07450604;BCO INDUSTRIAL E COMERCIAL S.A                              ;U;4010;0081500000;(-) DESP. COM TIT. E VAL. MOB. E INST. FIN. DERIV.;-0000000059349353,71
200505;07450604;BCO INDUSTRIAL E COMERCIAL S.A                              ;U;4010;0081600003;(-) DESPESAS DE PARTICIPACOES                     ;-0000000003328366,80
200505;07450604;BCO INDUSTRIAL E COMERCIAL S.A                              ;U;4010;0081700006;(-) DESPESAS ADMINISTRATIVAS                      ;-0000000055747625,49
200505;07450604;BCO INDUSTRIAL E COMERCIAL S.A                              ;U;4010;0081800009;(-) APROVISIONAMENTOS E AJUSTES PATRIMONIAIS      ;-0000000018261353,66
200505;07450604;BCO INDUSTRIAL E COMERCIAL S.A                              ;U;4010;0081900002;(-) OUTRAS DESPESAS OPERACIONAIS                  ;-0000000022106017,44
200505;07450604;BCO INDUSTRIAL E COMERCIAL S.A                              ;U;4010;0083000003;(-) DESPESAS NAO OPERACIONAIS                     ;-0000000000150493,11
200505;07450604;BCO INDUSTRIAL E COMERCIAL S.A                              ;U;4010;0083100006;(-) PREJUIZOS EM TRANSACOES COM VALORES E BENS    ;-0000000000053212,04
200505;07450604;BCO INDUSTRIAL E COMERCIAL S.A                              ;U;4010;0083900000;(-) OUTRAS DESPESAS NAO OPERACIONAIS              ;-0000000000097281,07
200505;07450604;BCO INDUSTRIAL E COMERCIAL S.A                              ;U;4010;0089000007;(-) APURACAO DE RESULTADO                         ;-0000000016905793,45
200505;07450604;BCO INDUSTRIAL E COMERCIAL S.A                              ;U;4010;0089400009;(-) IMPOSTO DE RENDA                              ;-0000000015175289,95
200505;07450604;BCO INDUSTRIAL E COMERCIAL S.A                              ;U;4010;0089700008;(-) PARTICIPACOES NO LUCRO                        ;-0000000001730503,50
200505;07450604;BCO INDUSTRIAL E COMERCIAL S.A                              ;U;4010;0090000003;COMPENSACAO                                       ; 0000010322504982,78
200505;07450604;BCO INDUSTRIAL E COMERCIAL S.A                              ;U;4010;0090100006;COOBRIGACOES E RISCOS EM GARANTIAS PRESTADAS      ; 0000000115003058,82
200505;07450604;BCO INDUSTRIAL E COMERCIAL S.A                              ;U;4010;0090300002;TITULOS E VALORES MOBILIARIOS                     ; 0000002659243872,16
200505;07450604;BCO INDUSTRIAL E COMERCIAL S.A                              ;U;4010;0090400005;CUSTODIA DE VALORES                               ; 0000002420179865,49
200505;07450604;BCO INDUSTRIAL E COMERCIAL S.A                              ;U;4010;0090500008;COBRANCA                                          ; 0000000590768425,15
200505;07450604;BCO INDUSTRIAL E COMERCIAL S.A                              ;U;4010;0090600001;NEGOCIACAO E INTERMEDIACAO DE VALORES             ; 0000000408759109,29
200505;07450604;BCO INDUSTRIAL E COMERCIAL S.A                              ;U;4010;0090800007;CONTRATOS                                         ; 0000000015622306,15
200505;07450604;BCO INDUSTRIAL E COMERCIAL S.A                              ;U;4010;0090900000;CONTROLE                                          ; 0000001752124104,04
200505;07450604;BCO INDUSTRIAL E COMERCIAL S.A                              ;U;4010;0091000002;CLASSIFICACAO DA CARTEIRA DE CREDITOS             ; 0000002360804241,68
200505;07450604;BCO INDUSTRIAL E COMERCIAL S.A                              ;U;4010;0091100005;OPERACOES DE CREDITOS E ARRENDAMENTO MERCANTIL    ; 0000002360804241,68
200505;07450604;BCO INDUSTRIAL E COMERCIAL S.A                              ;U;4010;0099999995;TOTAL GERAL DO PASSIVO                            ; 0000014290228181,43
200505;10866788;BCO BANDEPE S.A.                                            ;U;4010;0010000007;CIRCULANTE E REALIZAVEL A LONGO PRAZO             ; 0000004042177905,15
200505;10866788;BCO BANDEPE S.A.                                            ;U;4010;0011000006;DISPONIBILIDADES                                  ; 0000000066147830,18
200505;10866788;BCO BANDEPE S.A.                                            ;U;4010;0011100009;CAIXA                                             ; 0000000064439738,05
200505;10866788;BCO BANDEPE S.A.                                            ;U;4010;0011500001;DISPONIBILIDADES EM MOEDAS ESTRANGEIRAS           ; 0000000001708092,13
200505;10866788;BCO BANDEPE S.A.                                            ;U;4010;0012000005;APLICACOES INTERFINANCEIRAS DE LIQUIDEZ           ; 0000002880551519,80
200505;10866788;BCO BANDEPE S.A.                                            ;U;4010;0012100008;APLICACOES EM OPERACOES COMPROMISSADAS            ; 0000000174999726,46
200505;10866788;BCO BANDEPE S.A.                                            ;U;4010;0012200001;APLICACOES EM DEPOSITOS INTERFINANCEIROS          ; 0000002705551793,34
200505;10866788;BCO BANDEPE S.A.                                            ;U;4010;0013000004;TITULOS E VAL. MOB. E INST. FINANC. DERIVATIVOS   ; 0000000188514178,52
200505;10866788;BCO BANDEPE S.A.                                            ;U;4010;0013100007;LIVRES                                            ; 0000000133964637,14
200505;10866788;BCO BANDEPE S.A.                                            ;U;4010;0013300003;INSTRUMENTOS FINANCEIROS DERIVATIVOS              ; 0000000009459193,73
200505;10866788;BCO BANDEPE S.A.                                            ;U;4010;0013400006;VINCULADOS AO BANCO CENTRAL                       ; 0000000042172223,01
200505;10866788;BCO BANDEPE S.A.                                            ;U;4010;0013600002;VINCULADOS A PRESTACAO DE GARANTIAS               ; 0000000002918124,64
200505;10866788;BCO BANDEPE S.A.                                            ;U;4010;0014000003;RELACOES INTERFINANCEIRAS                         ; 0000000134869769,22
200505;10866788;BCO BANDEPE S.A.                                            ;U;4010;0014100006;DIREITOS JUNTO A PARTIC. DE SISTEMAS DE LIQUIDAÇÃO; 0000000010182777,66
200505;10866788;BCO BANDEPE S.A.                                            ;U;4010;0014200009;CREDITOS VINCULADOS                               ; 0000000120573303,41
200505;10866788;BCO BANDEPE S.A.                                            ;U;4010;0014400005;RELACOES COM CORRESPONDENTES                      ; 0000000004113688,15
200505;10866788;BCO BANDEPE S.A.                                            ;U;4010;0015000002;RELACOES INTERDEPENDENCIAS                        ; 0000000000217549,61
200505;10866788;BCO BANDEPE S.A.                                            ;U;4010;0015100005;RECURSOS EM TRANSITO DE TERCEIROS                 ; 0000000000217549,61
200505;10866788;BCO BANDEPE S.A.                                            ;U;4010;0016000001;OPERACOES DE CREDITO                              ; 0000000398372687,24
200505;10866788;BCO BANDEPE S.A.                                            ;U;4010;0016100004;EMPRESTIMOS E TITULOS DESCONTADOS                 ; 0000000424659561,49
200505;10866788;BCO BANDEPE S.A.                                            ;U;4010;0016200007;FINANCIAMENTOS                                    ; 0000000006179222,56
200505;10866788;BCO BANDEPE S.A.                                            ;U;4010;0016300000;FINANCIAMENTOS RURAIS E AGROINDUSTRIAIS           ; 0000000000217326,61
200505;10866788;BCO BANDEPE S.A.                                            ;U;4010;0016900008;(-) PROVISOES PARA OPERACOES DE CREDITO           ;-0000000032683423,42
200505;10866788;BCO BANDEPE S.A.                                            ;U;4010;0018000009;OUTROS CREDITOS                                   ; 0000000372299015,94
200505;10866788;BCO BANDEPE S.A.                                            ;U;4010;0018200005;CARTEIRA DE CAMBIO                                ; 0000000000000050,09
200505;10866788;BCO BANDEPE S.A.                                            ;U;4010;0018300008;RENDAS A RECEBER                                  ; 0000000000750927,73
200505;10866788;BCO BANDEPE S.A.                                            ;U;4010;0018400001;NEGOCIACAO E INTERMEDIACAO DE VALORES             ; 0000000000000022,21
200505;10866788;BCO BANDEPE S.A.                                            ;U;4010;0018800003;DIVERSOS                                          ; 0000000371758089,38
200505;10866788;BCO BANDEPE S.A.                                            ;U;4010;0018900006;(-) PROVISOES PARA OUTROS CREDITOS                ;-0000000000210073,47
200505;10866788;BCO BANDEPE S.A.                                            ;U;4010;0019000008;OUTROS VALORES E BENS                             ; 0000000001205354,64
200505;10866788;BCO BANDEPE S.A.                                            ;U;4010;0019800002;OUTROS VALORES E BENS                             ; 0000000001205354,64
200505;10866788;BCO BANDEPE S.A.                                            ;U;4010;0020000004;PERMANENTE                                        ; 0000000035011026,90
200505;10866788;BCO BANDEPE S.A.                                            ;U;4010;0021000003;INVESTIMENTOS                                     ; 0000000000201035,55
200505;10866788;BCO BANDEPE S.A.                                            ;U;4010;0021400005;TITULOS PATRIMONIAIS                              ; 0000000000201035,55
200505;10866788;BCO BANDEPE S.A.                                            ;U;4010;0022000002;IMOBILIZADO DE USO                                ; 0000000026752936,80
200505;10866788;BCO BANDEPE S.A.                                            ;U;4010;0022200008;IMOBILIZACOES EM CURSO                            ; 0000000001042719,92
200505;10866788;BCO BANDEPE S.A.                                            ;U;4010;0022300001;IMOVEIS DE USO                                    ; 0000000014391016,35
200505;10866788;BCO BANDEPE S.A.                                            ;U;4010;0022400004;INSTALACOES, MOVEIS E EQUIPAMENTOS DE USO         ; 0000000002889008,44
200505;10866788;BCO BANDEPE S.A.                                            ;U;4010;0022900009;OUTROS                                            ; 0000000008430192,09
200505;10866788;BCO BANDEPE S.A.                                            ;U;4010;0024000000;DIFERIDO                                          ; 0000000008057054,55
200505;10866788;BCO BANDEPE S.A.                                            ;U;4010;0024100003;GASTOS DE ORGANIZACAO E EXPANSAO                  ; 0000000008057054,55
200505;10866788;BCO BANDEPE S.A.                                            ;U;4010;0030000001;COMPENSACAO                                       ; 0000004451376849,17
200505;10866788;BCO BANDEPE S.A.                                            ;U;4010;0030300000;TITULOS E VALORES MOBILIARIOS                     ; 0000000358427812,96
200505;10866788;BCO BANDEPE S.A.                                            ;U;4010;0030400003;CUSTODIA DE VALORES                               ; 0000000013854721,09
200505;10866788;BCO BANDEPE S.A.                                            ;U;4010;0030500006;COBRANCA                                          ; 0000000135781425,26
200505;10866788;BCO BANDEPE S.A.                                            ;U;4010;0030600009;NEGOCIACAO E INTERMEDIACAO DE VALORES             ; 0000000174652707,11
200505;10866788;BCO BANDEPE S.A.                                            ;U;4010;0030800005;CONTRATOS                                         ; 0000000044788300,00
200505;10866788;BCO BANDEPE S.A.                                            ;U;4010;0030900008;CONTROLE                                          ; 0000003291866753,80
200505;10866788;BCO BANDEPE S.A.                                            ;U;4010;0031000000;CLASSIFICACAO DA CARTEIRA DE CREDITOS             ; 0000000432005128,95
200505;10866788;BCO BANDEPE S.A.                                            ;U;4010;0031100003;OPERACOES DE RISCO NIVEL AA                       ; 0000000076181695,51
200505;10866788;BCO BANDEPE S.A.                                            ;U;4010;0031200006;OPERACOES DE RISCO NIVEL A                        ; 0000000234975475,44
200505;10866788;BCO BANDEPE S.A.                                            ;U;4010;0031300009;OPERACOES DE RISCO NIVELB                         ; 0000000054874157,89
200505;10866788;BCO BANDEPE S.A.                                            ;U;4010;0031400002;OPERACOES DE RISCO NIVELC                         ; 0000000025840103,65
200505;10866788;BCO BANDEPE S.A.                                            ;U;4010;0031500005;OPERACOES DE RISCO NIVEL D                        ; 0000000004606886,31
200505;10866788;BCO BANDEPE S.A.                                            ;U;4010;0031600008;OPERACOES DE RISCO NIVEL E                        ; 0000000004473335,09
200505;10866788;BCO BANDEPE S.A.                                            ;U;4010;0031700001;OPERACOES DE RISCO NIVEL F                        ; 0000000003252968,78
200505;10866788;BCO BANDEPE S.A.                                            ;U;4010;0031800004;OPERACOES DE RISCO NIVEL G                        ; 0000000002783349,64
200505;10866788;BCO BANDEPE S.A.                                            ;U;4010;0031900007;OPERACOES DE RISCO NIVEL H                        ; 0000000025017156,64
200505;10866788;BCO BANDEPE S.A.                                            ;U;4010;0039999993;TOTAL GERAL DO ATIVO                              ; 0000008528565781,22
200505;10866788;BCO BANDEPE S.A.                                            ;U;4010;0040000008;CIRCULANTE EXIGIVEL A LONGO PRAZO                 ; 0000001344100016,82
200505;10866788;BCO BANDEPE S.A.                                            ;U;4010;0041000007;DEPOSITOS                                         ; 0000000875405588,71
200505;10866788;BCO BANDEPE S.A.                                            ;U;4010;0041100000;DEPOSITOS A VISTA                                 ; 0000000176091396,30
200505;10866788;BCO BANDEPE S.A.                                            ;U;4010;0041200003;DEPOSITOS DE POUPANCA                             ; 0000000298384053,03
200505;10866788;BCO BANDEPE S.A.                                            ;U;4010;0041300006;DEPOSITOS INTERFINANCEIROS                        ; 0000000002715775,48
200505;10866788;BCO BANDEPE S.A.                                            ;U;4010;0041500002;DEPOSITOS A PRAZO                                 ; 0000000398001729,06
200505;10866788;BCO BANDEPE S.A.                                            ;U;4010;0041600005;OBRIGACOES P/DEPOS ESPEC E DE FUNDOS E PROGRAMAS  ; 0000000000105906,18
200505;10866788;BCO BANDEPE S.A.                                            ;U;4010;0041900004;OUTROS DEPOSITOS                                  ; 0000000000106728,66
200505;10866788;BCO BANDEPE S.A.                                            ;U;4010;0042000006;OBRIGACOES POR OPERACOES COMPROMISSADAS           ; 0000000157029167,80
200505;10866788;BCO BANDEPE S.A.                                            ;U;4010;0042200002;CARTEIRA DE TERCEIROS                             ; 0000000157029167,80
200505;10866788;BCO BANDEPE S.A.                                            ;U;4010;0044000004;RELACOES INTERFINANCEIRAS                         ; 0000000012502573,50
200505;10866788;BCO BANDEPE S.A.                                            ;U;4010;0044100007;OBRIGAÇÕES JUNTO A PARTIC. DE SIST. DE LIQUIDACÃO ; 0000000012502573,50
200505;10866788;BCO BANDEPE S.A.                                            ;U;4010;0045000003;RELACOES INTERDEPENDENCIAS                        ; 0000000003667060,56
200505;10866788;BCO BANDEPE S.A.                                            ;U;4010;0045100006;RECURSOS EM TRANSITO DE TERCEIROS                 ; 0000000003220076,09
200505;10866788;BCO BANDEPE S.A.                                            ;U;4010;0045200009;TRANSFERENCIAS INTERNAS DE RECURSOS               ; 0000000000446984,47
200505;10866788;BCO BANDEPE S.A.                                            ;U;4010;0046000002;OBRIGACOES POR EMPRESTIMOS E REPASSES             ; 0000000003134294,94
200505;10866788;BCO BANDEPE S.A.                                            ;U;4010;0046300001;EMPRESTIMOS NO EXTERIOR                           ; 0000000000041378,96
200505;10866788;BCO BANDEPE S.A.                                            ;U;4010;0046400004;REPASSES DO PAIS - INSTITUICOES OFICIAIS          ; 0000000003092915,98
200505;10866788;BCO BANDEPE S.A.                                            ;U;4010;0047000001;INSTRUMENTOS FINANCEIROS DERIVATIVOS              ; 0000000022897896,60
200505;10866788;BCO BANDEPE S.A.                                            ;U;4010;0047100004;INSTRUMENTOS FINANCEIROS DERIVATIVOS              ; 0000000022897896,60
200505;10866788;BCO BANDEPE S.A.                                            ;U;4010;0049000009;OUTRAS OBRIGACOES                                 ; 0000000269463434,71
200505;10866788;BCO BANDEPE S.A.                                            ;U;4010;0049100002;COBRANCA E ARRECADACAO DE TRIBUTOS E ASSEMELHADOS ; 0000000011362031,80
200505;10866788;BCO BANDEPE S.A.                                            ;U;4010;0049200005;CARTEIRA DE CAMBIO                                ; 0000000000018446,56
200505;10866788;BCO BANDEPE S.A.                                            ;U;4010;0049300008;SOCIAIS E ESTATUTARIAS                            ; 0000000075122350,86
200505;10866788;BCO BANDEPE S.A.                                            ;U;4010;0049400001;FISCAIS E PREVIDENCIARIAS                         ; 0000000042444672,02
200505;10866788;BCO BANDEPE S.A.                                            ;U;4010;0049900006;DIVERSAS                                          ; 0000000140515933,47
200505;10866788;BCO BANDEPE S.A.                                            ;U;4010;0060000002;PATRIMONIO LIQUIDO                                ; 0000002631243277,47
200505;10866788;BCO BANDEPE S.A.                                            ;U;4010;0061000001;PATRIMONIO LIQUIDO                                ; 0000002631243277,47
200505;10866788;BCO BANDEPE S.A.                                            ;U;4010;0061100004;CAPITAL SOCIAL                                    ; 0000002768414669,39
200505;10866788;BCO BANDEPE S.A.                                            ;U;4010;0061300000;RESERVAS DE CAPITAL                               ; 0000000006955280,48
200505;10866788;BCO BANDEPE S.A.                                            ;U;4010;0061400003;RESERVAS DE REAVALIACAO                           ; 0000000006116469,66
200505;10866788;BCO BANDEPE S.A.                                            ;U;4010;0061600009;AJUSTES DE AVALIACAO PATRIMONIAL                  ;-0000000000202885,85
200505;10866788;BCO BANDEPE S.A.                                            ;U;4010;0061800005;LUCROS OU PREJUIZOS ACUMULADOS                    ;-0000000150040256,21
200505;10866788;BCO BANDEPE S.A.                                            ;U;4010;0070000009;CONTAS DE RESULTADO CREDORAS                      ; 0000000515955159,68
200505;10866788;BCO BANDEPE S.A.                                            ;U;4010;0071000008;RECEITAS OPERACIONAIS                             ; 0000000514974224,78
200505;10866788;BCO BANDEPE S.A.                                            ;U;4010;0071100001;RENDAS DE OPERACOES DE CREDITO                    ; 0000000068600512,83
200505;10866788;BCO BANDEPE S.A.                                            ;U;4010;0071300007;RENDAS DE CAMBIO                                  ; 0000000000159863,88
200505;10866788;BCO BANDEPE S.A.                                            ;U;4010;0071400000;RENDAS DE APLICACOES INTERFINANCEIRAS DE LIQUIDEZ ; 0000000189459985,20
200505;10866788;BCO BANDEPE S.A.                                            ;U;4010;0071500003;RENDAS COM TIT. E VAL. MOB. E INST. FINANC. DERIV.; 0000000221162868,16
200505;10866788;BCO BANDEPE S.A.                                            ;U;4010;0071700009;RENDAS DE PRESTACAO DE SERVICOS                   ; 0000000019525716,82
200505;10866788;BCO BANDEPE S.A.                                            ;U;4010;0071900005;OUTRAS RECEITAS OPERACIONAIS                      ; 0000000016065277,89
200505;10866788;BCO BANDEPE S.A.                                            ;U;4010;0073000006;RECEITAS NAO OPERACIONAIS                         ; 0000000000770374,92
200505;10866788;BCO BANDEPE S.A.                                            ;U;4010;0073100009;LUCROS EM TRANSACOES COM VALORES E BENS           ; 0000000000020137,00
200505;10866788;BCO BANDEPE S.A.                                            ;U;4010;0073900003;OUTRAS RECEITAS NAO OPERACIONAIS                  ; 0000000000750237,92
200505;10866788;BCO BANDEPE S.A.                                            ;U;4010;0078000001;RATEIO DE RESULTADOS INTERNOS                     ; 0000000000210559,98
200505;10866788;BCO BANDEPE S.A.                                            ;U;4010;0078100004;RATEIO DE RESULTADOS INTERNOS                     ; 0000000000210559,98
200505;10866788;BCO BANDEPE S.A.                                            ;U;4010;0080000006;(-) CONTAS DE RESULTADO DEVEDORAS                 ;-0000000414109521,92
200505;10866788;BCO BANDEPE S.A.                                            ;U;4010;0081000005;(-) DESPESAS OPERACIONAIS                         ;-0000000357337693,04
200505;10866788;BCO BANDEPE S.A.                                            ;U;4010;0081100008;(-) DESPESAS DE CAPTACAO                          ;-0000000037435412,13
200505;10866788;BCO BANDEPE S.A.                                            ;U;4010;0081200001;(-) DESP DE OBRIGACOES POR EMPRESTIMOS E REPASSES ;-0000000000178434,65
200505;10866788;BCO BANDEPE S.A.                                            ;U;4010;0081400007;(-) DESPESAS DE CAMBIO                            ;-0000000000016945,53
200505;10866788;BCO BANDEPE S.A.                                            ;U;4010;0081500000;(-) DESP. COM TIT. E VAL. MOB. E INST. FIN. DERIV.;-0000000209430855,06
200505;10866788;BCO BANDEPE S.A.                                            ;U;4010;0081700006;(-) DESPESAS ADMINISTRATIVAS                      ;-0000000058580121,73
200505;10866788;BCO BANDEPE S.A.                                            ;U;4010;0081800009;(-) APROVISIONAMENTOS E AJUSTES PATRIMONIAIS      ;-0000000023731337,80
200505;10866788;BCO BANDEPE S.A.                                            ;U;4010;0081900002;(-) OUTRAS DESPESAS OPERACIONAIS                  ;-0000000027964586,14
200505;10866788;BCO BANDEPE S.A.                                            ;U;4010;0083000003;(-) DESPESAS NAO OPERACIONAIS                     ;-0000000002155936,55
200505;10866788;BCO BANDEPE S.A.                                            ;U;4010;0083100006;(-) PREJUIZOS EM TRANSACOES COM VALORES E BENS    ;-0000000000010380,75
200505;10866788;BCO BANDEPE S.A.                                            ;U;4010;0083900000;(-) OUTRAS DESPESAS NAO OPERACIONAIS              ;-0000000002145555,80
200505;10866788;BCO BANDEPE S.A.                                            ;U;4010;0088000008;(-) RATEIO DE RESULTADOS INTERNOS                 ;-0000000000210559,98
200505;10866788;BCO BANDEPE S.A.                                            ;U;4010;0088100001;(-) RATEIO DE RESULTADOS INTERNOS                 ;-0000000000210559,98
200505;10866788;BCO BANDEPE S.A.                                            ;U;4010;0089000007;(-) APURACAO DE RESULTADO                         ;-0000000054405332,35
200505;10866788;BCO BANDEPE S.A.                                            ;U;4010;0089400009;(-) IMPOSTO DE RENDA                              ;-0000000052946999,00
200505;10866788;BCO BANDEPE S.A.                                            ;U;4010;0089700008;(-) PARTICIPACOES NO LUCRO                        ;-0000000001458333,35
200505;10866788;BCO BANDEPE S.A.                                            ;U;4010;0090000003;COMPENSACAO                                       ; 0000004451376849,17
200505;10866788;BCO BANDEPE S.A.                                            ;U;4010;0090300002;TITULOS E VALORES MOBILIARIOS                     ; 0000000358427812,96
200505;10866788;BCO BANDEPE S.A.                                            ;U;4010;0090400005;CUSTODIA DE VALORES                               ; 0000000013854721,09
200505;10866788;BCO BANDEPE S.A.                                            ;U;4010;0090500008;COBRANCA                                          ; 0000000135781425,26
200505;10866788;BCO BANDEPE S.A.                                            ;U;4010;0090600001;NEGOCIACAO E INTERMEDIACAO DE VALORES             ; 0000000174652707,11
200505;10866788;BCO BANDEPE S.A.                                            ;U;4010;0090800007;CONTRATOS                                         ; 0000000044788300,00
200505;10866788;BCO BANDEPE S.A.                                            ;U;4010;0090900000;CONTROLE                                          ; 0000003291866753,80
200505;10866788;BCO BANDEPE S.A.                                            ;U;4010;0091000002;CLASSIFICACAO DA CARTEIRA DE CREDITOS             ; 0000000432005128,95
200505;10866788;BCO BANDEPE S.A.                                            ;U;4010;0091100005;OPERACOES DE CREDITOS E ARRENDAMENTO MERCANTIL    ; 0000000432005128,95
200505;10866788;BCO BANDEPE S.A.                                            ;U;4010;0099999995;TOTAL GERAL DO PASSIVO                            ; 0000008528565781,22
200505;10995587;BANCO SIMPLES S.A.                                          ;U;4010;0010000007;CIRCULANTE E REALIZAVEL A LONGO PRAZO             ; 0000000172440399,32
200505;10995587;BANCO SIMPLES S.A.                                          ;U;4010;0011000006;DISPONIBILIDADES                                  ; 0000000000054713,71
200505;10995587;BANCO SIMPLES S.A.                                          ;U;4010;0011500001;DISPONIBILIDADES EM MOEDAS ESTRANGEIRAS           ; 0000000000054713,71
200505;10995587;BANCO SIMPLES S.A.                                          ;U;4010;0012000005;APLICACOES INTERFINANCEIRAS DE LIQUIDEZ           ; 0000000028768847,23
200505;10995587;BANCO SIMPLES S.A.                                          ;U;4010;0012200001;APLICACOES EM DEPOSITOS INTERFINANCEIROS          ; 0000000028768847,23
200505;10995587;BANCO SIMPLES S.A.                                          ;U;4010;0013000004;TITULOS E VAL. MOB. E INST. FINANC. DERIVATIVOS   ; 0000000002773177,55
200505;10995587;BANCO SIMPLES S.A.                                          ;U;4010;0013100007;LIVRES                                            ; 0000000002773177,55
200505;10995587;BANCO SIMPLES S.A.                                          ;U;4010;0014000003;RELACOES INTERFINANCEIRAS                         ; 0000000002958999,20
200505;10995587;BANCO SIMPLES S.A.                                          ;U;4010;0014100006;DIREITOS JUNTO A PARTIC. DE SISTEMAS DE LIQUIDAÇÃO; 0000000000458084,94
200505;10995587;BANCO SIMPLES S.A.                                          ;U;4010;0014200009;CREDITOS VINCULADOS                               ; 0000000002500914,26
200505;10995587;BANCO SIMPLES S.A.                                          ;U;4010;0015000002;RELACOES INTERDEPENDENCIAS                        ; 0000000000045375,78
200505;10995587;BANCO SIMPLES S.A.                                          ;U;4010;0015200008;TRANSFERENCIAS INTERNAS DE RECURSOS               ; 0000000000045375,78
200505;10995587;BANCO SIMPLES S.A.                                          ;U;4010;0016000001;OPERACOES DE CREDITO                              ; 0000000068953067,49
200505;10995587;BANCO SIMPLES S.A.                                          ;U;4010;0016100004;EMPRESTIMOS E TITULOS DESCONTADOS                 ; 0000000089647715,23
200505;10995587;BANCO SIMPLES S.A.                                          ;U;4010;0016900008;(-) PROVISOES PARA OPERACOES DE CREDITO           ;-0000000020694647,74
200505;10995587;BANCO SIMPLES S.A.                                          ;U;4010;0018000009;OUTROS CREDITOS                                   ; 0000000064767716,92
200505;10995587;BANCO SIMPLES S.A.                                          ;U;4010;0018300008;RENDAS A RECEBER                                  ; 0000000000777998,56
200505;10995587;BANCO SIMPLES S.A.                                          ;U;4010;0018800003;DIVERSOS                                          ; 0000000064716357,17
200505;10995587;BANCO SIMPLES S.A.                                          ;U;4010;0018900006;(-) PROVISOES PARA OUTROS CREDITOS                ;-0000000000726638,81
200505;10995587;BANCO SIMPLES S.A.                                          ;U;4010;0019000008;OUTROS VALORES E BENS                             ; 0000000004118501,44
200505;10995587;BANCO SIMPLES S.A.                                          ;U;4010;0019900005;DESPESAS ANTECIPADAS                              ; 0000000004118501,44
200505;10995587;BANCO SIMPLES S.A.                                          ;U;4010;0020000004;PERMANENTE                                        ; 0000000013107229,87
200505;10995587;BANCO SIMPLES S.A.                                          ;U;4010;0021000003;INVESTIMENTOS                                     ; 0000000000566871,50
200505;10995587;BANCO SIMPLES S.A.                                          ;U;4010;0021300002;INVESTIMENTOS POR INCENTIVOS FISCAIS              ; 0000000000384653,19
200505;10995587;BANCO SIMPLES S.A.                                          ;U;4010;0021400005;TITULOS PATRIMONIAIS                              ; 0000000000182105,31
200505;10995587;BANCO SIMPLES S.A.                                          ;U;4010;0021900000;OUTROS INVESTIMENTOS                              ; 0000000000000113,00
200505;10995587;BANCO SIMPLES S.A.                                          ;U;4010;0022000002;IMOBILIZADO DE USO                                ; 0000000005217990,74
200505;10995587;BANCO SIMPLES S.A.                                          ;U;4010;0022300001;IMOVEIS DE USO                                    ; 0000000001742782,81
200505;10995587;BANCO SIMPLES S.A.                                          ;U;4010;0022400004;INSTALACOES, MOVEIS E EQUIPAMENTOS DE USO         ; 0000000000205800,61
200505;10995587;BANCO SIMPLES S.A.                                          ;U;4010;0022900009;OUTROS                                            ; 0000000003269407,32
200505;10995587;BANCO SIMPLES S.A.                                          ;U;4010;0024000000;DIFERIDO                                          ; 0000000007322367,63
200505;10995587;BANCO SIMPLES S.A.                                          ;U;4010;0024100003;GASTOS DE ORGANIZACAO E EXPANSAO                  ; 0000000007322367,63
200505;10995587;BANCO SIMPLES S.A.                                          ;U;4010;0030000001;COMPENSACAO                                       ; 0000000228350459,71
200505;10995587;BANCO SIMPLES S.A.                                          ;U;4010;0030100004;COOBRIGACOES E RISCOS EM GARANTIAS PRESTADAS      ; 0000000001106992,71
200505;10995587;BANCO SIMPLES S.A.                                          ;U;4010;0030300000;TITULOS E VALORES MOBILIARIOS                     ; 0000000002773177,55
200505;10995587;BANCO SIMPLES S.A.                                          ;U;4010;0030400003;CUSTODIA DE VALORES                               ; 0000000019145729,86
200505;10995587;BANCO SIMPLES S.A.                                          ;U;4010;0030900008;CONTROLE                                          ; 0000000115676844,36
200505;10995587;BANCO SIMPLES S.A.                                          ;U;4010;0031000000;CLASSIFICACAO DA CARTEIRA DE CREDITOS             ; 0000000089647715,23
200505;10995587;BANCO SIMPLES S.A.                                          ;U;4010;0031200006;OPERACOES DE RISCO NIVEL A                        ; 0000000040018642,14
200505;10995587;BANCO SIMPLES S.A.                                          ;U;4010;0031300009;OPERACOES DE RISCO NIVELB                         ; 0000000005174755,12
200505;10995587;BANCO SIMPLES S.A.                                          ;U;4010;0031400002;OPERACOES DE RISCO NIVELC                         ; 0000000003782719,78
200505;10995587;BANCO SIMPLES S.A.                                          ;U;4010;0031500005;OPERACOES DE RISCO NIVEL D                        ; 0000000017826884,90
200505;10995587;BANCO SIMPLES S.A.                                          ;U;4010;0031600008;OPERACOES DE RISCO NIVEL E                        ; 0000000003322518,62
200505;10995587;BANCO SIMPLES S.A.                                          ;U;4010;0031700001;OPERACOES DE RISCO NIVEL F                        ; 0000000002709725,48
200505;10995587;BANCO SIMPLES S.A.                                          ;U;4010;0031800004;OPERACOES DE RISCO NIVEL G                        ; 0000000002058168,72
200505;10995587;BANCO SIMPLES S.A.                                          ;U;4010;0031900007;OPERACOES DE RISCO NIVEL H                        ; 0000000014754300,47
200505;10995587;BANCO SIMPLES S.A.                                          ;U;4010;0039999993;TOTAL GERAL DO ATIVO                              ; 0000000413898088,90
200505;10995587;BANCO SIMPLES S.A.                                          ;U;4010;0040000008;CIRCULANTE EXIGIVEL A LONGO PRAZO                 ; 0000000107069408,94
200505;10995587;BANCO SIMPLES S.A.                                          ;U;4010;0041000007;DEPOSITOS                                         ; 0000000069141444,83
200505;10995587;BANCO SIMPLES S.A.                                          ;U;4010;0041100000;DEPOSITOS A VISTA                                 ; 0000000001131759,78
200505;10995587;BANCO SIMPLES S.A.                                          ;U;4010;0041300006;DEPOSITOS INTERFINANCEIROS                        ; 0000000041526699,94
200505;10995587;BANCO SIMPLES S.A.                                          ;U;4010;0041500002;DEPOSITOS A PRAZO                                 ; 0000000026482985,11
200505;10995587;BANCO SIMPLES S.A.                                          ;U;4010;0044000004;RELACOES INTERFINANCEIRAS                         ; 0000000000020913,85
200505;10995587;BANCO SIMPLES S.A.                                          ;U;4010;0044100007;OBRIGAÇÕES JUNTO A PARTIC. DE SIST. DE LIQUIDACÃO ; 0000000000020913,85
200505;10995587;BANCO SIMPLES S.A.                                          ;U;4010;0049000009;OUTRAS OBRIGACOES                                 ; 0000000037907050,26
200505;10995587;BANCO SIMPLES S.A.                                          ;U;4010;0049100002;COBRANCA E ARRECADACAO DE TRIBUTOS E ASSEMELHADOS ; 0000000000019942,09
200505;10995587;BANCO SIMPLES S.A.                                          ;U;4010;0049400001;FISCAIS E PREVIDENCIARIAS                         ; 0000000000391601,98
200505;10995587;BANCO SIMPLES S.A.                                          ;U;4010;0049900006;DIVERSAS                                          ; 0000000037495506,19
200505;10995587;BANCO SIMPLES S.A.                                          ;U;4010;0060000002;PATRIMONIO LIQUIDO                                ; 0000000080178896,77
200505;10995587;BANCO SIMPLES S.A.                                          ;U;4010;0061000001;PATRIMONIO LIQUIDO                                ; 0000000080178896,77
200505;10995587;BANCO SIMPLES S.A.                                          ;U;4010;0061100004;CAPITAL SOCIAL                                    ; 0000000060000000,00
200505;10995587;BANCO SIMPLES S.A.                                          ;U;4010;0061300000;RESERVAS DE CAPITAL                               ; 0000000001618556,37
200505;10995587;BANCO SIMPLES S.A.                                          ;U;4010;0061500006;RESERVAS DE LUCROS                                ; 0000000001546386,28
200505;10995587;BANCO SIMPLES S.A.                                          ;U;4010;0061800005;LUCROS OU PREJUIZOS ACUMULADOS                    ; 0000000017013954,12
200505;10995587;BANCO SIMPLES S.A.                                          ;U;4010;0070000009;CONTAS DE RESULTADO CREDORAS                      ; 0000000028714017,01
200505;10995587;BANCO SIMPLES S.A.                                          ;U;4010;0071000008;RECEITAS OPERACIONAIS                             ; 0000000028713822,89
200505;10995587;BANCO SIMPLES S.A.                                          ;U;4010;0071100001;RENDAS DE OPERACOES DE CREDITO                    ; 0000000020768464,52
200505;10995587;BANCO SIMPLES S.A.                                          ;U;4010;0071300007;RENDAS DE CAMBIO                                  ; 0000000000001326,76
200505;10995587;BANCO SIMPLES S.A.                                          ;U;4010;0071400000;RENDAS DE APLICACOES INTERFINANCEIRAS DE LIQUIDEZ ; 0000000002583504,74
200505;10995587;BANCO SIMPLES S.A.                                          ;U;4010;0071500003;RENDAS COM TIT. E VAL. MOB. E INST. FINANC. DERIV.; 0000000000191566,91
200505;10995587;BANCO SIMPLES S.A.                                          ;U;4010;0071700009;RENDAS DE PRESTACAO DE SERVICOS                   ; 0000000004556776,33
200505;10995587;BANCO SIMPLES S.A.                                          ;U;4010;0071900005;OUTRAS RECEITAS OPERACIONAIS                      ; 0000000000612183,63
200505;10995587;BANCO SIMPLES S.A.                                          ;U;4010;0073000006;RECEITAS NAO OPERACIONAIS                         ; 0000000000000194,12
200505;10995587;BANCO SIMPLES S.A.                                          ;U;4010;0073100009;LUCROS EM TRANSACOES COM VALORES E BENS           ; 0000000000000194,12
200505;10995587;BANCO SIMPLES S.A.                                          ;U;4010;0080000006;(-) CONTAS DE RESULTADO DEVEDORAS                 ;-0000000030414693,53
200505;10995587;BANCO SIMPLES S.A.                                          ;U;4010;0081000005;(-) DESPESAS OPERACIONAIS                         ;-0000000031282516,40
200505;10995587;BANCO SIMPLES S.A.                                          ;U;4010;0081100008;(-) DESPESAS DE CAPTACAO                          ;-0000000004926391,94
200505;10995587;BANCO SIMPLES S.A.                                          ;U;4010;0081700006;(-) DESPESAS ADMINISTRATIVAS                      ;-0000000008609601,34
200505;10995587;BANCO SIMPLES S.A.                                          ;U;4010;0081800009;(-) APROVISIONAMENTOS E AJUSTES PATRIMONIAIS      ;-0000000013493593,63
200505;10995587;BANCO SIMPLES S.A.                                          ;U;4010;0081900002;(-) OUTRAS DESPESAS OPERACIONAIS                  ;-0000000004252929,49
200505;10995587;BANCO SIMPLES S.A.                                          ;U;4010;0083000003;(-) DESPESAS NAO OPERACIONAIS                     ;-0000000000003860,81
200505;10995587;BANCO SIMPLES S.A.                                          ;U;4010;0083100006;(-) PREJUIZOS EM TRANSACOES COM VALORES E BENS    ;-0000000000001546,76
200505;10995587;BANCO SIMPLES S.A.                                          ;U;4010;0083900000;(-) OUTRAS DESPESAS NAO OPERACIONAIS              ;-0000000000002314,05
200505;10995587;BANCO SIMPLES S.A.                                          ;U;4010;0089000007;(-) APURACAO DE RESULTADO                         ; 0000000000871683,68
200505;10995587;BANCO SIMPLES S.A.                                          ;U;4010;0089400009;(-) IMPOSTO DE RENDA                              ; 0000000000871683,68
200505;10995587;BANCO SIMPLES S.A.                                          ;U;4010;0090000003;COMPENSACAO                                       ; 0000000228350459,71
200505;10995587;BANCO SIMPLES S.A.                                          ;U;4010;0090100006;COOBRIGACOES E RISCOS EM GARANTIAS PRESTADAS      ; 0000000001106992,71
200505;10995587;BANCO SIMPLES S.A.                                          ;U;4010;0090300002;TITULOS E VALORES MOBILIARIOS                     ; 0000000002773177,55
200505;10995587;BANCO SIMPLES S.A.                                          ;U;4010;0090400005;CUSTODIA DE VALORES                               ; 0000000019145729,86
200505;10995587;BANCO SIMPLES S.A.                                          ;U;4010;0090900000;CONTROLE                                          ; 0000000115676844,36
200505;10995587;BANCO SIMPLES S.A.                                          ;U;4010;0091000002;CLASSIFICACAO DA CARTEIRA DE CREDITOS             ; 0000000089647715,23
200505;10995587;BANCO SIMPLES S.A.                                          ;U;4010;0091100005;OPERACOES DE CREDITOS E ARRENDAMENTO MERCANTIL    ; 0000000089647715,23
200505;10995587;BANCO SIMPLES S.A.                                          ;U;4010;0099999995;TOTAL GERAL DO PASSIVO                            ; 0000000413898088,90
200505;13009717;BCO DO EST. DE SE S.A.                                      ;U;4010;0010000007;CIRCULANTE E REALIZAVEL A LONGO PRAZO             ; 0000001039237685,77
200505;13009717;BCO DO EST. DE SE S.A.                                      ;U;4010;0011000006;DISPONIBILIDADES                                  ; 0000000017257584,82
200505;13009717;BCO DO EST. DE SE S.A.                                      ;U;4010;0011100009;CAIXA                                             ; 0000000017257584,82
200505;13009717;BCO DO EST. DE SE S.A.                                      ;U;4010;0012000005;APLICACOES INTERFINANCEIRAS DE LIQUIDEZ           ; 0000000182138657,41
200505;13009717;BCO DO EST. DE SE S.A.                                      ;U;4010;0012100008;APLICACOES EM OPERACOES COMPROMISSADAS            ; 0000000138907083,08
200505;13009717;BCO DO EST. DE SE S.A.                                      ;U;4010;0012200001;APLICACOES EM DEPOSITOS INTERFINANCEIROS          ; 0000000043231574,33
200505;13009717;BCO DO EST. DE SE S.A.                                      ;U;4010;0013000004;TITULOS E VAL. MOB. E INST. FINANC. DERIVATIVOS   ; 0000000459524686,34
200505;13009717;BCO DO EST. DE SE S.A.                                      ;U;4010;0013100007;LIVRES                                            ; 0000000400179332,08
200505;13009717;BCO DO EST. DE SE S.A.                                      ;U;4010;0013200000;VINCULADOS A OPERACOES COMPROMISSADAS             ; 0000000058712170,38
200505;13009717;BCO DO EST. DE SE S.A.                                      ;U;4010;0013300003;INSTRUMENTOS FINANCEIROS DERIVATIVOS              ; 0000000000074169,13
200505;13009717;BCO DO EST. DE SE S.A.                                      ;U;4010;0013600002;VINCULADOS A PRESTACAO DE GARANTIAS               ; 0000000000559014,75
200505;13009717;BCO DO EST. DE SE S.A.                                      ;U;4010;0014000003;RELACOES INTERFINANCEIRAS                         ; 0000000108243365,35
200505;13009717;BCO DO EST. DE SE S.A.                                      ;U;4010;0014100006;DIREITOS JUNTO A PARTIC. DE SISTEMAS DE LIQUIDAÇÃO; 0000000008887048,83
200505;13009717;BCO DO EST. DE SE S.A.                                      ;U;4010;0014200009;CREDITOS VINCULADOS                               ; 0000000097495537,99
200505;13009717;BCO DO EST. DE SE S.A.                                      ;U;4010;0014400005;RELACOES COM CORRESPONDENTES                      ; 0000000001860778,53
200505;13009717;BCO DO EST. DE SE S.A.                                      ;U;4010;0016000001;OPERACOES DE CREDITO                              ; 0000000228382334,30
200505;13009717;BCO DO EST. DE SE S.A.                                      ;U;4010;0016100004;EMPRESTIMOS E TITULOS DESCONTADOS                 ; 0000000207813926,83
200505;13009717;BCO DO EST. DE SE S.A.                                      ;U;4010;0016200007;FINANCIAMENTOS                                    ; 0000000006701994,35
200505;13009717;BCO DO EST. DE SE S.A.                                      ;U;4010;0016300000;FINANCIAMENTOS RURAIS E AGROINDUSTRIAIS           ; 0000000023309668,38
200505;13009717;BCO DO EST. DE SE S.A.                                      ;U;4010;0016400003;FINANCIAMENTOS IMOBILIARIOS                       ; 0000000010323974,54
200505;13009717;BCO DO EST. DE SE S.A.                                      ;U;4010;0016900008;(-) PROVISOES PARA OPERACOES DE CREDITO           ;-0000000019767229,80
200505;13009717;BCO DO EST. DE SE S.A.                                      ;U;4010;0018000009;OUTROS CREDITOS                                   ; 0000000042694790,37
200505;13009717;BCO DO EST. DE SE S.A.                                      ;U;4010;0018300008;RENDAS A RECEBER                                  ; 0000000000696709,90
200505;13009717;BCO DO EST. DE SE S.A.                                      ;U;4010;0018400001;NEGOCIACAO E INTERMEDIACAO DE VALORES             ; 0000000000000959,11
200505;13009717;BCO DO EST. DE SE S.A.                                      ;U;4010;0018800003;DIVERSOS                                          ; 0000000041997121,36
200505;13009717;BCO DO EST. DE SE S.A.                                      ;U;4010;0019000008;OUTROS VALORES E BENS                             ; 0000000000996267,18
200505;13009717;BCO DO EST. DE SE S.A.                                      ;U;4010;0019800002;OUTROS VALORES E BENS                             ; 0000000000664397,90
200505;13009717;BCO DO EST. DE SE S.A.                                      ;U;4010;0019900005;DESPESAS ANTECIPADAS                              ; 0000000000331869,28
200505;13009717;BCO DO EST. DE SE S.A.                                      ;U;4010;0020000004;PERMANENTE                                        ; 0000000036940415,22
200505;13009717;BCO DO EST. DE SE S.A.                                      ;U;4010;0021000003;INVESTIMENTOS                                     ; 0000000000100000,00
200505;13009717;BCO DO EST. DE SE S.A.                                      ;U;4010;0021500008;ACOES E COTAS                                     ; 0000000000100000,00
200505;13009717;BCO DO EST. DE SE S.A.                                      ;U;4010;0022000002;IMOBILIZADO DE USO                                ; 0000000028052094,68
200505;13009717;BCO DO EST. DE SE S.A.                                      ;U;4010;0022100005;MOVEIS E EQUIPAMENTOS EM ESTOQUE                  ; 0000000000788723,43
200505;13009717;BCO DO EST. DE SE S.A.                                      ;U;4010;0022200008;IMOBILIZACOES EM CURSO                            ; 0000000000765592,92
200505;13009717;BCO DO EST. DE SE S.A.                                      ;U;4010;0022300001;IMOVEIS DE USO                                    ; 0000000011643336,51
200505;13009717;BCO DO EST. DE SE S.A.                                      ;U;4010;0022400004;INSTALACOES, MOVEIS E EQUIPAMENTOS DE USO         ; 0000000006286306,29
200505;13009717;BCO DO EST. DE SE S.A.                                      ;U;4010;0022900009;OUTROS                                            ; 0000000008568135,53
200505;13009717;BCO DO EST. DE SE S.A.                                      ;U;4010;0024000000;DIFERIDO                                          ; 0000000008788320,54
200505;13009717;BCO DO EST. DE SE S.A.                                      ;U;4010;0024100003;GASTOS DE ORGANIZACAO E EXPANSAO                  ; 0000000008788320,54
200505;13009717;BCO DO EST. DE SE S.A.                                      ;U;4010;0030000001;COMPENSACAO                                       ; 0000002941262993,75
200505;13009717;BCO DO EST. DE SE S.A.                                      ;U;4010;0030100004;COOBRIGACOES E RISCOS EM GARANTIAS PRESTADAS      ; 0000000002018398,28
200505;13009717;BCO DO EST. DE SE S.A.                                      ;U;4010;0030300000;TITULOS E VALORES MOBILIARIOS                     ; 0000000787187307,92
200505;13009717;BCO DO EST. DE SE S.A.                                      ;U;4010;0030400003;CUSTODIA DE VALORES                               ; 0000000516383553,96
200505;13009717;BCO DO EST. DE SE S.A.                                      ;U;4010;0030500006;COBRANCA                                          ; 0000000006192793,72
200505;13009717;BCO DO EST. DE SE S.A.                                      ;U;4010;0030600009;NEGOCIACAO E INTERMEDIACAO DE VALORES             ; 0000000010397889,70
200505;13009717;BCO DO EST. DE SE S.A.                                      ;U;4010;0030800005;CONTRATOS                                         ; 0000000005235043,20
200505;13009717;BCO DO EST. DE SE S.A.                                      ;U;4010;0030900008;CONTROLE                                          ; 0000001365672453,21
200505;13009717;BCO DO EST. DE SE S.A.                                      ;U;4010;0031000000;CLASSIFICACAO DA CARTEIRA DE CREDITOS             ; 0000000248175553,76
200505;13009717;BCO DO EST. DE SE S.A.                                      ;U;4010;0031100003;OPERACOES DE RISCO NIVEL AA                       ; 0000000044410865,53
200505;13009717;BCO DO EST. DE SE S.A.                                      ;U;4010;0031200006;OPERACOES DE RISCO NIVEL A                        ; 0000000146179342,26
200505;13009717;BCO DO EST. DE SE S.A.                                      ;U;4010;0031300009;OPERACOES DE RISCO NIVELB                         ; 0000000024748422,13
200505;13009717;BCO DO EST. DE SE S.A.                                      ;U;4010;0031400002;OPERACOES DE RISCO NIVELC                         ; 0000000005442826,13
200505;13009717;BCO DO EST. DE SE S.A.                                      ;U;4010;0031500005;OPERACOES DE RISCO NIVEL D                        ; 0000000003782666,85
200505;13009717;BCO DO EST. DE SE S.A.                                      ;U;4010;0031600008;OPERACOES DE RISCO NIVEL E                        ; 0000000001609229,41
200505;13009717;BCO DO EST. DE SE S.A.                                      ;U;4010;0031700001;OPERACOES DE RISCO NIVEL F                        ; 0000000004870857,41
200505;13009717;BCO DO EST. DE SE S.A.                                      ;U;4010;0031800004;OPERACOES DE RISCO NIVEL G                        ; 0000000006007480,53
200505;13009717;BCO DO EST. DE SE S.A.                                      ;U;4010;0031900007;OPERACOES DE RISCO NIVEL H                        ; 0000000011123863,51
200505;13009717;BCO DO EST. DE SE S.A.                                      ;U;4010;0039999993;TOTAL GERAL DO ATIVO                              ; 0000004017441094,74
200505;13009717;BCO DO EST. DE SE S.A.                                      ;U;4010;0040000008;CIRCULANTE EXIGIVEL A LONGO PRAZO                 ; 0000000968555358,89
200505;13009717;BCO DO EST. DE SE S.A.                                      ;U;4010;0041000007;DEPOSITOS                                         ; 0000000849671199,03
200505;13009717;BCO DO EST. DE SE S.A.                                      ;U;4010;0041100000;DEPOSITOS A VISTA                                 ; 0000000233865459,54
200505;13009717;BCO DO EST. DE SE S.A.                                      ;U;4010;0041200003;DEPOSITOS DE POUPANCA                             ; 0000000183769352,06
200505;13009717;BCO DO EST. DE SE S.A.                                      ;U;4010;0041300006;DEPOSITOS INTERFINANCEIROS                        ; 0000000025473696,53
200505;13009717;BCO DO EST. DE SE S.A.                                      ;U;4010;0041400009;DEPOSITOS SOB AVISO                               ; 0000000161102929,43
200505;13009717;BCO DO EST. DE SE S.A.                                      ;U;4010;0041500002;DEPOSITOS A PRAZO                                 ; 0000000245183133,74
200505;13009717;BCO DO EST. DE SE S.A.                                      ;U;4010;0041600005;OBRIGACOES P/DEPOS ESPEC E DE FUNDOS E PROGRAMAS  ; 0000000000231084,01
200505;13009717;BCO DO EST. DE SE S.A.                                      ;U;4010;0041900004;OUTROS DEPOSITOS                                  ; 0000000000045543,72
200505;13009717;BCO DO EST. DE SE S.A.                                      ;U;4010;0042000006;OBRIGACOES POR OPERACOES COMPROMISSADAS           ; 0000000058544159,81
200505;13009717;BCO DO EST. DE SE S.A.                                      ;U;4010;0042100009;CARTEIRA PROPRIA                                  ; 0000000058544159,81
200505;13009717;BCO DO EST. DE SE S.A.                                      ;U;4010;0044000004;RELACOES INTERFINANCEIRAS                         ; 0000000009250968,48
200505;13009717;BCO DO EST. DE SE S.A.                                      ;U;4010;0044100007;OBRIGAÇÕES JUNTO A PARTIC. DE SIST. DE LIQUIDACÃO ; 0000000009250968,48
200505;13009717;BCO DO EST. DE SE S.A.                                      ;U;4010;0045000003;RELACOES INTERDEPENDENCIAS                        ; 0000000000529889,38
200505;13009717;BCO DO EST. DE SE S.A.                                      ;U;4010;0045100006;RECURSOS EM TRANSITO DE TERCEIROS                 ; 0000000000529889,38
200505;13009717;BCO DO EST. DE SE S.A.                                      ;U;4010;0046000002;OBRIGACOES POR EMPRESTIMOS E REPASSES             ; 0000000014896544,51
200505;13009717;BCO DO EST. DE SE S.A.                                      ;U;4010;0046400004;REPASSES DO PAIS - INSTITUICOES OFICIAIS          ; 0000000014896544,51
200505;13009717;BCO DO EST. DE SE S.A.                                      ;U;4010;0047000001;INSTRUMENTOS FINANCEIROS DERIVATIVOS              ; 0000000000000316,89
200505;13009717;BCO DO EST. DE SE S.A.                                      ;U;4010;0047100004;INSTRUMENTOS FINANCEIROS DERIVATIVOS              ; 0000000000000316,89
200505;13009717;BCO DO EST. DE SE S.A.                                      ;U;4010;0049000009;OUTRAS OBRIGACOES                                 ; 0000000035662280,79
200505;13009717;BCO DO EST. DE SE S.A.                                      ;U;4010;0049100002;COBRANCA E ARRECADACAO DE TRIBUTOS E ASSEMELHADOS ; 0000000005424515,71
200505;13009717;BCO DO EST. DE SE S.A.                                      ;U;4010;0049300008;SOCIAIS E ESTATUTARIAS                            ; 0000000000914547,12
200505;13009717;BCO DO EST. DE SE S.A.                                      ;U;4010;0049400001;FISCAIS E PREVIDENCIARIAS                         ; 0000000004099193,90
200505;13009717;BCO DO EST. DE SE S.A.                                      ;U;4010;0049500004;NEGOCIACAO E INTERMEDIACAO DE VALORES             ; 0000000000172846,16
200505;13009717;BCO DO EST. DE SE S.A.                                      ;U;4010;0049900006;DIVERSAS                                          ; 0000000025051177,90
200505;13009717;BCO DO EST. DE SE S.A.                                      ;U;4010;0050000005;RESULTADOS DE EXERCICIOS FUTUROS                  ; 0000000000013068,18
200505;13009717;BCO DO EST. DE SE S.A.                                      ;U;4010;0051000004;RECEITAS DE EXERCICIOS FUTUROS                    ; 0000000000013068,18
200505;13009717;BCO DO EST. DE SE S.A.                                      ;U;4010;0051100007;RECEITAS DE EXERCICIOS FUTUROS                    ; 0000000000013068,18
200505;13009717;BCO DO EST. DE SE S.A.                                      ;U;4010;0060000002;PATRIMONIO LIQUIDO                                ; 0000000101454976,78
200505;13009717;BCO DO EST. DE SE S.A.                                      ;U;4010;0061000001;PATRIMONIO LIQUIDO                                ; 0000000101454976,78
200505;13009717;BCO DO EST. DE SE S.A.                                      ;U;4010;0061100004;CAPITAL SOCIAL                                    ; 0000000100920386,64
200505;13009717;BCO DO EST. DE SE S.A.                                      ;U;4010;0061500006;RESERVAS DE LUCROS                                ; 0000000000534590,14
200505;13009717;BCO DO EST. DE SE S.A.                                      ;U;4010;0070000009;CONTAS DE RESULTADO CREDORAS                      ; 0000000100728456,41
200505;13009717;BCO DO EST. DE SE S.A.                                      ;U;4010;0071000008;RECEITAS OPERACIONAIS                             ; 0000000099893182,47
200505;13009717;BCO DO EST. DE SE S.A.                                      ;U;4010;0071100001;RENDAS DE OPERACOES DE CREDITO                    ; 0000000039539987,76
200505;13009717;BCO DO EST. DE SE S.A.                                      ;U;4010;0071400000;RENDAS DE APLICACOES INTERFINANCEIRAS DE LIQUIDEZ ; 0000000008131250,53
200505;13009717;BCO DO EST. DE SE S.A.                                      ;U;4010;0071500003;RENDAS COM TIT. E VAL. MOB. E INST. FINANC. DERIV.; 0000000032015684,43
200505;13009717;BCO DO EST. DE SE S.A.                                      ;U;4010;0071700009;RENDAS DE PRESTACAO DE SERVICOS                   ; 0000000013118950,64
200505;13009717;BCO DO EST. DE SE S.A.                                      ;U;4010;0071900005;OUTRAS RECEITAS OPERACIONAIS                      ; 0000000007087309,11
200505;13009717;BCO DO EST. DE SE S.A.                                      ;U;4010;0073000006;RECEITAS NAO OPERACIONAIS                         ; 0000000000835273,94
200505;13009717;BCO DO EST. DE SE S.A.                                      ;U;4010;0073900003;OUTRAS RECEITAS NAO OPERACIONAIS                  ; 0000000000835273,94
200505;13009717;BCO DO EST. DE SE S.A.                                      ;U;4010;0080000006;(-) CONTAS DE RESULTADO DEVEDORAS                 ;-0000000094573759,27
200505;13009717;BCO DO EST. DE SE S.A.                                      ;U;4010;0081000005;(-) DESPESAS OPERACIONAIS                         ;-0000000091033260,63
200505;13009717;BCO DO EST. DE SE S.A.                                      ;U;4010;0081100008;(-) DESPESAS DE CAPTACAO                          ;-0000000031350358,66
200505;13009717;BCO DO EST. DE SE S.A.                                      ;U;4010;0081200001;(-) DESP DE OBRIGACOES POR EMPRESTIMOS E REPASSES ;-0000000000197290,06
200505;13009717;BCO DO EST. DE SE S.A.                                      ;U;4010;0081500000;(-) DESP. COM TIT. E VAL. MOB. E INST. FIN. DERIV.;-0000000000013666,95
200505;13009717;BCO DO EST. DE SE S.A.                                      ;U;4010;0081700006;(-) DESPESAS ADMINISTRATIVAS                      ;-0000000040957603,80
200505;13009717;BCO DO EST. DE SE S.A.                                      ;U;4010;0081800009;(-) APROVISIONAMENTOS E AJUSTES PATRIMONIAIS      ;-0000000010844475,54
200505;13009717;BCO DO EST. DE SE S.A.                                      ;U;4010;0081900002;(-) OUTRAS DESPESAS OPERACIONAIS                  ;-0000000007669865,62
200505;13009717;BCO DO EST. DE SE S.A.                                      ;U;4010;0083000003;(-) DESPESAS NAO OPERACIONAIS                     ;-0000000000599031,53
200505;13009717;BCO DO EST. DE SE S.A.                                      ;U;4010;0083900000;(-) OUTRAS DESPESAS NAO OPERACIONAIS              ;-0000000000599031,53
200505;13009717;BCO DO EST. DE SE S.A.                                      ;U;4010;0089000007;(-) APURACAO DE RESULTADO                         ;-0000000002941467,11
200505;13009717;BCO DO EST. DE SE S.A.                                      ;U;4010;0089400009;(-) IMPOSTO DE RENDA                              ;-0000000002941467,11
200505;13009717;BCO DO EST. DE SE S.A.                                      ;U;4010;0090000003;COMPENSACAO                                       ; 0000002941262993,75
200505;13009717;BCO DO EST. DE SE S.A.                                      ;U;4010;0090100006;COOBRIGACOES E RISCOS EM GARANTIAS PRESTADAS      ; 0000000002018398,28
200505;13009717;BCO DO EST. DE SE S.A.                                      ;U;4010;0090300002;TITULOS E VALORES MOBILIARIOS                     ; 0000000787187307,92
200505;13009717;BCO DO EST. DE SE S.A.                                      ;U;4010;0090400005;CUSTODIA DE VALORES                               ; 0000000516383553,96
200505;13009717;BCO DO EST. DE SE S.A.                                      ;U;4010;0090500008;COBRANCA                                          ; 0000000006192793,72
200505;13009717;BCO DO EST. DE SE S.A.                                      ;U;4010;0090600001;NEGOCIACAO E INTERMEDIACAO DE VALORES             ; 0000000010397889,70
200505;13009717;BCO DO EST. DE SE S.A.                                      ;U;4010;0090800007;CONTRATOS                                         ; 0000000005235043,20
200505;13009717;BCO DO EST. DE SE S.A.                                      ;U;4010;0090900000;CONTROLE                                          ; 0000001365672453,21
200505;13009717;BCO DO EST. DE SE S.A.                                      ;U;4010;0091000002;CLASSIFICACAO DA CARTEIRA DE CREDITOS             ; 0000000248175553,76
200505;13009717;BCO DO EST. DE SE S.A.                                      ;U;4010;0091100005;OPERACOES DE CREDITOS E ARRENDAMENTO MERCANTIL    ; 0000000248175553,76
200505;13009717;BCO DO EST. DE SE S.A.                                      ;U;4010;0099999995;TOTAL GERAL DO PASSIVO                            ; 0000004017441094,74
200505;14388334;PARANA BCO S.A.                                             ;U;4010;0010000007;CIRCULANTE E REALIZAVEL A LONGO PRAZO             ; 0000000331854353,75
200505;14388334;PARANA BCO S.A.                                             ;U;4010;0011000006;DISPONIBILIDADES                                  ; 0000000000903035,00
200505;14388334;PARANA BCO S.A.                                             ;U;4010;0011100009;CAIXA                                             ; 0000000000109148,03
200505;14388334;PARANA BCO S.A.                                             ;U;4010;0011200002;DEPOSITOS BANCARIOS                               ; 0000000000476572,20
200505;14388334;PARANA BCO S.A.                                             ;U;4010;0011300005;RESERVAS LIVRES                                   ; 0000000000312234,78
200505;14388334;PARANA BCO S.A.                                             ;U;4010;0011500001;DISPONIBILIDADES EM MOEDAS ESTRANGEIRAS           ; 0000000000005079,99
200505;14388334;PARANA BCO S.A.                                             ;U;4010;0012000005;APLICACOES INTERFINANCEIRAS DE LIQUIDEZ           ; 0000000008767191,67
200505;14388334;PARANA BCO S.A.                                             ;U;4010;0012100008;APLICACOES EM OPERACOES COMPROMISSADAS            ; 0000000006300540,34
200505;14388334;PARANA BCO S.A.                                             ;U;4010;0012200001;APLICACOES EM DEPOSITOS INTERFINANCEIROS          ; 0000000002466651,33
200505;14388334;PARANA BCO S.A.                                             ;U;4010;0013000004;TITULOS E VAL. MOB. E INST. FINANC. DERIVATIVOS   ; 0000000031497904,71
200505;14388334;PARANA BCO S.A.                                             ;U;4010;0013100007;LIVRES                                            ; 0000000016359786,32
200505;14388334;PARANA BCO S.A.                                             ;U;4010;0013200000;VINCULADOS A OPERACOES COMPROMISSADAS             ; 0000000015138118,39
200505;14388334;PARANA BCO S.A.                                             ;U;4010;0014000003;RELACOES INTERFINANCEIRAS                         ; 0000000000323369,79
200505;14388334;PARANA BCO S.A.                                             ;U;4010;0014100006;DIREITOS JUNTO A PARTIC. DE SISTEMAS DE LIQUIDAÇÃO; 0000000000323369,79
200505;14388334;PARANA BCO S.A.                                             ;U;4010;0016000001;OPERACOES DE CREDITO                              ; 0000000280734084,52
200505;14388334;PARANA BCO S.A.                                             ;U;4010;0016100004;EMPRESTIMOS E TITULOS DESCONTADOS                 ; 0000000293884640,08
200505;14388334;PARANA BCO S.A.                                             ;U;4010;0016900008;(-) PROVISOES PARA OPERACOES DE CREDITO           ;-0000000013150555,56
200505;14388334;PARANA BCO S.A.                                             ;U;4010;0018000009;OUTROS CREDITOS                                   ; 0000000009513249,68
200505;14388334;PARANA BCO S.A.                                             ;U;4010;0018300008;RENDAS A RECEBER                                  ; 0000000000000099,96
200505;14388334;PARANA BCO S.A.                                             ;U;4010;0018800003;DIVERSOS                                          ; 0000000009607412,14
200505;14388334;PARANA BCO S.A.                                             ;U;4010;0018900006;(-) PROVISOES PARA OUTROS CREDITOS                ;-0000000000094262,42
200505;14388334;PARANA BCO S.A.                                             ;U;4010;0019000008;OUTROS VALORES E BENS                             ; 0000000000115518,38
200505;14388334;PARANA BCO S.A.                                             ;U;4010;0019800002;OUTROS VALORES E BENS                             ; 0000000000089096,11
200505;14388334;PARANA BCO S.A.                                             ;U;4010;0019900005;DESPESAS ANTECIPADAS                              ; 0000000000026422,27
200505;14388334;PARANA BCO S.A.                                             ;U;4010;0020000004;PERMANENTE                                        ; 0000000036929464,68
200505;14388334;PARANA BCO S.A.                                             ;U;4010;0021000003;INVESTIMENTOS                                     ; 0000000036331950,14
200505;14388334;PARANA BCO S.A.                                             ;U;4010;0021200009;PARTICIPACOES EM COLIGADAS E CONTROLADAS NO PAIS  ; 0000000036095744,00
200505;14388334;PARANA BCO S.A.                                             ;U;4010;0021400005;TITULOS PATRIMONIAIS                              ; 0000000000182105,31
200505;14388334;PARANA BCO S.A.                                             ;U;4010;0021500008;ACOES E COTAS                                     ; 0000000000007703,07
200505;14388334;PARANA BCO S.A.                                             ;U;4010;0021900000;OUTROS INVESTIMENTOS                              ; 0000000000046397,76
200505;14388334;PARANA BCO S.A.                                             ;U;4010;0022000002;IMOBILIZADO DE USO                                ; 0000000000469440,03
200505;14388334;PARANA BCO S.A.                                             ;U;4010;0022400004;INSTALACOES, MOVEIS E EQUIPAMENTOS DE USO         ; 0000000000284660,42
200505;14388334;PARANA BCO S.A.                                             ;U;4010;0022900009;OUTROS                                            ; 0000000000184779,61
200505;14388334;PARANA BCO S.A.                                             ;U;4010;0024000000;DIFERIDO                                          ; 0000000000128074,51
200505;14388334;PARANA BCO S.A.                                             ;U;4010;0024100003;GASTOS DE ORGANIZACAO E EXPANSAO                  ; 0000000000128074,51
200505;14388334;PARANA BCO S.A.                                             ;U;4010;0030000001;COMPENSACAO                                       ; 0000001686054551,44
200505;14388334;PARANA BCO S.A.                                             ;U;4010;0030100004;COOBRIGACOES E RISCOS EM GARANTIAS PRESTADAS      ; 0000000033103556,80
200505;14388334;PARANA BCO S.A.                                             ;U;4010;0030300000;TITULOS E VALORES MOBILIARIOS                     ; 0000000060545758,90
200505;14388334;PARANA BCO S.A.                                             ;U;4010;0030400003;CUSTODIA DE VALORES                               ; 0000000208714598,81
200505;14388334;PARANA BCO S.A.                                             ;U;4010;0030500006;COBRANCA                                          ; 0000000142835678,76
200505;14388334;PARANA BCO S.A.                                             ;U;4010;0030600009;NEGOCIACAO E INTERMEDIACAO DE VALORES             ; 0000000009329242,03
200505;14388334;PARANA BCO S.A.                                             ;U;4010;0030800005;CONTRATOS                                         ; 0000000006910288,35
200505;14388334;PARANA BCO S.A.                                             ;U;4010;0030900008;CONTROLE                                          ; 0000000930730787,71
200505;14388334;PARANA BCO S.A.                                             ;U;4010;0031000000;CLASSIFICACAO DA CARTEIRA DE CREDITOS             ; 0000000293884640,08
200505;14388334;PARANA BCO S.A.                                             ;U;4010;0031200006;OPERACOES DE RISCO NIVEL A                        ; 0000000231605775,39
200505;14388334;PARANA BCO S.A.                                             ;U;4010;0031300009;OPERACOES DE RISCO NIVELB                         ; 0000000023512070,74
200505;14388334;PARANA BCO S.A.                                             ;U;4010;0031400002;OPERACOES DE RISCO NIVELC                         ; 0000000019128534,62
200505;14388334;PARANA BCO S.A.                                             ;U;4010;0031500005;OPERACOES DE RISCO NIVEL D                        ; 0000000004546812,33
200505;14388334;PARANA BCO S.A.                                             ;U;4010;0031600008;OPERACOES DE RISCO NIVEL E                        ; 0000000003484644,64
200505;14388334;PARANA BCO S.A.                                             ;U;4010;0031700001;OPERACOES DE RISCO NIVEL F                        ; 0000000002888239,96
200505;14388334;PARANA BCO S.A.                                             ;U;4010;0031800004;OPERACOES DE RISCO NIVEL G                        ; 0000000001594610,36
200505;14388334;PARANA BCO S.A.                                             ;U;4010;0031900007;OPERACOES DE RISCO NIVEL H                        ; 0000000007123952,04
200505;14388334;PARANA BCO S.A.                                             ;U;4010;0039999993;TOTAL GERAL DO ATIVO                              ; 0000002054838369,87
200505;14388334;PARANA BCO S.A.                                             ;U;4010;0040000008;CIRCULANTE EXIGIVEL A LONGO PRAZO                 ; 0000000282164186,48
200505;14388334;PARANA BCO S.A.                                             ;U;4010;0041000007;DEPOSITOS                                         ; 0000000218963893,07
200505;14388334;PARANA BCO S.A.                                             ;U;4010;0041100000;DEPOSITOS A VISTA                                 ; 0000000004738164,77
200505;14388334;PARANA BCO S.A.                                             ;U;4010;0041300006;DEPOSITOS INTERFINANCEIROS                        ; 0000000019394966,61
200505;14388334;PARANA BCO S.A.                                             ;U;4010;0041500002;DEPOSITOS A PRAZO                                 ; 0000000194827890,06
200505;14388334;PARANA BCO S.A.                                             ;U;4010;0041900004;OUTROS DEPOSITOS                                  ; 0000000000002871,63
200505;14388334;PARANA BCO S.A.                                             ;U;4010;0042000006;OBRIGACOES POR OPERACOES COMPROMISSADAS           ; 0000000015118841,24
200505;14388334;PARANA BCO S.A.                                             ;U;4010;0042100009;CARTEIRA PROPRIA                                  ; 0000000015118841,24
200505;14388334;PARANA BCO S.A.                                             ;U;4010;0043000005;RECURSOS ACEITES CAMB,LI E HIP.,DEBENT.E SIMILARES; 0000000023639913,00
200505;14388334;PARANA BCO S.A.                                             ;U;4010;0043500000;OBRIGACOES P/TITULOS E VALS.MOBILIARIOS EXTERIOR  ; 0000000023639913,00
200505;14388334;PARANA BCO S.A.                                             ;U;4010;0044000004;RELACOES INTERFINANCEIRAS                         ; 0000000001117936,43
200505;14388334;PARANA BCO S.A.                                             ;U;4010;0044100007;OBRIGAÇÕES JUNTO A PARTIC. DE SIST. DE LIQUIDACÃO ; 0000000001117936,43
200505;14388334;PARANA BCO S.A.                                             ;U;4010;0047000001;INSTRUMENTOS FINANCEIROS DERIVATIVOS              ; 0000000000519099,33
200505;14388334;PARANA BCO S.A.                                             ;U;4010;0047100004;INSTRUMENTOS FINANCEIROS DERIVATIVOS              ; 0000000000519099,33
200505;14388334;PARANA BCO S.A.                                             ;U;4010;0049000009;OUTRAS OBRIGACOES                                 ; 0000000022804503,41
200505;14388334;PARANA BCO S.A.                                             ;U;4010;0049100002;COBRANCA E ARRECADACAO DE TRIBUTOS E ASSEMELHADOS ; 0000000000132016,90
200505;14388334;PARANA BCO S.A.                                             ;U;4010;0049400001;FISCAIS E PREVIDENCIARIAS                         ; 0000000010439162,24
200505;14388334;PARANA BCO S.A.                                             ;U;4010;0049900006;DIVERSAS                                          ; 0000000012233324,27
200505;14388334;PARANA BCO S.A.                                             ;U;4010;0050000005;RESULTADOS DE EXERCICIOS FUTUROS                  ; 0000000000000037,95
200505;14388334;PARANA BCO S.A.                                             ;U;4010;0051000004;RECEITAS DE EXERCICIOS FUTUROS                    ; 0000000000000037,95
200505;14388334;PARANA BCO S.A.                                             ;U;4010;0051100007;RECEITAS DE EXERCICIOS FUTUROS                    ; 0000000000000037,95
200505;14388334;PARANA BCO S.A.                                             ;U;4010;0060000002;PATRIMONIO LIQUIDO                                ; 0000000069015193,54
200505;14388334;PARANA BCO S.A.                                             ;U;4010;0061000001;PATRIMONIO LIQUIDO                                ; 0000000069015193,54
200505;14388334;PARANA BCO S.A.                                             ;U;4010;0061100004;CAPITAL SOCIAL                                    ; 0000000031800000,00
200505;14388334;PARANA BCO S.A.                                             ;U;4010;0061300000;RESERVAS DE CAPITAL                               ; 0000000000067565,31
200505;14388334;PARANA BCO S.A.                                             ;U;4010;0061500006;RESERVAS DE LUCROS                                ; 0000000042669509,55
200505;14388334;PARANA BCO S.A.                                             ;U;4010;0061600009;AJUSTES DE AVALIACAO PATRIMONIAL                  ;-0000000000021881,32
200505;14388334;PARANA BCO S.A.                                             ;U;4010;0061800005;LUCROS OU PREJUIZOS ACUMULADOS                    ;-0000000005500000,00
200505;14388334;PARANA BCO S.A.                                             ;U;4010;0070000009;CONTAS DE RESULTADO CREDORAS                      ; 0000000074406518,97
200505;14388334;PARANA BCO S.A.                                             ;U;4010;0071000008;RECEITAS OPERACIONAIS                             ; 0000000074406518,97
200505;14388334;PARANA BCO S.A.                                             ;U;4010;0071100001;RENDAS DE OPERACOES DE CREDITO                    ; 0000000060282163,07
200505;14388334;PARANA BCO S.A.                                             ;U;4010;0071400000;RENDAS DE APLICACOES INTERFINANCEIRAS DE LIQUIDEZ ; 0000000001736410,55
200505;14388334;PARANA BCO S.A.                                             ;U;4010;0071500003;RENDAS COM TIT. E VAL. MOB. E INST. FINANC. DERIV.; 0000000002528452,22
200505;14388334;PARANA BCO S.A.                                             ;U;4010;0071700009;RENDAS DE PRESTACAO DE SERVICOS                   ; 0000000004425409,28
200505;14388334;PARANA BCO S.A.                                             ;U;4010;0071800002;RENDAS DE PARTICIPACOES                           ; 0000000002664711,32
200505;14388334;PARANA BCO S.A.                                             ;U;4010;0071900005;OUTRAS RECEITAS OPERACIONAIS                      ; 0000000002769372,53
200505;14388334;PARANA BCO S.A.                                             ;U;4010;0080000006;(-) CONTAS DE RESULTADO DEVEDORAS                 ;-0000000056802118,51
200505;14388334;PARANA BCO S.A.                                             ;U;4010;0081000005;(-) DESPESAS OPERACIONAIS                         ;-0000000048963822,55
200505;14388334;PARANA BCO S.A.                                             ;U;4010;0081100008;(-) DESPESAS DE CAPTACAO                          ;-0000000017231522,60
200505;14388334;PARANA BCO S.A.                                             ;U;4010;0081500000;(-) DESP. COM TIT. E VAL. MOB. E INST. FIN. DERIV.;-0000000000519198,12
200505;14388334;PARANA BCO S.A.                                             ;U;4010;0081700006;(-) DESPESAS ADMINISTRATIVAS                      ;-0000000023168088,01
200505;14388334;PARANA BCO S.A.                                             ;U;4010;0081800009;(-) APROVISIONAMENTOS E AJUSTES PATRIMONIAIS      ;-0000000005080758,89
200505;14388334;PARANA BCO S.A.                                             ;U;4010;0081900002;(-) OUTRAS DESPESAS OPERACIONAIS                  ;-0000000002964254,93
200505;14388334;PARANA BCO S.A.                                             ;U;4010;0083000003;(-) DESPESAS NAO OPERACIONAIS                     ;-0000000000000511,76
200505;14388334;PARANA BCO S.A.                                             ;U;4010;0083100006;(-) PREJUIZOS EM TRANSACOES COM VALORES E BENS    ;-0000000000000511,76
200505;14388334;PARANA BCO S.A.                                             ;U;4010;0089000007;(-) APURACAO DE RESULTADO                         ;-0000000007837784,20
200505;14388334;PARANA BCO S.A.                                             ;U;4010;0089400009;(-) IMPOSTO DE RENDA                              ;-0000000007837784,20
200505;14388334;PARANA BCO S.A.                                             ;U;4010;0090000003;COMPENSACAO                                       ; 0000001686054551,44
200505;14388334;PARANA BCO S.A.                                             ;U;4010;0090100006;COOBRIGACOES E RISCOS EM GARANTIAS PRESTADAS      ; 0000000033103556,80
200505;14388334;PARANA BCO S.A.                                             ;U;4010;0090300002;TITULOS E VALORES MOBILIARIOS                     ; 0000000060545758,90
200505;14388334;PARANA BCO S.A.                                             ;U;4010;0090400005;CUSTODIA DE VALORES                               ; 0000000208714598,81
200505;14388334;PARANA BCO S.A.                                             ;U;4010;0090500008;COBRANCA                                          ; 0000000142835678,76
200505;14388334;PARANA BCO S.A.                                             ;U;4010;0090600001;NEGOCIACAO E INTERMEDIACAO DE VALORES             ; 0000000009329242,03
200505;14388334;PARANA BCO S.A.                                             ;U;4010;0090800007;CONTRATOS                                         ; 0000000006910288,35
200505;14388334;PARANA BCO S.A.                                             ;U;4010;0090900000;CONTROLE                                          ; 0000000930730787,71
200505;14388334;PARANA BCO S.A.                                             ;U;4010;0091000002;CLASSIFICACAO DA CARTEIRA DE CREDITOS             ; 0000000293884640,08
200505;14388334;PARANA BCO S.A.                                             ;U;4010;0091100005;OPERACOES DE CREDITOS E ARRENDAMENTO MERCANTIL    ; 0000000293884640,08
200505;14388334;PARANA BCO S.A.                                             ;U;4010;0099999995;TOTAL GERAL DO PASSIVO                            ; 0000002054838369,87
200505;15114366;BCO BBM S.A.                                                ;U;4010;0010000007;CIRCULANTE E REALIZAVEL A LONGO PRAZO             ; 0000007566507811,81
200505;15114366;BCO BBM S.A.                                                ;U;4010;0011000006;DISPONIBILIDADES                                  ; 0000000003264676,14
200505;15114366;BCO BBM S.A.                                                ;U;4010;0011200002;DEPOSITOS BANCARIOS                               ; 0000000000076050,51
200505;15114366;BCO BBM S.A.                                                ;U;4010;0011300005;RESERVAS LIVRES                                   ; 0000000002761143,78
200505;15114366;BCO BBM S.A.                                                ;U;4010;0011500001;DISPONIBILIDADES EM MOEDAS ESTRANGEIRAS           ; 0000000000427481,85
200505;15114366;BCO BBM S.A.                                                ;U;4010;0012000005;APLICACOES INTERFINANCEIRAS DE LIQUIDEZ           ; 0000000012057722,36
200505;15114366;BCO BBM S.A.                                                ;U;4010;0012100008;APLICACOES EM OPERACOES COMPROMISSADAS            ; 0000000001899944,31
200505;15114366;BCO BBM S.A.                                                ;U;4010;0012200001;APLICACOES EM DEPOSITOS INTERFINANCEIROS          ; 0000000010000000,44
200505;15114366;BCO BBM S.A.                                                ;U;4010;0012600003;APLICA OES EM MOEDAS ESTRANGEIRAS                 ; 0000000000157777,61
200505;15114366;BCO BBM S.A.                                                ;U;4010;0013000004;TITULOS E VAL. MOB. E INST. FINANC. DERIVATIVOS   ; 0000005356958006,07
200505;15114366;BCO BBM S.A.                                                ;U;4010;0013100007;LIVRES                                            ; 0000001852877282,11
200505;15114366;BCO BBM S.A.                                                ;U;4010;0013200000;VINCULADOS A OPERACOES COMPROMISSADAS             ; 0000003322520934,71
200505;15114366;BCO BBM S.A.                                                ;U;4010;0013300003;INSTRUMENTOS FINANCEIROS DERIVATIVOS              ; 0000000019516140,07
200505;15114366;BCO BBM S.A.                                                ;U;4010;0013600002;VINCULADOS A PRESTACAO DE GARANTIAS               ; 0000000162043649,18
200505;15114366;BCO BBM S.A.                                                ;U;4010;0014000003;RELACOES INTERFINANCEIRAS                         ; 0000000009402662,92
200505;15114366;BCO BBM S.A.                                                ;U;4010;0014100006;DIREITOS JUNTO A PARTIC. DE SISTEMAS DE LIQUIDAÇÃO; 0000000000251370,01
200505;15114366;BCO BBM S.A.                                                ;U;4010;0014200009;CREDITOS VINCULADOS                               ; 0000000006384621,05
200505;15114366;BCO BBM S.A.                                                ;U;4010;0014400005;RELACOES COM CORRESPONDENTES                      ; 0000000002766671,86
200505;15114366;BCO BBM S.A.                                                ;U;4010;0016000001;OPERACOES DE CREDITO                              ; 0000000686437453,34
200505;15114366;BCO BBM S.A.                                                ;U;4010;0016100004;EMPRESTIMOS E TITULOS DESCONTADOS                 ; 0000000590210987,86
200505;15114366;BCO BBM S.A.                                                ;U;4010;0016200007;FINANCIAMENTOS                                    ; 0000000106093319,62
200505;15114366;BCO BBM S.A.                                                ;U;4010;0016900008;(-) PROVISOES PARA OPERACOES DE CREDITO           ;-0000000009866854,14
200505;15114366;BCO BBM S.A.                                                ;U;4010;0018000009;OUTROS CREDITOS                                   ; 0000001497372474,07
200505;15114366;BCO BBM S.A.                                                ;U;4010;0018200005;CARTEIRA DE CAMBIO                                ; 0000001430544400,67
200505;15114366;BCO BBM S.A.                                                ;U;4010;0018300008;RENDAS A RECEBER                                  ; 0000000000523680,00
200505;15114366;BCO BBM S.A.                                                ;U;4010;0018400001;NEGOCIACAO E INTERMEDIACAO DE VALORES             ; 0000000021503327,50
200505;15114366;BCO BBM S.A.                                                ;U;4010;0018800003;DIVERSOS                                          ; 0000000047574638,65
200505;15114366;BCO BBM S.A.                                                ;U;4010;0018900006;(-) PROVISOES PARA OUTROS CREDITOS                ;-0000000002773572,75
200505;15114366;BCO BBM S.A.                                                ;U;4010;0019000008;OUTROS VALORES E BENS                             ; 0000000001014816,91
200505;15114366;BCO BBM S.A.                                                ;U;4010;0019800002;OUTROS VALORES E BENS                             ; 0000000000975816,91
200505;15114366;BCO BBM S.A.                                                ;U;4010;0019900005;DESPESAS ANTECIPADAS                              ; 0000000000039000,00
200505;15114366;BCO BBM S.A.                                                ;U;4010;0020000004;PERMANENTE                                        ; 0000000359948418,41
200505;15114366;BCO BBM S.A.                                                ;U;4010;0021000003;INVESTIMENTOS                                     ; 0000000353634673,45
200505;15114366;BCO BBM S.A.                                                ;U;4010;0021100006;INVESTIMENTOS NO EXTERIOR                         ; 0000000333865312,53
200505;15114366;BCO BBM S.A.                                                ;U;4010;0021200009;PARTICIPACOES EM COLIGADAS E CONTROLADAS NO PAIS  ; 0000000014191328,48
200505;15114366;BCO BBM S.A.                                                ;U;4010;0021400005;TITULOS PATRIMONIAIS                              ; 0000000003266012,62
200505;15114366;BCO BBM S.A.                                                ;U;4010;0021500008;ACOES E COTAS                                     ; 0000000002312019,82
200505;15114366;BCO BBM S.A.                                                ;U;4010;0022000002;IMOBILIZADO DE USO                                ; 0000000003771834,06
200505;15114366;BCO BBM S.A.                                                ;U;4010;0022300001;IMOVEIS DE USO                                    ; 0000000000001094,20
200505;15114366;BCO BBM S.A.                                                ;U;4010;0022400004;INSTALACOES, MOVEIS E EQUIPAMENTOS DE USO         ; 0000000002404529,74
200505;15114366;BCO BBM S.A.                                                ;U;4010;0022900009;OUTROS                                            ; 0000000001366210,12
200505;15114366;BCO BBM S.A.                                                ;U;4010;0024000000;DIFERIDO                                          ; 0000000002541910,90
200505;15114366;BCO BBM S.A.                                                ;U;4010;0024100003;GASTOS DE ORGANIZACAO E EXPANSAO                  ; 0000000002541910,90
200505;15114366;BCO BBM S.A.                                                ;U;4010;0030000001;COMPENSACAO                                       ; 0000042835183005,66
200505;15114366;BCO BBM S.A.                                                ;U;4010;0030100004;COOBRIGACOES E RISCOS EM GARANTIAS PRESTADAS      ; 0000000020939291,63
200505;15114366;BCO BBM S.A.                                                ;U;4010;0030300000;TITULOS E VALORES MOBILIARIOS                     ; 0000010674883732,00
200505;15114366;BCO BBM S.A.                                                ;U;4010;0030400003;CUSTODIA DE VALORES                               ; 0000015969329877,56
200505;15114366;BCO BBM S.A.                                                ;U;4010;0030500006;COBRANCA                                          ; 0000000125237071,32
200505;15114366;BCO BBM S.A.                                                ;U;4010;0030600009;NEGOCIACAO E INTERMEDIACAO DE VALORES             ; 0000012403084883,48
200505;15114366;BCO BBM S.A.                                                ;U;4010;0030800005;CONTRATOS                                         ; 0000001326532754,44
200505;15114366;BCO BBM S.A.                                                ;U;4010;0030900008;CONTROLE                                          ; 0000001410137606,80
200505;15114366;BCO BBM S.A.                                                ;U;4010;0031000000;CLASSIFICACAO DA CARTEIRA DE CREDITOS             ; 0000000905037788,43
200505;15114366;BCO BBM S.A.                                                ;U;4010;0031100003;OPERACOES DE RISCO NIVEL AA                       ; 0000000037798535,59
200505;15114366;BCO BBM S.A.                                                ;U;4010;0031200006;OPERACOES DE RISCO NIVEL A                        ; 0000000220139311,80
200505;15114366;BCO BBM S.A.                                                ;U;4010;0031300009;OPERACOES DE RISCO NIVELB                         ; 0000000441953375,21
200505;15114366;BCO BBM S.A.                                                ;U;4010;0031400002;OPERACOES DE RISCO NIVELC                         ; 0000000195650425,06
200505;15114366;BCO BBM S.A.                                                ;U;4010;0031500005;OPERACOES DE RISCO NIVEL D                        ; 0000000008993930,29
200505;15114366;BCO BBM S.A.                                                ;U;4010;0031700001;OPERACOES DE RISCO NIVEL F                        ; 0000000000301839,36
200505;15114366;BCO BBM S.A.                                                ;U;4010;0031900007;OPERACOES DE RISCO NIVEL H                        ; 0000000000200371,12
200505;15114366;BCO BBM S.A.                                                ;U;4010;0039999993;TOTAL GERAL DO ATIVO                              ; 0000050761639235,88
200505;15114366;BCO BBM S.A.                                                ;U;4010;0040000008;CIRCULANTE EXIGIVEL A LONGO PRAZO                 ; 0000007507241928,85
200505;15114366;BCO BBM S.A.                                                ;U;4010;0041000007;DEPOSITOS                                         ; 0000001178471925,45
200505;15114366;BCO BBM S.A.                                                ;U;4010;0041100000;DEPOSITOS A VISTA                                 ; 0000000044260180,24
200505;15114366;BCO BBM S.A.                                                ;U;4010;0041300006;DEPOSITOS INTERFINANCEIROS                        ; 0000000259318875,48
200505;15114366;BCO BBM S.A.                                                ;U;4010;0041500002;DEPOSITOS A PRAZO                                 ; 0000000874880964,39
200505;15114366;BCO BBM S.A.                                                ;U;4010;0041900004;OUTROS DEPOSITOS                                  ; 0000000000011905,34
200505;15114366;BCO BBM S.A.                                                ;U;4010;0042000006;OBRIGACOES POR OPERACOES COMPROMISSADAS           ; 0000004544719716,77
200505;15114366;BCO BBM S.A.                                                ;U;4010;0042100009;CARTEIRA PROPRIA                                  ; 0000003344722024,83
200505;15114366;BCO BBM S.A.                                                ;U;4010;0042300005;CARTEIRA LIVRE MOVIMENTACAO                       ; 0000001199997691,94
200505;15114366;BCO BBM S.A.                                                ;U;4010;0044000004;RELACOES INTERFINANCEIRAS                         ; 0000000000157603,62
200505;15114366;BCO BBM S.A.                                                ;U;4010;0044100007;OBRIGAÇÕES JUNTO A PARTIC. DE SIST. DE LIQUIDACÃO ; 0000000000157603,62
200505;15114366;BCO BBM S.A.                                                ;U;4010;0045000003;RELACOES INTERDEPENDENCIAS                        ; 0000000006419610,63
200505;15114366;BCO BBM S.A.                                                ;U;4010;0045100006;RECURSOS EM TRANSITO DE TERCEIROS                 ; 0000000006419610,63
200505;15114366;BCO BBM S.A.                                                ;U;4010;0046000002;OBRIGACOES POR EMPRESTIMOS E REPASSES             ; 0000000460752848,63
200505;15114366;BCO BBM S.A.                                                ;U;4010;0046300001;EMPRESTIMOS NO EXTERIOR                           ; 0000000395713369,77
200505;15114366;BCO BBM S.A.                                                ;U;4010;0046400004;REPASSES DO PAIS - INSTITUICOES OFICIAIS          ; 0000000065039478,86
200505;15114366;BCO BBM S.A.                                                ;U;4010;0047000001;INSTRUMENTOS FINANCEIROS DERIVATIVOS              ; 0000000017694761,55
200505;15114366;BCO BBM S.A.                                                ;U;4010;0047100004;INSTRUMENTOS FINANCEIROS DERIVATIVOS              ; 0000000017694761,55
200505;15114366;BCO BBM S.A.                                                ;U;4010;0049000009;OUTRAS OBRIGACOES                                 ; 0000001299025462,20
200505;15114366;BCO BBM S.A.                                                ;U;4010;0049100002;COBRANCA E ARRECADACAO DE TRIBUTOS E ASSEMELHADOS ; 0000000000116957,48
200505;15114366;BCO BBM S.A.                                                ;U;4010;0049200005;CARTEIRA DE CAMBIO                                ; 0000001243938432,40
200505;15114366;BCO BBM S.A.                                                ;U;4010;0049300008;SOCIAIS E ESTATUTARIAS                            ; 0000000000003921,19
200505;15114366;BCO BBM S.A.                                                ;U;4010;0049400001;FISCAIS E PREVIDENCIARIAS                         ; 0000000010367962,96
200505;15114366;BCO BBM S.A.                                                ;U;4010;0049500004;NEGOCIACAO E INTERMEDIACAO DE VALORES             ; 0000000032072040,82
200505;15114366;BCO BBM S.A.                                                ;U;4010;0049900006;DIVERSAS                                          ; 0000000012526147,35
200505;15114366;BCO BBM S.A.                                                ;U;4010;0050000005;RESULTADOS DE EXERCICIOS FUTUROS                  ; 0000000000037400,71
200505;15114366;BCO BBM S.A.                                                ;U;4010;0051000004;RECEITAS DE EXERCICIOS FUTUROS                    ; 0000000000037400,71
200505;15114366;BCO BBM S.A.                                                ;U;4010;0051100007;RECEITAS DE EXERCICIOS FUTUROS                    ; 0000000000037400,71
200505;15114366;BCO BBM S.A.                                                ;U;4010;0060000002;PATRIMONIO LIQUIDO                                ; 0000000401613298,74
200505;15114366;BCO BBM S.A.                                                ;U;4010;0061000001;PATRIMONIO LIQUIDO                                ; 0000000401613298,74
200505;15114366;BCO BBM S.A.                                                ;U;4010;0061100004;CAPITAL SOCIAL                                    ; 0000000203011540,34
200505;15114366;BCO BBM S.A.                                                ;U;4010;0061300000;RESERVAS DE CAPITAL                               ; 0000000003963122,05
200505;15114366;BCO BBM S.A.                                                ;U;4010;0061500006;RESERVAS DE LUCROS                                ; 0000000194021998,85
200505;15114366;BCO BBM S.A.                                                ;U;4010;0061600009;AJUSTES DE AVALIACAO PATRIMONIAL                  ; 0000000000641444,51
200505;15114366;BCO BBM S.A.                                                ;U;4010;0061800005;LUCROS OU PREJUIZOS ACUMULADOS                    ;-0000000000024807,01
200505;15114366;BCO BBM S.A.                                                ;U;4010;0070000009;CONTAS DE RESULTADO CREDORAS                      ; 0000001654454178,06
200505;15114366;BCO BBM S.A.                                                ;U;4010;0071000008;RECEITAS OPERACIONAIS                             ; 0000001654445079,69
200505;15114366;BCO BBM S.A.                                                ;U;4010;0071100001;RENDAS DE OPERACOES DE CREDITO                    ; 0000000068116628,37
200505;15114366;BCO BBM S.A.                                                ;U;4010;0071300007;RENDAS DE CAMBIO                                  ; 0000000750931602,57
200505;15114366;BCO BBM S.A.                                                ;U;4010;0071400000;RENDAS DE APLICACOES INTERFINANCEIRAS DE LIQUIDEZ ; 0000000004275922,88
200505;15114366;BCO BBM S.A.                                                ;U;4010;0071500003;RENDAS COM TIT. E VAL. MOB. E INST. FINANC. DERIV.; 0000000753967085,83
200505;15114366;BCO BBM S.A.                                                ;U;4010;0071700009;RENDAS DE PRESTACAO DE SERVICOS                   ; 0000000005698480,55
200505;15114366;BCO BBM S.A.                                                ;U;4010;0071800002;RENDAS DE PARTICIPACOES                           ; 0000000024597923,45
200505;15114366;BCO BBM S.A.                                                ;U;4010;0071900005;OUTRAS RECEITAS OPERACIONAIS                      ; 0000000046857436,04
200505;15114366;BCO BBM S.A.                                                ;U;4010;0073000006;RECEITAS NAO OPERACIONAIS                         ; 0000000000009098,37
200505;15114366;BCO BBM S.A.                                                ;U;4010;0073100009;LUCROS EM TRANSACOES COM VALORES E BENS           ; 0000000000004395,37
200505;15114366;BCO BBM S.A.                                                ;U;4010;0073900003;OUTRAS RECEITAS NAO OPERACIONAIS                  ; 0000000000004703,00
200505;15114366;BCO BBM S.A.                                                ;U;4010;0080000006;(-) CONTAS DE RESULTADO DEVEDORAS                 ;-0000001636890576,14
200505;15114366;BCO BBM S.A.                                                ;U;4010;0081000005;(-) DESPESAS OPERACIONAIS                         ;-0000001623420754,17
200505;15114366;BCO BBM S.A.                                                ;U;4010;0081100008;(-) DESPESAS DE CAPTACAO                          ;-0000000232857097,67
200505;15114366;BCO BBM S.A.                                                ;U;4010;0081200001;(-) DESP DE OBRIGACOES POR EMPRESTIMOS E REPASSES ;-0000000010055383,69
200505;15114366;BCO BBM S.A.                                                ;U;4010;0081400007;(-) DESPESAS DE CAMBIO                            ;-0000000763425632,48
200505;15114366;BCO BBM S.A.                                                ;U;4010;0081500000;(-) DESP. COM TIT. E VAL. MOB. E INST. FIN. DERIV.;-0000000550051036,41
200505;15114366;BCO BBM S.A.                                                ;U;4010;0081600003;(-) DESPESAS DE PARTICIPACOES                     ;-0000000020621238,41
200505;15114366;BCO BBM S.A.                                                ;U;4010;0081700006;(-) DESPESAS ADMINISTRATIVAS                      ;-0000000024388828,86
200505;15114366;BCO BBM S.A.                                                ;U;4010;0081800009;(-) APROVISIONAMENTOS E AJUSTES PATRIMONIAIS      ;-0000000008925421,50
200505;15114366;BCO BBM S.A.                                                ;U;4010;0081900002;(-) OUTRAS DESPESAS OPERACIONAIS                  ;-0000000013096115,15
200505;15114366;BCO BBM S.A.                                                ;U;4010;0083000003;(-) DESPESAS NAO OPERACIONAIS                     ;-0000000000225624,16
200505;15114366;BCO BBM S.A.                                                ;U;4010;0083100006;(-) PREJUIZOS EM TRANSACOES COM VALORES E BENS    ;-0000000000008553,55
200505;15114366;BCO BBM S.A.                                                ;U;4010;0083900000;(-) OUTRAS DESPESAS NAO OPERACIONAIS              ;-0000000000217070,61
200505;15114366;BCO BBM S.A.                                                ;U;4010;0089000007;(-) APURACAO DE RESULTADO                         ;-0000000013244197,81
200505;15114366;BCO BBM S.A.                                                ;U;4010;0089400009;(-) IMPOSTO DE RENDA                              ;-0000000006762503,07
200505;15114366;BCO BBM S.A.                                                ;U;4010;0089700008;(-) PARTICIPACOES NO LUCRO                        ;-0000000006481694,74
200505;15114366;BCO BBM S.A.                                                ;U;4010;0090000003;COMPENSACAO                                       ; 0000042835183005,66
200505;15114366;BCO BBM S.A.                                                ;U;4010;0090100006;COOBRIGACOES E RISCOS EM GARANTIAS PRESTADAS      ; 0000000020939291,63
200505;15114366;BCO BBM S.A.                                                ;U;4010;0090300002;TITULOS E VALORES MOBILIARIOS                     ; 0000010674883732,00
200505;15114366;BCO BBM S.A.                                                ;U;4010;0090400005;CUSTODIA DE VALORES                               ; 0000015969329877,56
200505;15114366;BCO BBM S.A.                                                ;U;4010;0090500008;COBRANCA                                          ; 0000000125237071,32
200505;15114366;BCO BBM S.A.                                                ;U;4010;0090600001;NEGOCIACAO E INTERMEDIACAO DE VALORES             ; 0000012403084883,48
200505;15114366;BCO BBM S.A.                                                ;U;4010;0090800007;CONTRATOS                                         ; 0000001326532754,44
200505;15114366;BCO BBM S.A.                                                ;U;4010;0090900000;CONTROLE                                          ; 0000001410137606,80
200505;15114366;BCO BBM S.A.                                                ;U;4010;0091000002;CLASSIFICACAO DA CARTEIRA DE CREDITOS             ; 0000000905037788,43
200505;15114366;BCO BBM S.A.                                                ;U;4010;0091100005;OPERACOES DE CREDITOS E ARRENDAMENTO MERCANTIL    ; 0000000905037788,43
200505;15114366;BCO BBM S.A.                                                ;U;4010;0099999995;TOTAL GERAL DO PASSIVO                            ; 0000050761639235,88
200505;15173776;BCO CAPITAL S.A.                                            ;U;4010;0010000007;CIRCULANTE E REALIZAVEL A LONGO PRAZO             ; 0000000031253123,02
200505;15173776;BCO CAPITAL S.A.                                            ;U;4010;0011000006;DISPONIBILIDADES                                  ; 0000000000247089,64
200505;15173776;BCO CAPITAL S.A.                                            ;U;4010;0011100009;CAIXA                                             ; 0000000000247089,64
200505;15173776;BCO CAPITAL S.A.                                            ;U;4010;0012000005;APLICACOES INTERFINANCEIRAS DE LIQUIDEZ           ; 0000000019126987,45
200505;15173776;BCO CAPITAL S.A.                                            ;U;4010;0012100008;APLICACOES EM OPERACOES COMPROMISSADAS            ; 0000000018223366,18
200505;15173776;BCO CAPITAL S.A.                                            ;U;4010;0012200001;APLICACOES EM DEPOSITOS INTERFINANCEIROS          ; 0000000000903621,27
200505;15173776;BCO CAPITAL S.A.                                            ;U;4010;0014000003;RELACOES INTERFINANCEIRAS                         ; 0000000000435644,96
200505;15173776;BCO CAPITAL S.A.                                            ;U;4010;0014100006;DIREITOS JUNTO A PARTIC. DE SISTEMAS DE LIQUIDAÇÃO; 0000000000193438,49
200505;15173776;BCO CAPITAL S.A.                                            ;U;4010;0014200009;CREDITOS VINCULADOS                               ; 0000000000242206,47
200505;15173776;BCO CAPITAL S.A.                                            ;U;4010;0016000001;OPERACOES DE CREDITO                              ; 0000000009557035,74
200505;15173776;BCO CAPITAL S.A.                                            ;U;4010;0016100004;EMPRESTIMOS E TITULOS DESCONTADOS                 ; 0000000012367146,37
200505;15173776;BCO CAPITAL S.A.                                            ;U;4010;0016200007;FINANCIAMENTOS                                    ; 0000000000581394,95
200505;15173776;BCO CAPITAL S.A.                                            ;U;4010;0016900008;(-) PROVISOES PARA OPERACOES DE CREDITO           ;-0000000003391505,58
200505;15173776;BCO CAPITAL S.A.                                            ;U;4010;0018000009;OUTROS CREDITOS                                   ; 0000000001886365,23
200505;15173776;BCO CAPITAL S.A.                                            ;U;4010;0018800003;DIVERSOS                                          ; 0000000001886365,23
200505;15173776;BCO CAPITAL S.A.                                            ;U;4010;0020000004;PERMANENTE                                        ; 0000000000556747,70
200505;15173776;BCO CAPITAL S.A.                                            ;U;4010;0021000003;INVESTIMENTOS                                     ; 0000000000082658,90
200505;15173776;BCO CAPITAL S.A.                                            ;U;4010;0021300002;INVESTIMENTOS POR INCENTIVOS FISCAIS              ; 0000000000036917,26
200505;15173776;BCO CAPITAL S.A.                                            ;U;4010;0021400005;TITULOS PATRIMONIAIS                              ; 0000000000032000,00
200505;15173776;BCO CAPITAL S.A.                                            ;U;4010;0021500008;ACOES E COTAS                                     ; 0000000000000093,89
200505;15173776;BCO CAPITAL S.A.                                            ;U;4010;0021900000;OUTROS INVESTIMENTOS                              ; 0000000000013647,75
200505;15173776;BCO CAPITAL S.A.                                            ;U;4010;0022000002;IMOBILIZADO DE USO                                ; 0000000000474088,80
200505;15173776;BCO CAPITAL S.A.                                            ;U;4010;0022300001;IMOVEIS DE USO                                    ; 0000000000269222,47
200505;15173776;BCO CAPITAL S.A.                                            ;U;4010;0022400004;INSTALACOES, MOVEIS E EQUIPAMENTOS DE USO         ; 0000000000129286,83
200505;15173776;BCO CAPITAL S.A.                                            ;U;4010;0022900009;OUTROS                                            ; 0000000000075579,50
200505;15173776;BCO CAPITAL S.A.                                            ;U;4010;0030000001;COMPENSACAO                                       ; 0000000057935181,48
200505;15173776;BCO CAPITAL S.A.                                            ;U;4010;0030100004;COOBRIGACOES E RISCOS EM GARANTIAS PRESTADAS      ; 0000000003975988,55
200505;15173776;BCO CAPITAL S.A.                                            ;U;4010;0030400003;CUSTODIA DE VALORES                               ; 0000000004402956,15
200505;15173776;BCO CAPITAL S.A.                                            ;U;4010;0030500006;COBRANCA                                          ; 0000000001331569,36
200505;15173776;BCO CAPITAL S.A.                                            ;U;4010;0030800005;CONTRATOS                                         ; 0000000002115800,00
200505;15173776;BCO CAPITAL S.A.                                            ;U;4010;0030900008;CONTROLE                                          ; 0000000033160326,10
200505;15173776;BCO CAPITAL S.A.                                            ;U;4010;0031000000;CLASSIFICACAO DA CARTEIRA DE CREDITOS             ; 0000000012948541,32
200505;15173776;BCO CAPITAL S.A.                                            ;U;4010;0031200006;OPERACOES DE RISCO NIVEL A                        ; 0000000004135791,39
200505;15173776;BCO CAPITAL S.A.                                            ;U;4010;0031300009;OPERACOES DE RISCO NIVELB                         ; 0000000003865112,15
200505;15173776;BCO CAPITAL S.A.                                            ;U;4010;0031400002;OPERACOES DE RISCO NIVELC                         ; 0000000000367518,77
200505;15173776;BCO CAPITAL S.A.                                            ;U;4010;0031500005;OPERACOES DE RISCO NIVEL D                        ; 0000000001177149,23
200505;15173776;BCO CAPITAL S.A.                                            ;U;4010;0031600008;OPERACOES DE RISCO NIVEL E                        ; 0000000000198533,59
200505;15173776;BCO CAPITAL S.A.                                            ;U;4010;0031700001;OPERACOES DE RISCO NIVEL F                        ; 0000000000089125,89
200505;15173776;BCO CAPITAL S.A.                                            ;U;4010;0031800004;OPERACOES DE RISCO NIVEL G                        ; 0000000000053315,55
200505;15173776;BCO CAPITAL S.A.                                            ;U;4010;0031900007;OPERACOES DE RISCO NIVEL H                        ; 0000000003061994,75
200505;15173776;BCO CAPITAL S.A.                                            ;U;4010;0039999993;TOTAL GERAL DO ATIVO                              ; 0000000089745052,20
200505;15173776;BCO CAPITAL S.A.                                            ;U;4010;0040000008;CIRCULANTE EXIGIVEL A LONGO PRAZO                 ; 0000000005432207,32
200505;15173776;BCO CAPITAL S.A.                                            ;U;4010;0041000007;DEPOSITOS                                         ; 0000000003389159,41
200505;15173776;BCO CAPITAL S.A.                                            ;U;4010;0041100000;DEPOSITOS A VISTA                                 ; 0000000003389159,41
200505;15173776;BCO CAPITAL S.A.                                            ;U;4010;0044000004;RELACOES INTERFINANCEIRAS                         ; 0000000000923477,09
200505;15173776;BCO CAPITAL S.A.                                            ;U;4010;0044100007;OBRIGAÇÕES JUNTO A PARTIC. DE SIST. DE LIQUIDACÃO ; 0000000000923477,09
200505;15173776;BCO CAPITAL S.A.                                            ;U;4010;0049000009;OUTRAS OBRIGACOES                                 ; 0000000001119570,82
200505;15173776;BCO CAPITAL S.A.                                            ;U;4010;0049100002;COBRANCA E ARRECADACAO DE TRIBUTOS E ASSEMELHADOS ; 0000000000043718,14
200505;15173776;BCO CAPITAL S.A.                                            ;U;4010;0049400001;FISCAIS E PREVIDENCIARIAS                         ; 0000000000784771,13
200505;15173776;BCO CAPITAL S.A.                                            ;U;4010;0049900006;DIVERSAS                                          ; 0000000000291081,55
200505;15173776;BCO CAPITAL S.A.                                            ;U;4010;0050000005;RESULTADOS DE EXERCICIOS FUTUROS                  ; 0000000000120417,36
200505;15173776;BCO CAPITAL S.A.                                            ;U;4010;0051000004;RECEITAS DE EXERCICIOS FUTUROS                    ; 0000000000120417,36
200505;15173776;BCO CAPITAL S.A.                                            ;U;4010;0051100007;RECEITAS DE EXERCICIOS FUTUROS                    ; 0000000000120417,36
200505;15173776;BCO CAPITAL S.A.                                            ;U;4010;0060000002;PATRIMONIO LIQUIDO                                ; 0000000025128250,62
200505;15173776;BCO CAPITAL S.A.                                            ;U;4010;0061000001;PATRIMONIO LIQUIDO                                ; 0000000025128250,62
200505;15173776;BCO CAPITAL S.A.                                            ;U;4010;0061100004;CAPITAL SOCIAL                                    ; 0000000025128249,00
200505;15173776;BCO CAPITAL S.A.                                            ;U;4010;0061300000;RESERVAS DE CAPITAL                               ; 0000000000000000,86
200505;15173776;BCO CAPITAL S.A.                                            ;U;4010;0061500006;RESERVAS DE LUCROS                                ; 0000000000000000,76
200505;15173776;BCO CAPITAL S.A.                                            ;U;4010;0070000009;CONTAS DE RESULTADO CREDORAS                      ; 0000000006688379,23
200505;15173776;BCO CAPITAL S.A.                                            ;U;4010;0071000008;RECEITAS OPERACIONAIS                             ; 0000000006688226,93
200505;15173776;BCO CAPITAL S.A.                                            ;U;4010;0071100001;RENDAS DE OPERACOES DE CREDITO                    ; 0000000002142569,23
200505;15173776;BCO CAPITAL S.A.                                            ;U;4010;0071400000;RENDAS DE APLICACOES INTERFINANCEIRAS DE LIQUIDEZ ; 0000000001213300,58
200505;15173776;BCO CAPITAL S.A.                                            ;U;4010;0071700009;RENDAS DE PRESTACAO DE SERVICOS                   ; 0000000000093892,98
200505;15173776;BCO CAPITAL S.A.                                            ;U;4010;0071900005;OUTRAS RECEITAS OPERACIONAIS                      ; 0000000003238464,14
200505;15173776;BCO CAPITAL S.A.                                            ;U;4010;0073000006;RECEITAS NAO OPERACIONAIS                         ; 0000000000000152,30
200505;15173776;BCO CAPITAL S.A.                                            ;U;4010;0073900003;OUTRAS RECEITAS NAO OPERACIONAIS                  ; 0000000000000152,30
200505;15173776;BCO CAPITAL S.A.                                            ;U;4010;0080000006;(-) CONTAS DE RESULTADO DEVEDORAS                 ;-0000000005559383,81
200505;15173776;BCO CAPITAL S.A.                                            ;U;4010;0081000005;(-) DESPESAS OPERACIONAIS                         ;-0000000005068394,15
200505;15173776;BCO CAPITAL S.A.                                            ;U;4010;0081100008;(-) DESPESAS DE CAPTACAO                          ;-0000000000003955,88
200505;15173776;BCO CAPITAL S.A.                                            ;U;4010;0081700006;(-) DESPESAS ADMINISTRATIVAS                      ;-0000000000933999,84
200505;15173776;BCO CAPITAL S.A.                                            ;U;4010;0081800009;(-) APROVISIONAMENTOS E AJUSTES PATRIMONIAIS      ;-0000000003926499,32
200505;15173776;BCO CAPITAL S.A.                                            ;U;4010;0081900002;(-) OUTRAS DESPESAS OPERACIONAIS                  ;-0000000000203939,11
200505;15173776;BCO CAPITAL S.A.                                            ;U;4010;0083000003;(-) DESPESAS NAO OPERACIONAIS                     ;-0000000000000944,20
200505;15173776;BCO CAPITAL S.A.                                            ;U;4010;0083900000;(-) OUTRAS DESPESAS NAO OPERACIONAIS              ;-0000000000000944,20
200505;15173776;BCO CAPITAL S.A.                                            ;U;4010;0089000007;(-) APURACAO DE RESULTADO                         ;-0000000000490045,46
200505;15173776;BCO CAPITAL S.A.                                            ;U;4010;0089400009;(-) IMPOSTO DE RENDA                              ;-0000000000490045,46
200505;15173776;BCO CAPITAL S.A.                                            ;U;4010;0090000003;COMPENSACAO                                       ; 0000000057935181,48
200505;15173776;BCO CAPITAL S.A.                                            ;U;4010;0090100006;COOBRIGACOES E RISCOS EM GARANTIAS PRESTADAS      ; 0000000003975988,55
200505;15173776;BCO CAPITAL S.A.                                            ;U;4010;0090400005;CUSTODIA DE VALORES                               ; 0000000004402956,15
200505;15173776;BCO CAPITAL S.A.                                            ;U;4010;0090500008;COBRANCA                                          ; 0000000001331569,36
200505;15173776;BCO CAPITAL S.A.                                            ;U;4010;0090800007;CONTRATOS                                         ; 0000000002115800,00
200505;15173776;BCO CAPITAL S.A.                                            ;U;4010;0090900000;CONTROLE                                          ; 0000000033160326,10
200505;15173776;BCO CAPITAL S.A.                                            ;U;4010;0091000002;CLASSIFICACAO DA CARTEIRA DE CREDITOS             ; 0000000012948541,32
200505;15173776;BCO CAPITAL S.A.                                            ;U;4010;0091100005;OPERACOES DE CREDITOS E ARRENDAMENTO MERCANTIL    ; 0000000012948541,32
200505;15173776;BCO CAPITAL S.A.                                            ;U;4010;0099999995;TOTAL GERAL DO PASSIVO                            ; 0000000089745052,20
200505;17184037;BCO MERCANTIL DO BRASIL S.A.                                ;U;4010;0010000007;CIRCULANTE E REALIZAVEL A LONGO PRAZO             ; 0000003435194909,03
200505;17184037;BCO MERCANTIL DO BRASIL S.A.                                ;U;4010;0011000006;DISPONIBILIDADES                                  ; 0000000043973019,45
200505;17184037;BCO MERCANTIL DO BRASIL S.A.                                ;U;4010;0011100009;CAIXA                                             ; 0000000040896582,80
200505;17184037;BCO MERCANTIL DO BRASIL S.A.                                ;U;4010;0011300005;RESERVAS LIVRES                                   ; 0000000002262117,97
200505;17184037;BCO MERCANTIL DO BRASIL S.A.                                ;U;4010;0011500001;DISPONIBILIDADES EM MOEDAS ESTRANGEIRAS           ; 0000000000814318,68
200505;17184037;BCO MERCANTIL DO BRASIL S.A.                                ;U;4010;0012000005;APLICACOES INTERFINANCEIRAS DE LIQUIDEZ           ; 0000000583500167,90
200505;17184037;BCO MERCANTIL DO BRASIL S.A.                                ;U;4010;0012100008;APLICACOES EM OPERACOES COMPROMISSADAS            ; 0000000504998354,38
200505;17184037;BCO MERCANTIL DO BRASIL S.A.                                ;U;4010;0012200001;APLICACOES EM DEPOSITOS INTERFINANCEIROS          ; 0000000072900194,14
200505;17184037;BCO MERCANTIL DO BRASIL S.A.                                ;U;4010;0012600003;APLICA OES EM MOEDAS ESTRANGEIRAS                 ; 0000000005601619,38
200505;17184037;BCO MERCANTIL DO BRASIL S.A.                                ;U;4010;0013000004;TITULOS E VAL. MOB. E INST. FINANC. DERIVATIVOS   ; 0000000248641275,22
200505;17184037;BCO MERCANTIL DO BRASIL S.A.                                ;U;4010;0013100007;LIVRES                                            ; 0000000217120149,03
200505;17184037;BCO MERCANTIL DO BRASIL S.A.                                ;U;4010;0013300003;INSTRUMENTOS FINANCEIROS DERIVATIVOS              ; 0000000000797751,68
200505;17184037;BCO MERCANTIL DO BRASIL S.A.                                ;U;4010;0013600002;VINCULADOS A PRESTACAO DE GARANTIAS               ; 0000000030723374,51
200505;17184037;BCO MERCANTIL DO BRASIL S.A.                                ;U;4010;0014000003;RELACOES INTERFINANCEIRAS                         ; 0000000301275098,31
200505;17184037;BCO MERCANTIL DO BRASIL S.A.                                ;U;4010;0014100006;DIREITOS JUNTO A PARTIC. DE SISTEMAS DE LIQUIDAÇÃO; 0000000051943920,93
200505;17184037;BCO MERCANTIL DO BRASIL S.A.                                ;U;4010;0014200009;CREDITOS VINCULADOS                               ; 0000000248435319,32
200505;17184037;BCO MERCANTIL DO BRASIL S.A.                                ;U;4010;0014400005;RELACOES COM CORRESPONDENTES                      ; 0000000000895858,06
200505;17184037;BCO MERCANTIL DO BRASIL S.A.                                ;U;4010;0015000002;RELACOES INTERDEPENDENCIAS                        ; 0000000009422137,90
200505;17184037;BCO MERCANTIL DO BRASIL S.A.                                ;U;4010;0015200008;TRANSFERENCIAS INTERNAS DE RECURSOS               ; 0000000009422137,90
200505;17184037;BCO MERCANTIL DO BRASIL S.A.                                ;U;4010;0016000001;OPERACOES DE CREDITO                              ; 0000001812480225,63
200505;17184037;BCO MERCANTIL DO BRASIL S.A.                                ;U;4010;0016100004;EMPRESTIMOS E TITULOS DESCONTADOS                 ; 0000001548522901,36
200505;17184037;BCO MERCANTIL DO BRASIL S.A.                                ;U;4010;0016200007;FINANCIAMENTOS                                    ; 0000000137127233,23
200505;17184037;BCO MERCANTIL DO BRASIL S.A.                                ;U;4010;0016300000;FINANCIAMENTOS RURAIS E AGROINDUSTRIAIS           ; 0000000160642546,19
200505;17184037;BCO MERCANTIL DO BRASIL S.A.                                ;U;4010;0016400003;FINANCIAMENTOS IMOBILIARIOS                       ; 0000000075731396,27
200505;17184037;BCO MERCANTIL DO BRASIL S.A.                                ;U;4010;0016900008;(-) PROVISOES PARA OPERACOES DE CREDITO           ;-0000000109543851,42
200505;17184037;BCO MERCANTIL DO BRASIL S.A.                                ;U;4010;0018000009;OUTROS CREDITOS                                   ; 0000000422773731,51
200505;17184037;BCO MERCANTIL DO BRASIL S.A.                                ;U;4010;0018200005;CARTEIRA DE CAMBIO                                ; 0000000060854793,71
200505;17184037;BCO MERCANTIL DO BRASIL S.A.                                ;U;4010;0018300008;RENDAS A RECEBER                                  ; 0000000008379354,73
200505;17184037;BCO MERCANTIL DO BRASIL S.A.                                ;U;4010;0018800003;DIVERSOS                                          ; 0000000353836705,25
200505;17184037;BCO MERCANTIL DO BRASIL S.A.                                ;U;4010;0018900006;(-) PROVISOES PARA OUTROS CREDITOS                ;-0000000000297122,18
200505;17184037;BCO MERCANTIL DO BRASIL S.A.                                ;U;4010;0019000008;OUTROS VALORES E BENS                             ; 0000000013129253,11
200505;17184037;BCO MERCANTIL DO BRASIL S.A.                                ;U;4010;0019800002;OUTROS VALORES E BENS                             ; 0000000004451911,18
200505;17184037;BCO MERCANTIL DO BRASIL S.A.                                ;U;4010;0019900005;DESPESAS ANTECIPADAS                              ; 0000000008677341,93
200505;17184037;BCO MERCANTIL DO BRASIL S.A.                                ;U;4010;0020000004;PERMANENTE                                        ; 0000000318791645,45
200505;17184037;BCO MERCANTIL DO BRASIL S.A.                                ;U;4010;0021000003;INVESTIMENTOS                                     ; 0000000266179252,34
200505;17184037;BCO MERCANTIL DO BRASIL S.A.                                ;U;4010;0021200009;PARTICIPACOES EM COLIGADAS E CONTROLADAS NO PAIS  ; 0000000262294055,30
200505;17184037;BCO MERCANTIL DO BRASIL S.A.                                ;U;4010;0021300002;INVESTIMENTOS POR INCENTIVOS FISCAIS              ; 0000000000366004,01
200505;17184037;BCO MERCANTIL DO BRASIL S.A.                                ;U;4010;0021400005;TITULOS PATRIMONIAIS                              ; 0000000000355800,79
200505;17184037;BCO MERCANTIL DO BRASIL S.A.                                ;U;4010;0021500008;ACOES E COTAS                                     ; 0000000002976512,58
200505;17184037;BCO MERCANTIL DO BRASIL S.A.                                ;U;4010;0021900000;OUTROS INVESTIMENTOS                              ; 0000000000186879,66
200505;17184037;BCO MERCANTIL DO BRASIL S.A.                                ;U;4010;0022000002;IMOBILIZADO DE USO                                ; 0000000010526708,32
200505;17184037;BCO MERCANTIL DO BRASIL S.A.                                ;U;4010;0022100005;MOVEIS E EQUIPAMENTOS EM ESTOQUE                  ; 0000000000000723,75
200505;17184037;BCO MERCANTIL DO BRASIL S.A.                                ;U;4010;0022400004;INSTALACOES, MOVEIS E EQUIPAMENTOS DE USO         ; 0000000005223402,85
200505;17184037;BCO MERCANTIL DO BRASIL S.A.                                ;U;4010;0022900009;OUTROS                                            ; 0000000005302581,72
200505;17184037;BCO MERCANTIL DO BRASIL S.A.                                ;U;4010;0024000000;DIFERIDO                                          ; 0000000042085684,79
200505;17184037;BCO MERCANTIL DO BRASIL S.A.                                ;U;4010;0024100003;GASTOS DE ORGANIZACAO E EXPANSAO                  ; 0000000042085684,79
200505;17184037;BCO MERCANTIL DO BRASIL S.A.                                ;U;4010;0030000001;COMPENSACAO                                       ; 0000016906144381,60
200505;17184037;BCO MERCANTIL DO BRASIL S.A.                                ;U;4010;0030100004;COOBRIGACOES E RISCOS EM GARANTIAS PRESTADAS      ; 0000000501365325,09
200505;17184037;BCO MERCANTIL DO BRASIL S.A.                                ;U;4010;0030300000;TITULOS E VALORES MOBILIARIOS                     ; 0000000908664206,23
200505;17184037;BCO MERCANTIL DO BRASIL S.A.                                ;U;4010;0030400003;CUSTODIA DE VALORES                               ; 0000004899298071,43
200505;17184037;BCO MERCANTIL DO BRASIL S.A.                                ;U;4010;0030500006;COBRANCA                                          ; 0000000942369343,90
200505;17184037;BCO MERCANTIL DO BRASIL S.A.                                ;U;4010;0030600009;NEGOCIACAO E INTERMEDIACAO DE VALORES             ; 0000000507060229,80
200505;17184037;BCO MERCANTIL DO BRASIL S.A.                                ;U;4010;0030800005;CONTRATOS                                         ; 0000000050448870,00
200505;17184037;BCO MERCANTIL DO BRASIL S.A.                                ;U;4010;0030900008;CONTROLE                                          ; 0000007151616828,21
200505;17184037;BCO MERCANTIL DO BRASIL S.A.                                ;U;4010;0031000000;CLASSIFICACAO DA CARTEIRA DE CREDITOS             ; 0000001945321506,94
200505;17184037;BCO MERCANTIL DO BRASIL S.A.                                ;U;4010;0031100003;OPERACOES DE RISCO NIVEL AA                       ; 0000000656045151,44
200505;17184037;BCO MERCANTIL DO BRASIL S.A.                                ;U;4010;0031200006;OPERACOES DE RISCO NIVEL A                        ; 0000000770523238,34
200505;17184037;BCO MERCANTIL DO BRASIL S.A.                                ;U;4010;0031300009;OPERACOES DE RISCO NIVELB                         ; 0000000230082261,85
200505;17184037;BCO MERCANTIL DO BRASIL S.A.                                ;U;4010;0031400002;OPERACOES DE RISCO NIVELC                         ; 0000000085133641,54
200505;17184037;BCO MERCANTIL DO BRASIL S.A.                                ;U;4010;0031500005;OPERACOES DE RISCO NIVEL D                        ; 0000000070962239,11
200505;17184037;BCO MERCANTIL DO BRASIL S.A.                                ;U;4010;0031600008;OPERACOES DE RISCO NIVEL E                        ; 0000000029664806,33
200505;17184037;BCO MERCANTIL DO BRASIL S.A.                                ;U;4010;0031700001;OPERACOES DE RISCO NIVEL F                        ; 0000000026466154,30
200505;17184037;BCO MERCANTIL DO BRASIL S.A.                                ;U;4010;0031800004;OPERACOES DE RISCO NIVEL G                        ; 0000000015126530,39
200505;17184037;BCO MERCANTIL DO BRASIL S.A.                                ;U;4010;0031900007;OPERACOES DE RISCO NIVEL H                        ; 0000000061317483,64
200505;17184037;BCO MERCANTIL DO BRASIL S.A.                                ;U;4010;0039999993;TOTAL GERAL DO ATIVO                              ; 0000020660130936,08
200505;17184037;BCO MERCANTIL DO BRASIL S.A.                                ;U;4010;0040000008;CIRCULANTE EXIGIVEL A LONGO PRAZO                 ; 0000003340064765,57
200505;17184037;BCO MERCANTIL DO BRASIL S.A.                                ;U;4010;0041000007;DEPOSITOS                                         ; 0000002312062764,72
200505;17184037;BCO MERCANTIL DO BRASIL S.A.                                ;U;4010;0041100000;DEPOSITOS A VISTA                                 ; 0000000332078122,69
200505;17184037;BCO MERCANTIL DO BRASIL S.A.                                ;U;4010;0041200003;DEPOSITOS DE POUPANCA                             ; 0000000197599697,26
200505;17184037;BCO MERCANTIL DO BRASIL S.A.                                ;U;4010;0041300006;DEPOSITOS INTERFINANCEIROS                        ; 0000000002236989,63
200505;17184037;BCO MERCANTIL DO BRASIL S.A.                                ;U;4010;0041500002;DEPOSITOS A PRAZO                                 ; 0000001779318086,11
200505;17184037;BCO MERCANTIL DO BRASIL S.A.                                ;U;4010;0041800001;DEPOSITOS EM MOEDAS ESTRANGEIRAS                  ; 0000000000240300,00
200505;17184037;BCO MERCANTIL DO BRASIL S.A.                                ;U;4010;0041900004;OUTROS DEPOSITOS                                  ; 0000000000589569,03
200505;17184037;BCO MERCANTIL DO BRASIL S.A.                                ;U;4010;0042000006;OBRIGACOES POR OPERACOES COMPROMISSADAS           ; 0000000420613514,56
200505;17184037;BCO MERCANTIL DO BRASIL S.A.                                ;U;4010;0042200002;CARTEIRA DE TERCEIROS                             ; 0000000420613514,56
200505;17184037;BCO MERCANTIL DO BRASIL S.A.                                ;U;4010;0043000005;RECURSOS ACEITES CAMB,LI E HIP.,DEBENT.E SIMILARES; 0000000157157785,31
200505;17184037;BCO MERCANTIL DO BRASIL S.A.                                ;U;4010;0043500000;OBRIGACOES P/TITULOS E VALS.MOBILIARIOS EXTERIOR  ; 0000000157157785,31
200505;17184037;BCO MERCANTIL DO BRASIL S.A.                                ;U;4010;0044000004;RELACOES INTERFINANCEIRAS                         ; 0000000051905112,24
200505;17184037;BCO MERCANTIL DO BRASIL S.A.                                ;U;4010;0044100007;OBRIGAÇÕES JUNTO A PARTIC. DE SIST. DE LIQUIDACÃO ; 0000000051905112,24
200505;17184037;BCO MERCANTIL DO BRASIL S.A.                                ;U;4010;0045000003;RELACOES INTERDEPENDENCIAS                        ; 0000000002706304,42
200505;17184037;BCO MERCANTIL DO BRASIL S.A.                                ;U;4010;0045100006;RECURSOS EM TRANSITO DE TERCEIROS                 ; 0000000002706304,42
200505;17184037;BCO MERCANTIL DO BRASIL S.A.                                ;U;4010;0046000002;OBRIGACOES POR EMPRESTIMOS E REPASSES             ; 0000000149370249,67
200505;17184037;BCO MERCANTIL DO BRASIL S.A.                                ;U;4010;0046300001;EMPRESTIMOS NO EXTERIOR                           ; 0000000016641990,30
200505;17184037;BCO MERCANTIL DO BRASIL S.A.                                ;U;4010;0046400004;REPASSES DO PAIS - INSTITUICOES OFICIAIS          ; 0000000132728259,37
200505;17184037;BCO MERCANTIL DO BRASIL S.A.                                ;U;4010;0047000001;INSTRUMENTOS FINANCEIROS DERIVATIVOS              ; 0000000005923750,31
200505;17184037;BCO MERCANTIL DO BRASIL S.A.                                ;U;4010;0047100004;INSTRUMENTOS FINANCEIROS DERIVATIVOS              ; 0000000005923750,31
200505;17184037;BCO MERCANTIL DO BRASIL S.A.                                ;U;4010;0049000009;OUTRAS OBRIGACOES                                 ; 0000000240325284,34
200505;17184037;BCO MERCANTIL DO BRASIL S.A.                                ;U;4010;0049100002;COBRANCA E ARRECADACAO DE TRIBUTOS E ASSEMELHADOS ; 0000000021368270,24
200505;17184037;BCO MERCANTIL DO BRASIL S.A.                                ;U;4010;0049200005;CARTEIRA DE CAMBIO                                ; 0000000051398866,80
200505;17184037;BCO MERCANTIL DO BRASIL S.A.                                ;U;4010;0049300008;SOCIAIS E ESTATUTARIAS                            ; 0000000001309587,58
200505;17184037;BCO MERCANTIL DO BRASIL S.A.                                ;U;4010;0049400001;FISCAIS E PREVIDENCIARIAS                         ; 0000000050146679,90
200505;17184037;BCO MERCANTIL DO BRASIL S.A.                                ;U;4010;0049900006;DIVERSAS                                          ; 0000000116101879,82
200505;17184037;BCO MERCANTIL DO BRASIL S.A.                                ;U;4010;0050000005;RESULTADOS DE EXERCICIOS FUTUROS                  ; 0000000001913575,66
200505;17184037;BCO MERCANTIL DO BRASIL S.A.                                ;U;4010;0051000004;RECEITAS DE EXERCICIOS FUTUROS                    ; 0000000001913575,66
200505;17184037;BCO MERCANTIL DO BRASIL S.A.                                ;U;4010;0051100007;RECEITAS DE EXERCICIOS FUTUROS                    ; 0000000001913575,66
200505;17184037;BCO MERCANTIL DO BRASIL S.A.                                ;U;4010;0060000002;PATRIMONIO LIQUIDO                                ; 0000000405954263,37
200505;17184037;BCO MERCANTIL DO BRASIL S.A.                                ;U;4010;0061000001;PATRIMONIO LIQUIDO                                ; 0000000405954263,37
200505;17184037;BCO MERCANTIL DO BRASIL S.A.                                ;U;4010;0061100004;CAPITAL SOCIAL                                    ; 0000000178200000,00
200505;17184037;BCO MERCANTIL DO BRASIL S.A.                                ;U;4010;0061300000;RESERVAS DE CAPITAL                               ; 0000000042377364,60
200505;17184037;BCO MERCANTIL DO BRASIL S.A.                                ;U;4010;0061400003;RESERVAS DE REAVALIACAO                           ; 0000000013920227,03
200505;17184037;BCO MERCANTIL DO BRASIL S.A.                                ;U;4010;0061500006;RESERVAS DE LUCROS                                ; 0000000171180468,44
200505;17184037;BCO MERCANTIL DO BRASIL S.A.                                ;U;4010;0061800005;LUCROS OU PREJUIZOS ACUMULADOS                    ; 0000000000276203,30
200505;17184037;BCO MERCANTIL DO BRASIL S.A.                                ;U;4010;0070000009;CONTAS DE RESULTADO CREDORAS                      ; 0000000873668586,16
200505;17184037;BCO MERCANTIL DO BRASIL S.A.                                ;U;4010;0071000008;RECEITAS OPERACIONAIS                             ; 0000000462997461,43
200505;17184037;BCO MERCANTIL DO BRASIL S.A.                                ;U;4010;0071100001;RENDAS DE OPERACOES DE CREDITO                    ; 0000000273690788,79
200505;17184037;BCO MERCANTIL DO BRASIL S.A.                                ;U;4010;0071300007;RENDAS DE CAMBIO                                  ; 0000000003983552,26
200505;17184037;BCO MERCANTIL DO BRASIL S.A.                                ;U;4010;0071400000;RENDAS DE APLICACOES INTERFINANCEIRAS DE LIQUIDEZ ; 0000000039999724,06
200505;17184037;BCO MERCANTIL DO BRASIL S.A.                                ;U;4010;0071500003;RENDAS COM TIT. E VAL. MOB. E INST. FINANC. DERIV.; 0000000056354412,24
200505;17184037;BCO MERCANTIL DO BRASIL S.A.                                ;U;4010;0071700009;RENDAS DE PRESTACAO DE SERVICOS                   ; 0000000039173453,29
200505;17184037;BCO MERCANTIL DO BRASIL S.A.                                ;U;4010;0071800002;RENDAS DE PARTICIPACOES                           ; 0000000012882847,50
200505;17184037;BCO MERCANTIL DO BRASIL S.A.                                ;U;4010;0071900005;OUTRAS RECEITAS OPERACIONAIS                      ; 0000000036912683,29
200505;17184037;BCO MERCANTIL DO BRASIL S.A.                                ;U;4010;0073000006;RECEITAS NAO OPERACIONAIS                         ; 0000000006073260,90
200505;17184037;BCO MERCANTIL DO BRASIL S.A.                                ;U;4010;0073100009;LUCROS EM TRANSACOES COM VALORES E BENS           ; 0000000004280284,01
200505;17184037;BCO MERCANTIL DO BRASIL S.A.                                ;U;4010;0073900003;OUTRAS RECEITAS NAO OPERACIONAIS                  ; 0000000001792976,89
200505;17184037;BCO MERCANTIL DO BRASIL S.A.                                ;U;4010;0078000001;RATEIO DE RESULTADOS INTERNOS                     ; 0000000404597863,83
200505;17184037;BCO MERCANTIL DO BRASIL S.A.                                ;U;4010;0078100004;RATEIO DE RESULTADOS INTERNOS                     ; 0000000404597863,83
200505;17184037;BCO MERCANTIL DO BRASIL S.A.                                ;U;4010;0080000006;(-) CONTAS DE RESULTADO DEVEDORAS                 ;-0000000867614636,28
200505;17184037;BCO MERCANTIL DO BRASIL S.A.                                ;U;4010;0081000005;(-) DESPESAS OPERACIONAIS                         ;-0000000464158808,45
200505;17184037;BCO MERCANTIL DO BRASIL S.A.                                ;U;4010;0081100008;(-) DESPESAS DE CAPTACAO                          ;-0000000171951113,55
200505;17184037;BCO MERCANTIL DO BRASIL S.A.                                ;U;4010;0081200001;(-) DESP DE OBRIGACOES POR EMPRESTIMOS E REPASSES ;-0000000006180816,35
200505;17184037;BCO MERCANTIL DO BRASIL S.A.                                ;U;4010;0081400007;(-) DESPESAS DE CAMBIO                            ;-0000000002105886,90
200505;17184037;BCO MERCANTIL DO BRASIL S.A.                                ;U;4010;0081500000;(-) DESP. COM TIT. E VAL. MOB. E INST. FIN. DERIV.;-0000000041642216,64
200505;17184037;BCO MERCANTIL DO BRASIL S.A.                                ;U;4010;0081600003;(-) DESPESAS DE PARTICIPACOES                     ;-0000000000868804,87
200505;17184037;BCO MERCANTIL DO BRASIL S.A.                                ;U;4010;0081700006;(-) DESPESAS ADMINISTRATIVAS                      ;-0000000160651404,48
200505;17184037;BCO MERCANTIL DO BRASIL S.A.                                ;U;4010;0081800009;(-) APROVISIONAMENTOS E AJUSTES PATRIMONIAIS      ;-0000000059785689,74
200505;17184037;BCO MERCANTIL DO BRASIL S.A.                                ;U;4010;0081900002;(-) OUTRAS DESPESAS OPERACIONAIS                  ;-0000000020972875,92
200505;17184037;BCO MERCANTIL DO BRASIL S.A.                                ;U;4010;0083000003;(-) DESPESAS NAO OPERACIONAIS                     ;-0000000002780905,12
200505;17184037;BCO MERCANTIL DO BRASIL S.A.                                ;U;4010;0083100006;(-) PREJUIZOS EM TRANSACOES COM VALORES E BENS    ;-0000000000881313,91
200505;17184037;BCO MERCANTIL DO BRASIL S.A.                                ;U;4010;0083900000;(-) OUTRAS DESPESAS NAO OPERACIONAIS              ;-0000000001899591,21
200505;17184037;BCO MERCANTIL DO BRASIL S.A.                                ;U;4010;0088000008;(-) RATEIO DE RESULTADOS INTERNOS                 ;-0000000404597863,83
200505;17184037;BCO MERCANTIL DO BRASIL S.A.                                ;U;4010;0088100001;(-) RATEIO DE RESULTADOS INTERNOS                 ;-0000000404597863,83
200505;17184037;BCO MERCANTIL DO BRASIL S.A.                                ;U;4010;0089000007;(-) APURACAO DE RESULTADO                         ; 0000000003922941,12
200505;17184037;BCO MERCANTIL DO BRASIL S.A.                                ;U;4010;0089400009;(-) IMPOSTO DE RENDA                              ; 0000000003922941,12
200505;17184037;BCO MERCANTIL DO BRASIL S.A.                                ;U;4010;0090000003;COMPENSACAO                                       ; 0000016906144381,60
200505;17184037;BCO MERCANTIL DO BRASIL S.A.                                ;U;4010;0090100006;COOBRIGACOES E RISCOS EM GARANTIAS PRESTADAS      ; 0000000501365325,09
200505;17184037;BCO MERCANTIL DO BRASIL S.A.                                ;U;4010;0090300002;TITULOS E VALORES MOBILIARIOS                     ; 0000000908664206,23
200505;17184037;BCO MERCANTIL DO BRASIL S.A.                                ;U;4010;0090400005;CUSTODIA DE VALORES                               ; 0000004899298071,43
200505;17184037;BCO MERCANTIL DO BRASIL S.A.                                ;U;4010;0090500008;COBRANCA                                          ; 0000000942369343,90
200505;17184037;BCO MERCANTIL DO BRASIL S.A.                                ;U;4010;0090600001;NEGOCIACAO E INTERMEDIACAO DE VALORES             ; 0000000507060229,80
200505;17184037;BCO MERCANTIL DO BRASIL S.A.                                ;U;4010;0090800007;CONTRATOS                                         ; 0000000050448870,00
200505;17184037;BCO MERCANTIL DO BRASIL S.A.                                ;U;4010;0090900000;CONTROLE                                          ; 0000007151616828,21
200505;17184037;BCO MERCANTIL DO BRASIL S.A.                                ;U;4010;0091000002;CLASSIFICACAO DA CARTEIRA DE CREDITOS             ; 0000001945321506,94
200505;17184037;BCO MERCANTIL DO BRASIL S.A.                                ;U;4010;0091100005;OPERACOES DE CREDITOS E ARRENDAMENTO MERCANTIL    ; 0000001945321506,94
200505;17184037;BCO MERCANTIL DO BRASIL S.A.                                ;U;4010;0099999995;TOTAL GERAL DO PASSIVO                            ; 0000020660130936,08
200505;17298092;BCO ITAÚ BBA S.A.                                           ;U;4010;0010000007;CIRCULANTE E REALIZAVEL A LONGO PRAZO             ; 0000031323305664,49
200505;17298092;BCO ITAÚ BBA S.A.                                           ;U;4010;0011000006;DISPONIBILIDADES                                  ; 0000000036772581,85
200505;17298092;BCO ITAÚ BBA S.A.                                           ;U;4010;0011100009;CAIXA                                             ; 0000000000014264,55
200505;17298092;BCO ITAÚ BBA S.A.                                           ;U;4010;0011200002;DEPOSITOS BANCARIOS                               ; 0000000000000000,01
200505;17298092;BCO ITAÚ BBA S.A.                                           ;U;4010;0011300005;RESERVAS LIVRES                                   ; 0000000000060807,33
200505;17298092;BCO ITAÚ BBA S.A.                                           ;U;4010;0011500001;DISPONIBILIDADES EM MOEDAS ESTRANGEIRAS           ; 0000000036697509,96
200505;17298092;BCO ITAÚ BBA S.A.                                           ;U;4010;0012000005;APLICACOES INTERFINANCEIRAS DE LIQUIDEZ           ; 0000010886257174,86
200505;17298092;BCO ITAÚ BBA S.A.                                           ;U;4010;0012100008;APLICACOES EM OPERACOES COMPROMISSADAS            ; 0000003572195513,40
200505;17298092;BCO ITAÚ BBA S.A.                                           ;U;4010;0012200001;APLICACOES EM DEPOSITOS INTERFINANCEIROS          ; 0000007260931681,46
200505;17298092;BCO ITAÚ BBA S.A.                                           ;U;4010;0012600003;APLICA OES EM MOEDAS ESTRANGEIRAS                 ; 0000000053129980,00
200505;17298092;BCO ITAÚ BBA S.A.                                           ;U;4010;0013000004;TITULOS E VAL. MOB. E INST. FINANC. DERIVATIVOS   ; 0000007235907322,68
200505;17298092;BCO ITAÚ BBA S.A.                                           ;U;4010;0013100007;LIVRES                                            ; 0000003061048840,11
200505;17298092;BCO ITAÚ BBA S.A.                                           ;U;4010;0013200000;VINCULADOS A OPERACOES COMPROMISSADAS             ; 0000001239082833,04
200505;17298092;BCO ITAÚ BBA S.A.                                           ;U;4010;0013300003;INSTRUMENTOS FINANCEIROS DERIVATIVOS              ; 0000001565337016,41
200505;17298092;BCO ITAÚ BBA S.A.                                           ;U;4010;0013400006;VINCULADOS AO BANCO CENTRAL                       ; 0000000161809938,91
200505;17298092;BCO ITAÚ BBA S.A.                                           ;U;4010;0013600002;VINCULADOS A PRESTACAO DE GARANTIAS               ; 0000001208628694,21
200505;17298092;BCO ITAÚ BBA S.A.                                           ;U;4010;0014000003;RELACOES INTERFINANCEIRAS                         ; 0000000073576161,41
200505;17298092;BCO ITAÚ BBA S.A.                                           ;U;4010;0014100006;DIREITOS JUNTO A PARTIC. DE SISTEMAS DE LIQUIDAÇÃO; 0000000000005033,39
200505;17298092;BCO ITAÚ BBA S.A.                                           ;U;4010;0014200009;CREDITOS VINCULADOS                               ; 0000000007218391,26
200505;17298092;BCO ITAÚ BBA S.A.                                           ;U;4010;0014300002;REPASSES INTERFINANCEIROS                         ; 0000000019616649,59
200505;17298092;BCO ITAÚ BBA S.A.                                           ;U;4010;0014400005;RELACOES COM CORRESPONDENTES                      ; 0000000046736087,17
200505;17298092;BCO ITAÚ BBA S.A.                                           ;U;4010;0015000002;RELACOES INTERDEPENDENCIAS                        ; 0000000000052496,81
200505;17298092;BCO ITAÚ BBA S.A.                                           ;U;4010;0015200008;TRANSFERENCIAS INTERNAS DE RECURSOS               ; 0000000000052496,81
200505;17298092;BCO ITAÚ BBA S.A.                                           ;U;4010;0016000001;OPERACOES DE CREDITO                              ; 0000011013973963,24
200505;17298092;BCO ITAÚ BBA S.A.                                           ;U;4010;0016100004;EMPRESTIMOS E TITULOS DESCONTADOS                 ; 0000003489438071,80
200505;17298092;BCO ITAÚ BBA S.A.                                           ;U;4010;0016200007;FINANCIAMENTOS                                    ; 0000006233784171,11
200505;17298092;BCO ITAÚ BBA S.A.                                           ;U;4010;0016300000;FINANCIAMENTOS RURAIS E AGROINDUSTRIAIS           ; 0000001472959288,25
200505;17298092;BCO ITAÚ BBA S.A.                                           ;U;4010;0016900008;(-) PROVISOES PARA OPERACOES DE CREDITO           ;-0000000182207567,92
200505;17298092;BCO ITAÚ BBA S.A.                                           ;U;4010;0018000009;OUTROS CREDITOS                                   ; 0000002070138878,22
200505;17298092;BCO ITAÚ BBA S.A.                                           ;U;4010;0018200005;CARTEIRA DE CAMBIO                                ; 0000001556776428,96
200505;17298092;BCO ITAÚ BBA S.A.                                           ;U;4010;0018300008;RENDAS A RECEBER                                  ; 0000000005352924,72
200505;17298092;BCO ITAÚ BBA S.A.                                           ;U;4010;0018800003;DIVERSOS                                          ; 0000000514647558,98
200505;17298092;BCO ITAÚ BBA S.A.                                           ;U;4010;0018900006;(-) PROVISOES PARA OUTROS CREDITOS                ;-0000000006638034,44
200505;17298092;BCO ITAÚ BBA S.A.                                           ;U;4010;0019000008;OUTROS VALORES E BENS                             ; 0000000006627085,42
200505;17298092;BCO ITAÚ BBA S.A.                                           ;U;4010;0019800002;OUTROS VALORES E BENS                             ; 0000000003314453,23
200505;17298092;BCO ITAÚ BBA S.A.                                           ;U;4010;0019900005;DESPESAS ANTECIPADAS                              ; 0000000003312632,19
200505;17298092;BCO ITAÚ BBA S.A.                                           ;U;4010;0020000004;PERMANENTE                                        ; 0000001791050673,85
200505;17298092;BCO ITAÚ BBA S.A.                                           ;U;4010;0021000003;INVESTIMENTOS                                     ; 0000001729861216,57
200505;17298092;BCO ITAÚ BBA S.A.                                           ;U;4010;0021100006;INVESTIMENTOS NO EXTERIOR                         ; 0000001695168137,41
200505;17298092;BCO ITAÚ BBA S.A.                                           ;U;4010;0021200009;PARTICIPACOES EM COLIGADAS E CONTROLADAS NO PAIS  ; 0000000020144268,77
200505;17298092;BCO ITAÚ BBA S.A.                                           ;U;4010;0021300002;INVESTIMENTOS POR INCENTIVOS FISCAIS              ; 0000000000376000,00
200505;17298092;BCO ITAÚ BBA S.A.                                           ;U;4010;0021400005;TITULOS PATRIMONIAIS                              ; 0000000010769379,19
200505;17298092;BCO ITAÚ BBA S.A.                                           ;U;4010;0021500008;ACOES E COTAS                                     ; 0000000002389295,47
200505;17298092;BCO ITAÚ BBA S.A.                                           ;U;4010;0021900000;OUTROS INVESTIMENTOS                              ; 0000000001014135,73
200505;17298092;BCO ITAÚ BBA S.A.                                           ;U;4010;0022000002;IMOBILIZADO DE USO                                ; 0000000037665456,86
200505;17298092;BCO ITAÚ BBA S.A.                                           ;U;4010;0022300001;IMOVEIS DE USO                                    ; 0000000006922840,26
200505;17298092;BCO ITAÚ BBA S.A.                                           ;U;4010;0022400004;INSTALACOES, MOVEIS E EQUIPAMENTOS DE USO         ; 0000000014861857,65
200505;17298092;BCO ITAÚ BBA S.A.                                           ;U;4010;0022900009;OUTROS                                            ; 0000000015880758,95
200505;17298092;BCO ITAÚ BBA S.A.                                           ;U;4010;0024000000;DIFERIDO                                          ; 0000000023524000,42
200505;17298092;BCO ITAÚ BBA S.A.                                           ;U;4010;0024100003;GASTOS DE ORGANIZACAO E EXPANSAO                  ; 0000000023524000,42
200505;17298092;BCO ITAÚ BBA S.A.                                           ;U;4010;0030000001;COMPENSACAO                                       ; 0000192432241929,68
200505;17298092;BCO ITAÚ BBA S.A.                                           ;U;4010;0030100004;COOBRIGACOES E RISCOS EM GARANTIAS PRESTADAS      ; 0000002473858800,79
200505;17298092;BCO ITAÚ BBA S.A.                                           ;U;4010;0030300000;TITULOS E VALORES MOBILIARIOS                     ; 0000012906477628,95
200505;17298092;BCO ITAÚ BBA S.A.                                           ;U;4010;0030400003;CUSTODIA DE VALORES                               ; 0000033697180095,19
200505;17298092;BCO ITAÚ BBA S.A.                                           ;U;4010;0030500006;COBRANCA                                          ; 0000008008571301,96
200505;17298092;BCO ITAÚ BBA S.A.                                           ;U;4010;0030600009;NEGOCIACAO E INTERMEDIACAO DE VALORES             ; 0000086091326977,48
200505;17298092;BCO ITAÚ BBA S.A.                                           ;U;4010;0030800005;CONTRATOS                                         ; 0000000071443470,33
200505;17298092;BCO ITAÚ BBA S.A.                                           ;U;4010;0030900008;CONTROLE                                          ; 0000036891630057,99
200505;17298092;BCO ITAÚ BBA S.A.                                           ;U;4010;0031000000;CLASSIFICACAO DA CARTEIRA DE CREDITOS             ; 0000012291753596,99
200505;17298092;BCO ITAÚ BBA S.A.                                           ;U;4010;0031100003;OPERACOES DE RISCO NIVEL AA                       ; 0000003467977367,61
200505;17298092;BCO ITAÚ BBA S.A.                                           ;U;4010;0031200006;OPERACOES DE RISCO NIVEL A                        ; 0000007208959014,81
200505;17298092;BCO ITAÚ BBA S.A.                                           ;U;4010;0031300009;OPERACOES DE RISCO NIVELB                         ; 0000001438343556,62
200505;17298092;BCO ITAÚ BBA S.A.                                           ;U;4010;0031400002;OPERACOES DE RISCO NIVELC                         ; 0000000097136061,48
200505;17298092;BCO ITAÚ BBA S.A.                                           ;U;4010;0031500005;OPERACOES DE RISCO NIVEL D                        ; 0000000037398300,93
200505;17298092;BCO ITAÚ BBA S.A.                                           ;U;4010;0031600008;OPERACOES DE RISCO NIVEL E                        ; 0000000003838240,11
200505;17298092;BCO ITAÚ BBA S.A.                                           ;U;4010;0031700001;OPERACOES DE RISCO NIVEL F                        ; 0000000011536447,56
200505;17298092;BCO ITAÚ BBA S.A.                                           ;U;4010;0031800004;OPERACOES DE RISCO NIVEL G                        ; 0000000000000704,29
200505;17298092;BCO ITAÚ BBA S.A.                                           ;U;4010;0031900007;OPERACOES DE RISCO NIVEL H                        ; 0000000026563903,58
200505;17298092;BCO ITAÚ BBA S.A.                                           ;U;4010;0039999993;TOTAL GERAL DO ATIVO                              ; 0000225546598268,02
200505;17298092;BCO ITAÚ BBA S.A.                                           ;U;4010;0040000008;CIRCULANTE EXIGIVEL A LONGO PRAZO                 ; 0000029098510744,13
200505;17298092;BCO ITAÚ BBA S.A.                                           ;U;4010;0041000007;DEPOSITOS                                         ; 0000015109394054,57
200505;17298092;BCO ITAÚ BBA S.A.                                           ;U;4010;0041100000;DEPOSITOS A VISTA                                 ; 0000000010230981,63
200505;17298092;BCO ITAÚ BBA S.A.                                           ;U;4010;0041300006;DEPOSITOS INTERFINANCEIROS                        ; 0000014281720355,32
200505;17298092;BCO ITAÚ BBA S.A.                                           ;U;4010;0041500002;DEPOSITOS A PRAZO                                 ; 0000000817431570,07
200505;17298092;BCO ITAÚ BBA S.A.                                           ;U;4010;0041900004;OUTROS DEPOSITOS                                  ; 0000000000011147,55
200505;17298092;BCO ITAÚ BBA S.A.                                           ;U;4010;0042000006;OBRIGACOES POR OPERACOES COMPROMISSADAS           ; 0000002828159334,98
200505;17298092;BCO ITAÚ BBA S.A.                                           ;U;4010;0042100009;CARTEIRA PROPRIA                                  ; 0000001215295471,04
200505;17298092;BCO ITAÚ BBA S.A.                                           ;U;4010;0042200002;CARTEIRA DE TERCEIROS                             ; 0000001612863863,94
200505;17298092;BCO ITAÚ BBA S.A.                                           ;U;4010;0043000005;RECURSOS ACEITES CAMB,LI E HIP.,DEBENT.E SIMILARES; 0000002440370509,51
200505;17298092;BCO ITAÚ BBA S.A.                                           ;U;4010;0043500000;OBRIGACOES P/TITULOS E VALS.MOBILIARIOS EXTERIOR  ; 0000002440370509,51
200505;17298092;BCO ITAÚ BBA S.A.                                           ;U;4010;0044000004;RELACOES INTERFINANCEIRAS                         ; 0000000022698458,94
200505;17298092;BCO ITAÚ BBA S.A.                                           ;U;4010;0044100007;OBRIGAÇÕES JUNTO A PARTIC. DE SIST. DE LIQUIDACÃO ; 0000000000076786,33
200505;17298092;BCO ITAÚ BBA S.A.                                           ;U;4010;0044300003;REPASSES INTERFINANCEIROS                         ; 0000000022621672,61
200505;17298092;BCO ITAÚ BBA S.A.                                           ;U;4010;0045000003;RELACOES INTERDEPENDENCIAS                        ; 0000000291728984,95
200505;17298092;BCO ITAÚ BBA S.A.                                           ;U;4010;0045100006;RECURSOS EM TRANSITO DE TERCEIROS                 ; 0000000291728984,95
200505;17298092;BCO ITAÚ BBA S.A.                                           ;U;4010;0046000002;OBRIGACOES POR EMPRESTIMOS E REPASSES             ; 0000005179186701,12
200505;17298092;BCO ITAÚ BBA S.A.                                           ;U;4010;0046200008;EMPRESTIMOS NO PAIS - OUTRAS INSTITUICOES         ; 0000000001430990,53
200505;17298092;BCO ITAÚ BBA S.A.                                           ;U;4010;0046300001;EMPRESTIMOS NO EXTERIOR                           ; 0000001797506702,42
200505;17298092;BCO ITAÚ BBA S.A.                                           ;U;4010;0046400004;REPASSES DO PAIS - INSTITUICOES OFICIAIS          ; 0000003380249008,17
200505;17298092;BCO ITAÚ BBA S.A.                                           ;U;4010;0047000001;INSTRUMENTOS FINANCEIROS DERIVATIVOS              ; 0000001285280896,57
200505;17298092;BCO ITAÚ BBA S.A.                                           ;U;4010;0047100004;INSTRUMENTOS FINANCEIROS DERIVATIVOS              ; 0000001285280896,57
200505;17298092;BCO ITAÚ BBA S.A.                                           ;U;4010;0049000009;OUTRAS OBRIGACOES                                 ; 0000001941691803,49
200505;17298092;BCO ITAÚ BBA S.A.                                           ;U;4010;0049100002;COBRANCA E ARRECADACAO DE TRIBUTOS E ASSEMELHADOS ; 0000000021654555,60
200505;17298092;BCO ITAÚ BBA S.A.                                           ;U;4010;0049200005;CARTEIRA DE CAMBIO                                ; 0000000608521568,26
200505;17298092;BCO ITAÚ BBA S.A.                                           ;U;4010;0049300008;SOCIAIS E ESTATUTARIAS                            ; 0000000168174400,91
200505;17298092;BCO ITAÚ BBA S.A.                                           ;U;4010;0049400001;FISCAIS E PREVIDENCIARIAS                         ; 0000000673723108,12
200505;17298092;BCO ITAÚ BBA S.A.                                           ;U;4010;0049500004;NEGOCIACAO E INTERMEDIACAO DE VALORES             ; 0000000095137921,76
200505;17298092;BCO ITAÚ BBA S.A.                                           ;U;4010;0049900006;DIVERSAS                                          ; 0000000374480248,84
200505;17298092;BCO ITAÚ BBA S.A.                                           ;U;4010;0050000005;RESULTADOS DE EXERCICIOS FUTUROS                  ; 0000000006780333,12
200505;17298092;BCO ITAÚ BBA S.A.                                           ;U;4010;0051000004;RECEITAS DE EXERCICIOS FUTUROS                    ; 0000000006780333,12
200505;17298092;BCO ITAÚ BBA S.A.                                           ;U;4010;0051100007;RECEITAS DE EXERCICIOS FUTUROS                    ; 0000000006780333,12
200505;17298092;BCO ITAÚ BBA S.A.                                           ;U;4010;0060000002;PATRIMONIO LIQUIDO                                ; 0000003653610263,14
200505;17298092;BCO ITAÚ BBA S.A.                                           ;U;4010;0061000001;PATRIMONIO LIQUIDO                                ; 0000003653610263,14
200505;17298092;BCO ITAÚ BBA S.A.                                           ;U;4010;0061100004;CAPITAL SOCIAL                                    ; 0000002755795202,85
200505;17298092;BCO ITAÚ BBA S.A.                                           ;U;4010;0061300000;RESERVAS DE CAPITAL                               ; 0000000093176157,87
200505;17298092;BCO ITAÚ BBA S.A.                                           ;U;4010;0061500006;RESERVAS DE LUCROS                                ; 0000000541255329,91
200505;17298092;BCO ITAÚ BBA S.A.                                           ;U;4010;0061600009;AJUSTES DE AVALIACAO PATRIMONIAL                  ; 0000000018104056,63
200505;17298092;BCO ITAÚ BBA S.A.                                           ;U;4010;0061800005;LUCROS OU PREJUIZOS ACUMULADOS                    ; 0000000245279515,88
200505;17298092;BCO ITAÚ BBA S.A.                                           ;U;4010;0070000009;CONTAS DE RESULTADO CREDORAS                      ; 0000005012384241,14
200505;17298092;BCO ITAÚ BBA S.A.                                           ;U;4010;0071000008;RECEITAS OPERACIONAIS                             ; 0000005011655210,55
200505;17298092;BCO ITAÚ BBA S.A.                                           ;U;4010;0071100001;RENDAS DE OPERACOES DE CREDITO                    ; 0000000585231836,31
200505;17298092;BCO ITAÚ BBA S.A.                                           ;U;4010;0071300007;RENDAS DE CAMBIO                                  ; 0000000532553054,03
200505;17298092;BCO ITAÚ BBA S.A.                                           ;U;4010;0071400000;RENDAS DE APLICACOES INTERFINANCEIRAS DE LIQUIDEZ ; 0000000730601717,95
200505;17298092;BCO ITAÚ BBA S.A.                                           ;U;4010;0071500003;RENDAS COM TIT. E VAL. MOB. E INST. FINANC. DERIV.; 0000002503162131,68
200505;17298092;BCO ITAÚ BBA S.A.                                           ;U;4010;0071700009;RENDAS DE PRESTACAO DE SERVICOS                   ; 0000000038993395,92
200505;17298092;BCO ITAÚ BBA S.A.                                           ;U;4010;0071900005;OUTRAS RECEITAS OPERACIONAIS                      ; 0000000621113074,66
200505;17298092;BCO ITAÚ BBA S.A.                                           ;U;4010;0073000006;RECEITAS NAO OPERACIONAIS                         ; 0000000000729030,59
200505;17298092;BCO ITAÚ BBA S.A.                                           ;U;4010;0073100009;LUCROS EM TRANSACOES COM VALORES E BENS           ; 0000000000006471,80
200505;17298092;BCO ITAÚ BBA S.A.                                           ;U;4010;0073900003;OUTRAS RECEITAS NAO OPERACIONAIS                  ; 0000000000722558,79
200505;17298092;BCO ITAÚ BBA S.A.                                           ;U;4010;0080000006;(-) CONTAS DE RESULTADO DEVEDORAS                 ;-0000004656929243,19
200505;17298092;BCO ITAÚ BBA S.A.                                           ;U;4010;0081000005;(-) DESPESAS OPERACIONAIS                         ;-0000004386208404,88
200505;17298092;BCO ITAÚ BBA S.A.                                           ;U;4010;0081100008;(-) DESPESAS DE CAPTACAO                          ;-0000001058699185,28
200505;17298092;BCO ITAÚ BBA S.A.                                           ;U;4010;0081200001;(-) DESP DE OBRIGACOES POR EMPRESTIMOS E REPASSES ;-0000000214984848,22
200505;17298092;BCO ITAÚ BBA S.A.                                           ;U;4010;0081400007;(-) DESPESAS DE CAMBIO                            ;-0000000578153417,61
200505;17298092;BCO ITAÚ BBA S.A.                                           ;U;4010;0081500000;(-) DESP. COM TIT. E VAL. MOB. E INST. FIN. DERIV.;-0000001692714959,86
200505;17298092;BCO ITAÚ BBA S.A.                                           ;U;4010;0081600003;(-) DESPESAS DE PARTICIPACOES                     ;-0000000123940234,53
200505;17298092;BCO ITAÚ BBA S.A.                                           ;U;4010;0081700006;(-) DESPESAS ADMINISTRATIVAS                      ;-0000000114035573,71
200505;17298092;BCO ITAÚ BBA S.A.                                           ;U;4010;0081800009;(-) APROVISIONAMENTOS E AJUSTES PATRIMONIAIS      ;-0000000035453771,48
200505;17298092;BCO ITAÚ BBA S.A.                                           ;U;4010;0081900002;(-) OUTRAS DESPESAS OPERACIONAIS                  ;-0000000568226414,19
200505;17298092;BCO ITAÚ BBA S.A.                                           ;U;4010;0083000003;(-) DESPESAS NAO OPERACIONAIS                     ;-0000000000044178,52
200505;17298092;BCO ITAÚ BBA S.A.                                           ;U;4010;0083100006;(-) PREJUIZOS EM TRANSACOES COM VALORES E BENS    ;-0000000000014963,54
200505;17298092;BCO ITAÚ BBA S.A.                                           ;U;4010;0083900000;(-) OUTRAS DESPESAS NAO OPERACIONAIS              ;-0000000000029214,98
200505;17298092;BCO ITAÚ BBA S.A.                                           ;U;4010;0089000007;(-) APURACAO DE RESULTADO                         ;-0000000270676659,79
200505;17298092;BCO ITAÚ BBA S.A.                                           ;U;4010;0089400009;(-) IMPOSTO DE RENDA                              ;-0000000224484717,40
200505;17298092;BCO ITAÚ BBA S.A.                                           ;U;4010;0089700008;(-) PARTICIPACOES NO LUCRO                        ;-0000000046191942,39
200505;17298092;BCO ITAÚ BBA S.A.                                           ;U;4010;0090000003;COMPENSACAO                                       ; 0000192432241929,68
200505;17298092;BCO ITAÚ BBA S.A.                                           ;U;4010;0090100006;COOBRIGACOES E RISCOS EM GARANTIAS PRESTADAS      ; 0000002473858800,79
200505;17298092;BCO ITAÚ BBA S.A.                                           ;U;4010;0090300002;TITULOS E VALORES MOBILIARIOS                     ; 0000012906477628,95
200505;17298092;BCO ITAÚ BBA S.A.                                           ;U;4010;0090400005;CUSTODIA DE VALORES                               ; 0000033697180095,19
200505;17298092;BCO ITAÚ BBA S.A.                                           ;U;4010;0090500008;COBRANCA                                          ; 0000008008571301,96
200505;17298092;BCO ITAÚ BBA S.A.                                           ;U;4010;0090600001;NEGOCIACAO E INTERMEDIACAO DE VALORES             ; 0000086091326977,48
200505;17298092;BCO ITAÚ BBA S.A.                                           ;U;4010;0090800007;CONTRATOS                                         ; 0000000071443470,33
200505;17298092;BCO ITAÚ BBA S.A.                                           ;U;4010;0090900000;CONTROLE                                          ; 0000036891630057,99
200505;17298092;BCO ITAÚ BBA S.A.                                           ;U;4010;0091000002;CLASSIFICACAO DA CARTEIRA DE CREDITOS             ; 0000012291753596,99
200505;17298092;BCO ITAÚ BBA S.A.                                           ;U;4010;0091100005;OPERACOES DE CREDITOS E ARRENDAMENTO MERCANTIL    ; 0000012291753596,99
200505;17298092;BCO ITAÚ BBA S.A.                                           ;U;4010;0099999995;TOTAL GERAL DO PASSIVO                            ; 0000225546598268,02
200505;17351180;BCO TRIANGULO S.A.                                          ;U;4010;0010000007;CIRCULANTE E REALIZAVEL A LONGO PRAZO             ; 0000000725344761,91
200505;17351180;BCO TRIANGULO S.A.                                          ;U;4010;0011000006;DISPONIBILIDADES                                  ; 0000000000980785,08
200505;17351180;BCO TRIANGULO S.A.                                          ;U;4010;0011100009;CAIXA                                             ; 0000000000129453,12
200505;17351180;BCO TRIANGULO S.A.                                          ;U;4010;0011300005;RESERVAS LIVRES                                   ; 0000000000851331,96
200505;17351180;BCO TRIANGULO S.A.                                          ;U;4010;0012000005;APLICACOES INTERFINANCEIRAS DE LIQUIDEZ           ; 0000000045958210,13
200505;17351180;BCO TRIANGULO S.A.                                          ;U;4010;0012100008;APLICACOES EM OPERACOES COMPROMISSADAS            ; 0000000039999479,21
200505;17351180;BCO TRIANGULO S.A.                                          ;U;4010;0012200001;APLICACOES EM DEPOSITOS INTERFINANCEIROS          ; 0000000005958730,92
200505;17351180;BCO TRIANGULO S.A.                                          ;U;4010;0013000004;TITULOS E VAL. MOB. E INST. FINANC. DERIVATIVOS   ; 0000000047482862,12
200505;17351180;BCO TRIANGULO S.A.                                          ;U;4010;0013100007;LIVRES                                            ; 0000000047457368,14
200505;17351180;BCO TRIANGULO S.A.                                          ;U;4010;0013600002;VINCULADOS A PRESTACAO DE GARANTIAS               ; 0000000000025493,98
200505;17351180;BCO TRIANGULO S.A.                                          ;U;4010;0014000003;RELACOES INTERFINANCEIRAS                         ; 0000000009379540,23
200505;17351180;BCO TRIANGULO S.A.                                          ;U;4010;0014100006;DIREITOS JUNTO A PARTIC. DE SISTEMAS DE LIQUIDAÇÃO; 0000000002868731,47
200505;17351180;BCO TRIANGULO S.A.                                          ;U;4010;0014200009;CREDITOS VINCULADOS                               ; 0000000000334823,96
200505;17351180;BCO TRIANGULO S.A.                                          ;U;4010;0014400005;RELACOES COM CORRESPONDENTES                      ; 0000000006175984,80
200505;17351180;BCO TRIANGULO S.A.                                          ;U;4010;0015000002;RELACOES INTERDEPENDENCIAS                        ; 0000000005872385,62
200505;17351180;BCO TRIANGULO S.A.                                          ;U;4010;0015200008;TRANSFERENCIAS INTERNAS DE RECURSOS               ; 0000000005872385,62
200505;17351180;BCO TRIANGULO S.A.                                          ;U;4010;0016000001;OPERACOES DE CREDITO                              ; 0000000591920272,69
200505;17351180;BCO TRIANGULO S.A.                                          ;U;4010;0016100004;EMPRESTIMOS E TITULOS DESCONTADOS                 ; 0000000350779393,46
200505;17351180;BCO TRIANGULO S.A.                                          ;U;4010;0016200007;FINANCIAMENTOS                                    ; 0000000260130473,17
200505;17351180;BCO TRIANGULO S.A.                                          ;U;4010;0016900008;(-) PROVISOES PARA OPERACOES DE CREDITO           ;-0000000018989593,94
200505;17351180;BCO TRIANGULO S.A.                                          ;U;4010;0018000009;OUTROS CREDITOS                                   ; 0000000023509184,04
200505;17351180;BCO TRIANGULO S.A.                                          ;U;4010;0018800003;DIVERSOS                                          ; 0000000023509184,04
200505;17351180;BCO TRIANGULO S.A.                                          ;U;4010;0019000008;OUTROS VALORES E BENS                             ; 0000000000241522,00
200505;17351180;BCO TRIANGULO S.A.                                          ;U;4010;0019800002;OUTROS VALORES E BENS                             ; 0000000000241522,00
200505;17351180;BCO TRIANGULO S.A.                                          ;U;4010;0020000004;PERMANENTE                                        ; 0000000029266101,14
200505;17351180;BCO TRIANGULO S.A.                                          ;U;4010;0021000003;INVESTIMENTOS                                     ; 0000000020115357,58
200505;17351180;BCO TRIANGULO S.A.                                          ;U;4010;0021200009;PARTICIPACOES EM COLIGADAS E CONTROLADAS NO PAIS  ; 0000000019910956,39
200505;17351180;BCO TRIANGULO S.A.                                          ;U;4010;0021300002;INVESTIMENTOS POR INCENTIVOS FISCAIS              ; 0000000000000258,80
200505;17351180;BCO TRIANGULO S.A.                                          ;U;4010;0021400005;TITULOS PATRIMONIAIS                              ; 0000000000004467,29
200505;17351180;BCO TRIANGULO S.A.                                          ;U;4010;0021500008;ACOES E COTAS                                     ; 0000000000174609,80
200505;17351180;BCO TRIANGULO S.A.                                          ;U;4010;0021900000;OUTROS INVESTIMENTOS                              ; 0000000000025065,30
200505;17351180;BCO TRIANGULO S.A.                                          ;U;4010;0022000002;IMOBILIZADO DE USO                                ; 0000000006981627,88
200505;17351180;BCO TRIANGULO S.A.                                          ;U;4010;0022200008;IMOBILIZACOES EM CURSO                            ; 0000000000006642,40
200505;17351180;BCO TRIANGULO S.A.                                          ;U;4010;0022300001;IMOVEIS DE USO                                    ; 0000000004005462,29
200505;17351180;BCO TRIANGULO S.A.                                          ;U;4010;0022400004;INSTALACOES, MOVEIS E EQUIPAMENTOS DE USO         ; 0000000000489056,21
200505;17351180;BCO TRIANGULO S.A.                                          ;U;4010;0022900009;OUTROS                                            ; 0000000002480466,98
200505;17351180;BCO TRIANGULO S.A.                                          ;U;4010;0024000000;DIFERIDO                                          ; 0000000002169115,68
200505;17351180;BCO TRIANGULO S.A.                                          ;U;4010;0024100003;GASTOS DE ORGANIZACAO E EXPANSAO                  ; 0000000002169115,68
200505;17351180;BCO TRIANGULO S.A.                                          ;U;4010;0030000001;COMPENSACAO                                       ; 0000002480111228,30
200505;17351180;BCO TRIANGULO S.A.                                          ;U;4010;0030300000;TITULOS E VALORES MOBILIARIOS                     ; 0000000047482862,12
200505;17351180;BCO TRIANGULO S.A.                                          ;U;4010;0030400003;CUSTODIA DE VALORES                               ; 0000000307937894,97
200505;17351180;BCO TRIANGULO S.A.                                          ;U;4010;0030500006;COBRANCA                                          ; 0000000234759527,73
200505;17351180;BCO TRIANGULO S.A.                                          ;U;4010;0030600009;NEGOCIACAO E INTERMEDIACAO DE VALORES             ; 0000000082325060,21
200505;17351180;BCO TRIANGULO S.A.                                          ;U;4010;0030900008;CONTROLE                                          ; 0000001195985600,03
200505;17351180;BCO TRIANGULO S.A.                                          ;U;4010;0031000000;CLASSIFICACAO DA CARTEIRA DE CREDITOS             ; 0000000611620283,24
200505;17351180;BCO TRIANGULO S.A.                                          ;U;4010;0031100003;OPERACOES DE RISCO NIVEL AA                       ; 0000000207715612,31
200505;17351180;BCO TRIANGULO S.A.                                          ;U;4010;0031200006;OPERACOES DE RISCO NIVEL A                        ; 0000000050417404,81
200505;17351180;BCO TRIANGULO S.A.                                          ;U;4010;0031300009;OPERACOES DE RISCO NIVELB                         ; 0000000041170326,86
200505;17351180;BCO TRIANGULO S.A.                                          ;U;4010;0031400002;OPERACOES DE RISCO NIVELC                         ; 0000000298844863,68
200505;17351180;BCO TRIANGULO S.A.                                          ;U;4010;0031500005;OPERACOES DE RISCO NIVEL D                        ; 0000000001633988,27
200505;17351180;BCO TRIANGULO S.A.                                          ;U;4010;0031600008;OPERACOES DE RISCO NIVEL E                        ; 0000000001406821,56
200505;17351180;BCO TRIANGULO S.A.                                          ;U;4010;0031700001;OPERACOES DE RISCO NIVEL F                        ; 0000000001085414,12
200505;17351180;BCO TRIANGULO S.A.                                          ;U;4010;0031800004;OPERACOES DE RISCO NIVEL G                        ; 0000000003711820,80
200505;17351180;BCO TRIANGULO S.A.                                          ;U;4010;0031900007;OPERACOES DE RISCO NIVEL H                        ; 0000000005634030,83
200505;17351180;BCO TRIANGULO S.A.                                          ;U;4010;0039999993;TOTAL GERAL DO ATIVO                              ; 0000003234722091,35
200505;17351180;BCO TRIANGULO S.A.                                          ;U;4010;0040000008;CIRCULANTE EXIGIVEL A LONGO PRAZO                 ; 0000000579310986,77
200505;17351180;BCO TRIANGULO S.A.                                          ;U;4010;0041000007;DEPOSITOS                                         ; 0000000506676737,59
200505;17351180;BCO TRIANGULO S.A.                                          ;U;4010;0041100000;DEPOSITOS A VISTA                                 ; 0000000015759246,42
200505;17351180;BCO TRIANGULO S.A.                                          ;U;4010;0041300006;DEPOSITOS INTERFINANCEIROS                        ; 0000000181405986,61
200505;17351180;BCO TRIANGULO S.A.                                          ;U;4010;0041500002;DEPOSITOS A PRAZO                                 ; 0000000309463171,05
200505;17351180;BCO TRIANGULO S.A.                                          ;U;4010;0041900004;OUTROS DEPOSITOS                                  ; 0000000000048333,51
200505;17351180;BCO TRIANGULO S.A.                                          ;U;4010;0044000004;RELACOES INTERFINANCEIRAS                         ; 0000000003275676,32
200505;17351180;BCO TRIANGULO S.A.                                          ;U;4010;0044100007;OBRIGAÇÕES JUNTO A PARTIC. DE SIST. DE LIQUIDACÃO ; 0000000003192114,17
200505;17351180;BCO TRIANGULO S.A.                                          ;U;4010;0044400006;RELACOES COM CORRESPONDENTES                      ; 0000000000083562,15
200505;17351180;BCO TRIANGULO S.A.                                          ;U;4010;0045000003;RELACOES INTERDEPENDENCIAS                        ; 0000000006375165,32
200505;17351180;BCO TRIANGULO S.A.                                          ;U;4010;0045100006;RECURSOS EM TRANSITO DE TERCEIROS                 ; 0000000000502779,70
200505;17351180;BCO TRIANGULO S.A.                                          ;U;4010;0045200009;TRANSFERENCIAS INTERNAS DE RECURSOS               ; 0000000005872385,62
200505;17351180;BCO TRIANGULO S.A.                                          ;U;4010;0046000002;OBRIGACOES POR EMPRESTIMOS E REPASSES             ; 0000000002910505,06
200505;17351180;BCO TRIANGULO S.A.                                          ;U;4010;0046400004;REPASSES DO PAIS - INSTITUICOES OFICIAIS          ; 0000000002910505,06
200505;17351180;BCO TRIANGULO S.A.                                          ;U;4010;0047000001;INSTRUMENTOS FINANCEIROS DERIVATIVOS              ; 0000000008998230,34
200505;17351180;BCO TRIANGULO S.A.                                          ;U;4010;0047100004;INSTRUMENTOS FINANCEIROS DERIVATIVOS              ; 0000000008998230,34
200505;17351180;BCO TRIANGULO S.A.                                          ;U;4010;0049000009;OUTRAS OBRIGACOES                                 ; 0000000051074672,14
200505;17351180;BCO TRIANGULO S.A.                                          ;U;4010;0049100002;COBRANCA E ARRECADACAO DE TRIBUTOS E ASSEMELHADOS ; 0000000000169320,13
200505;17351180;BCO TRIANGULO S.A.                                          ;U;4010;0049300008;SOCIAIS E ESTATUTARIAS                            ; 0000000001951548,95
200505;17351180;BCO TRIANGULO S.A.                                          ;U;4010;0049400001;FISCAIS E PREVIDENCIARIAS                         ; 0000000014885540,69
200505;17351180;BCO TRIANGULO S.A.                                          ;U;4010;0049900006;DIVERSAS                                          ; 0000000034068262,37
200505;17351180;BCO TRIANGULO S.A.                                          ;U;4010;0060000002;PATRIMONIO LIQUIDO                                ; 0000000159451248,51
200505;17351180;BCO TRIANGULO S.A.                                          ;U;4010;0061000001;PATRIMONIO LIQUIDO                                ; 0000000159451248,51
200505;17351180;BCO TRIANGULO S.A.                                          ;U;4010;0061100004;CAPITAL SOCIAL                                    ; 0000000090671730,00
200505;17351180;BCO TRIANGULO S.A.                                          ;U;4010;0061200007;CORRECAO MONETARIA DO CAPITAL                     ; 0000000000000000,42
200505;17351180;BCO TRIANGULO S.A.                                          ;U;4010;0061300000;RESERVAS DE CAPITAL                               ; 0000000000000000,79
200505;17351180;BCO TRIANGULO S.A.                                          ;U;4010;0061500006;RESERVAS DE LUCROS                                ; 0000000068799660,34
200505;17351180;BCO TRIANGULO S.A.                                          ;U;4010;0061600009;AJUSTES DE AVALIACAO PATRIMONIAL                  ;-0000000000020143,04
200505;17351180;BCO TRIANGULO S.A.                                          ;U;4010;0070000009;CONTAS DE RESULTADO CREDORAS                      ; 0000000092104733,32
200505;17351180;BCO TRIANGULO S.A.                                          ;U;4010;0071000008;RECEITAS OPERACIONAIS                             ; 0000000091959390,23
200505;17351180;BCO TRIANGULO S.A.                                          ;U;4010;0071100001;RENDAS DE OPERACOES DE CREDITO                    ; 0000000080478902,35
200505;17351180;BCO TRIANGULO S.A.                                          ;U;4010;0071400000;RENDAS DE APLICACOES INTERFINANCEIRAS DE LIQUIDEZ ; 0000000002083022,04
200505;17351180;BCO TRIANGULO S.A.                                          ;U;4010;0071500003;RENDAS COM TIT. E VAL. MOB. E INST. FINANC. DERIV.; 0000000004060974,15
200505;17351180;BCO TRIANGULO S.A.                                          ;U;4010;0071700009;RENDAS DE PRESTACAO DE SERVICOS                   ; 0000000002294088,10
200505;17351180;BCO TRIANGULO S.A.                                          ;U;4010;0071800002;RENDAS DE PARTICIPACOES                           ; 0000000000659497,51
200505;17351180;BCO TRIANGULO S.A.                                          ;U;4010;0071900005;OUTRAS RECEITAS OPERACIONAIS                      ; 0000000002382906,08
200505;17351180;BCO TRIANGULO S.A.                                          ;U;4010;0073000006;RECEITAS NAO OPERACIONAIS                         ; 0000000000145343,09
200505;17351180;BCO TRIANGULO S.A.                                          ;U;4010;0073900003;OUTRAS RECEITAS NAO OPERACIONAIS                  ; 0000000000145343,09
200505;17351180;BCO TRIANGULO S.A.                                          ;U;4010;0080000006;(-) CONTAS DE RESULTADO DEVEDORAS                 ;-0000000076256105,55
200505;17351180;BCO TRIANGULO S.A.                                          ;U;4010;0081000005;(-) DESPESAS OPERACIONAIS                         ;-0000000066423388,03
200505;17351180;BCO TRIANGULO S.A.                                          ;U;4010;0081100008;(-) DESPESAS DE CAPTACAO                          ;-0000000036563281,98
200505;17351180;BCO TRIANGULO S.A.                                          ;U;4010;0081200001;(-) DESP DE OBRIGACOES POR EMPRESTIMOS E REPASSES ;-0000000000122275,17
200505;17351180;BCO TRIANGULO S.A.                                          ;U;4010;0081500000;(-) DESP. COM TIT. E VAL. MOB. E INST. FIN. DERIV.;-0000000004706445,56
200505;17351180;BCO TRIANGULO S.A.                                          ;U;4010;0081700006;(-) DESPESAS ADMINISTRATIVAS                      ;-0000000016097374,98
200505;17351180;BCO TRIANGULO S.A.                                          ;U;4010;0081800009;(-) APROVISIONAMENTOS E AJUSTES PATRIMONIAIS      ;-0000000005932521,23
200505;17351180;BCO TRIANGULO S.A.                                          ;U;4010;0081900002;(-) OUTRAS DESPESAS OPERACIONAIS                  ;-0000000003001489,11
200505;17351180;BCO TRIANGULO S.A.                                          ;U;4010;0083000003;(-) DESPESAS NAO OPERACIONAIS                     ;-0000000000002368,70
200505;17351180;BCO TRIANGULO S.A.                                          ;U;4010;0083900000;(-) OUTRAS DESPESAS NAO OPERACIONAIS              ;-0000000000002368,70
200505;17351180;BCO TRIANGULO S.A.                                          ;U;4010;0089000007;(-) APURACAO DE RESULTADO                         ;-0000000009830348,82
200505;17351180;BCO TRIANGULO S.A.                                          ;U;4010;0089400009;(-) IMPOSTO DE RENDA                              ;-0000000007918764,98
200505;17351180;BCO TRIANGULO S.A.                                          ;U;4010;0089700008;(-) PARTICIPACOES NO LUCRO                        ;-0000000001911583,84
200505;17351180;BCO TRIANGULO S.A.                                          ;U;4010;0090000003;COMPENSACAO                                       ; 0000002480111228,30
200505;17351180;BCO TRIANGULO S.A.                                          ;U;4010;0090300002;TITULOS E VALORES MOBILIARIOS                     ; 0000000047482862,12
200505;17351180;BCO TRIANGULO S.A.                                          ;U;4010;0090400005;CUSTODIA DE VALORES                               ; 0000000307937894,97
200505;17351180;BCO TRIANGULO S.A.                                          ;U;4010;0090500008;COBRANCA                                          ; 0000000234759527,73
200505;17351180;BCO TRIANGULO S.A.                                          ;U;4010;0090600001;NEGOCIACAO E INTERMEDIACAO DE VALORES             ; 0000000082325060,21
200505;17351180;BCO TRIANGULO S.A.                                          ;U;4010;0090900000;CONTROLE                                          ; 0000001195985600,03
200505;17351180;BCO TRIANGULO S.A.                                          ;U;4010;0091000002;CLASSIFICACAO DA CARTEIRA DE CREDITOS             ; 0000000611620283,24
200505;17351180;BCO TRIANGULO S.A.                                          ;U;4010;0091100005;OPERACOES DE CREDITOS E ARRENDAMENTO MERCANTIL    ; 0000000611620283,24
200505;17351180;BCO TRIANGULO S.A.                                          ;U;4010;0099999995;TOTAL GERAL DO PASSIVO                            ; 0000003234722091,35
200505;24933830;BB-BANCO DE INVESTIMENTO S.A.                               ;I;4010;0010000007;CIRCULANTE E REALIZAVEL A LONGO PRAZO             ; 0000001568610733,68
200505;24933830;BB-BANCO DE INVESTIMENTO S.A.                               ;I;4010;0011000006;DISPONIBILIDADES                                  ; 0000000000180430,32
200505;24933830;BB-BANCO DE INVESTIMENTO S.A.                               ;I;4010;0011200002;DEPOSITOS BANCARIOS                               ; 0000000000180430,32
200505;24933830;BB-BANCO DE INVESTIMENTO S.A.                               ;I;4010;0012000005;APLICACOES INTERFINANCEIRAS DE LIQUIDEZ           ; 0000000607383316,16
200505;24933830;BB-BANCO DE INVESTIMENTO S.A.                               ;I;4010;0012100008;APLICACOES EM OPERACOES COMPROMISSADAS            ; 0000000607383316,16
200505;24933830;BB-BANCO DE INVESTIMENTO S.A.                               ;I;4010;0013000004;TITULOS E VAL. MOB. E INST. FINANC. DERIVATIVOS   ; 0000000850015343,44
200505;24933830;BB-BANCO DE INVESTIMENTO S.A.                               ;I;4010;0013100007;LIVRES                                            ; 0000000849704542,01
200505;24933830;BB-BANCO DE INVESTIMENTO S.A.                               ;I;4010;0013300003;INSTRUMENTOS FINANCEIROS DERIVATIVOS              ; 0000000000310801,43
200505;24933830;BB-BANCO DE INVESTIMENTO S.A.                               ;I;4010;0018000009;OUTROS CREDITOS                                   ; 0000000111031643,76
200505;24933830;BB-BANCO DE INVESTIMENTO S.A.                               ;I;4010;0018300008;RENDAS A RECEBER                                  ; 0000000019713373,09
200505;24933830;BB-BANCO DE INVESTIMENTO S.A.                               ;I;4010;0018400001;NEGOCIACAO E INTERMEDIACAO DE VALORES             ; 0000000008688954,32
200505;24933830;BB-BANCO DE INVESTIMENTO S.A.                               ;I;4010;0018800003;DIVERSOS                                          ; 0000000088259437,33
200505;24933830;BB-BANCO DE INVESTIMENTO S.A.                               ;I;4010;0018900006;(-) PROVISOES PARA OUTROS CREDITOS                ;-0000000005630120,98
200505;24933830;BB-BANCO DE INVESTIMENTO S.A.                               ;I;4010;0020000004;PERMANENTE                                        ; 0000000698960078,99
200505;24933830;BB-BANCO DE INVESTIMENTO S.A.                               ;I;4010;0021000003;INVESTIMENTOS                                     ; 0000000698960078,99
200505;24933830;BB-BANCO DE INVESTIMENTO S.A.                               ;I;4010;0021200009;PARTICIPACOES EM COLIGADAS E CONTROLADAS NO PAIS  ; 0000000698950274,33
200505;24933830;BB-BANCO DE INVESTIMENTO S.A.                               ;I;4010;0021500008;ACOES E COTAS                                     ; 0000000000009804,66
200505;24933830;BB-BANCO DE INVESTIMENTO S.A.                               ;I;4010;0030000001;COMPENSACAO                                       ; 0000289213681775,35
200505;24933830;BB-BANCO DE INVESTIMENTO S.A.                               ;I;4010;0030300000;TITULOS E VALORES MOBILIARIOS                     ; 0000001109560463,93
200505;24933830;BB-BANCO DE INVESTIMENTO S.A.                               ;I;4010;0030400003;CUSTODIA DE VALORES                               ; 0000049270618013,71
200505;24933830;BB-BANCO DE INVESTIMENTO S.A.                               ;I;4010;0030600009;NEGOCIACAO E INTERMEDIACAO DE VALORES             ; 0000000111786525,98
200505;24933830;BB-BANCO DE INVESTIMENTO S.A.                               ;I;4010;0030800005;CONTRATOS                                         ; 0000009019493475,29
200505;24933830;BB-BANCO DE INVESTIMENTO S.A.                               ;I;4010;0030900008;CONTROLE                                          ; 0000229682466369,38
200505;24933830;BB-BANCO DE INVESTIMENTO S.A.                               ;I;4010;0031000000;CLASSIFICACAO DA CARTEIRA DE CREDITOS             ; 0000000019756927,06
200505;24933830;BB-BANCO DE INVESTIMENTO S.A.                               ;I;4010;0031200006;OPERACOES DE RISCO NIVEL A                        ; 0000000004610797,55
200505;24933830;BB-BANCO DE INVESTIMENTO S.A.                               ;I;4010;0031400002;OPERACOES DE RISCO NIVELC                         ; 0000000007767169,07
200505;24933830;BB-BANCO DE INVESTIMENTO S.A.                               ;I;4010;0031500005;OPERACOES DE RISCO NIVEL D                        ; 0000000007378960,44
200505;24933830;BB-BANCO DE INVESTIMENTO S.A.                               ;I;4010;0039999993;TOTAL GERAL DO ATIVO                              ; 0000291481252588,02
200505;24933830;BB-BANCO DE INVESTIMENTO S.A.                               ;I;4010;0040000008;CIRCULANTE EXIGIVEL A LONGO PRAZO                 ; 0000000061590461,19
200505;24933830;BB-BANCO DE INVESTIMENTO S.A.                               ;I;4010;0046000002;OBRIGACOES POR EMPRESTIMOS E REPASSES             ; 0000000000126248,39
200505;24933830;BB-BANCO DE INVESTIMENTO S.A.                               ;I;4010;0046400004;REPASSES DO PAIS - INSTITUICOES OFICIAIS          ; 0000000000126248,39
200505;24933830;BB-BANCO DE INVESTIMENTO S.A.                               ;I;4010;0047000001;INSTRUMENTOS FINANCEIROS DERIVATIVOS              ; 0000000000009971,38
200505;24933830;BB-BANCO DE INVESTIMENTO S.A.                               ;I;4010;0047100004;INSTRUMENTOS FINANCEIROS DERIVATIVOS              ; 0000000000009971,38
200505;24933830;BB-BANCO DE INVESTIMENTO S.A.                               ;I;4010;0049000009;OUTRAS OBRIGACOES                                 ; 0000000061454241,42
200505;24933830;BB-BANCO DE INVESTIMENTO S.A.                               ;I;4010;0049400001;FISCAIS E PREVIDENCIARIAS                         ; 0000000040084588,60
200505;24933830;BB-BANCO DE INVESTIMENTO S.A.                               ;I;4010;0049500004;NEGOCIACAO E INTERMEDIACAO DE VALORES             ; 0000000011704086,23
200505;24933830;BB-BANCO DE INVESTIMENTO S.A.                               ;I;4010;0049900006;DIVERSAS                                          ; 0000000009665566,59
200505;24933830;BB-BANCO DE INVESTIMENTO S.A.                               ;I;4010;0060000002;PATRIMONIO LIQUIDO                                ; 0000001983739335,69
200505;24933830;BB-BANCO DE INVESTIMENTO S.A.                               ;I;4010;0061000001;PATRIMONIO LIQUIDO                                ; 0000001983739335,69
200505;24933830;BB-BANCO DE INVESTIMENTO S.A.                               ;I;4010;0061100004;CAPITAL SOCIAL                                    ; 0000001589398864,24
200505;24933830;BB-BANCO DE INVESTIMENTO S.A.                               ;I;4010;0061300000;RESERVAS DE CAPITAL                               ; 0000000005876038,30
200505;24933830;BB-BANCO DE INVESTIMENTO S.A.                               ;I;4010;0061400003;RESERVAS DE REAVALIACAO                           ; 0000000022535731,07
200505;24933830;BB-BANCO DE INVESTIMENTO S.A.                               ;I;4010;0061500006;RESERVAS DE LUCROS                                ; 0000000410377927,73
200505;24933830;BB-BANCO DE INVESTIMENTO S.A.                               ;I;4010;0061600009;AJUSTES DE AVALIACAO PATRIMONIAL                  ;-0000000044471655,25
200505;24933830;BB-BANCO DE INVESTIMENTO S.A.                               ;I;4010;0061800005;LUCROS OU PREJUIZOS ACUMULADOS                    ; 0000000000022429,60
200505;24933830;BB-BANCO DE INVESTIMENTO S.A.                               ;I;4010;0070000009;CONTAS DE RESULTADO CREDORAS                      ; 0000000313908904,86
200505;24933830;BB-BANCO DE INVESTIMENTO S.A.                               ;I;4010;0071000008;RECEITAS OPERACIONAIS                             ; 0000000312410365,86
200505;24933830;BB-BANCO DE INVESTIMENTO S.A.                               ;I;4010;0071400000;RENDAS DE APLICACOES INTERFINANCEIRAS DE LIQUIDEZ ; 0000000039338259,87
200505;24933830;BB-BANCO DE INVESTIMENTO S.A.                               ;I;4010;0071500003;RENDAS COM TIT. E VAL. MOB. E INST. FINANC. DERIV.; 0000000025038854,89
200505;24933830;BB-BANCO DE INVESTIMENTO S.A.                               ;I;4010;0071700009;RENDAS DE PRESTACAO DE SERVICOS                   ; 0000000038044383,13
200505;24933830;BB-BANCO DE INVESTIMENTO S.A.                               ;I;4010;0071800002;RENDAS DE PARTICIPACOES                           ; 0000000172717114,53
200505;24933830;BB-BANCO DE INVESTIMENTO S.A.                               ;I;4010;0071900005;OUTRAS RECEITAS OPERACIONAIS                      ; 0000000037271753,44
200505;24933830;BB-BANCO DE INVESTIMENTO S.A.                               ;I;4010;0073000006;RECEITAS NAO OPERACIONAIS                         ; 0000000001498539,00
200505;24933830;BB-BANCO DE INVESTIMENTO S.A.                               ;I;4010;0073900003;OUTRAS RECEITAS NAO OPERACIONAIS                  ; 0000000001498539,00
200505;24933830;BB-BANCO DE INVESTIMENTO S.A.                               ;I;4010;0080000006;(-) CONTAS DE RESULTADO DEVEDORAS                 ;-0000000091667889,07
200505;24933830;BB-BANCO DE INVESTIMENTO S.A.                               ;I;4010;0081000005;(-) DESPESAS OPERACIONAIS                         ;-0000000065661352,97
200505;24933830;BB-BANCO DE INVESTIMENTO S.A.                               ;I;4010;0081200001;(-) DESP DE OBRIGACOES POR EMPRESTIMOS E REPASSES ;-0000000000007777,96
200505;24933830;BB-BANCO DE INVESTIMENTO S.A.                               ;I;4010;0081500000;(-) DESP. COM TIT. E VAL. MOB. E INST. FIN. DERIV.;-0000000007554448,43
200505;24933830;BB-BANCO DE INVESTIMENTO S.A.                               ;I;4010;0081600003;(-) DESPESAS DE PARTICIPACOES                     ;-0000000025809803,44
200505;24933830;BB-BANCO DE INVESTIMENTO S.A.                               ;I;4010;0081700006;(-) DESPESAS ADMINISTRATIVAS                      ;-0000000016102115,83
200505;24933830;BB-BANCO DE INVESTIMENTO S.A.                               ;I;4010;0081900002;(-) OUTRAS DESPESAS OPERACIONAIS                  ;-0000000016187207,31
200505;24933830;BB-BANCO DE INVESTIMENTO S.A.                               ;I;4010;0089000007;(-) APURACAO DE RESULTADO                         ;-0000000026006536,10
200505;24933830;BB-BANCO DE INVESTIMENTO S.A.                               ;I;4010;0089400009;(-) IMPOSTO DE RENDA                              ;-0000000026006536,10
200505;24933830;BB-BANCO DE INVESTIMENTO S.A.                               ;I;4010;0090000003;COMPENSACAO                                       ; 0000289213681775,35
200505;24933830;BB-BANCO DE INVESTIMENTO S.A.                               ;I;4010;0090300002;TITULOS E VALORES MOBILIARIOS                     ; 0000001109560463,93
200505;24933830;BB-BANCO DE INVESTIMENTO S.A.                               ;I;4010;0090400005;CUSTODIA DE VALORES                               ; 0000049270618013,71
200505;24933830;BB-BANCO DE INVESTIMENTO S.A.                               ;I;4010;0090600001;NEGOCIACAO E INTERMEDIACAO DE VALORES             ; 0000000111786525,98
200505;24933830;BB-BANCO DE INVESTIMENTO S.A.                               ;I;4010;0090800007;CONTRATOS                                         ; 0000009019493475,29
200505;24933830;BB-BANCO DE INVESTIMENTO S.A.                               ;I;4010;0090900000;CONTROLE                                          ; 0000229682466369,38
200505;24933830;BB-BANCO DE INVESTIMENTO S.A.                               ;I;4010;0091000002;CLASSIFICACAO DA CARTEIRA DE CREDITOS             ; 0000000019756927,06
200505;24933830;BB-BANCO DE INVESTIMENTO S.A.                               ;I;4010;0091100005;OPERACOES DE CREDITOS E ARRENDAMENTO MERCANTIL    ; 0000000019756927,06
200505;24933830;BB-BANCO DE INVESTIMENTO S.A.                               ;I;4010;0099999995;TOTAL GERAL DO PASSIVO                            ; 0000291481252588,02
200505;27937333;BCO BRJ S.A.                                                ;U;4010;0010000007;CIRCULANTE E REALIZAVEL A LONGO PRAZO             ; 0000000111453536,64
200505;27937333;BCO BRJ S.A.                                                ;U;4010;0011000006;DISPONIBILIDADES                                  ; 0000000000477278,58
200505;27937333;BCO BRJ S.A.                                                ;U;4010;0011100009;CAIXA                                             ; 0000000000467851,92
200505;27937333;BCO BRJ S.A.                                                ;U;4010;0011200002;DEPOSITOS BANCARIOS                               ; 0000000000008945,98
200505;27937333;BCO BRJ S.A.                                                ;U;4010;0011500001;DISPONIBILIDADES EM MOEDAS ESTRANGEIRAS           ; 0000000000000480,68
200505;27937333;BCO BRJ S.A.                                                ;U;4010;0013000004;TITULOS E VAL. MOB. E INST. FINANC. DERIVATIVOS   ; 0000000000147158,73
200505;27937333;BCO BRJ S.A.                                                ;U;4010;0013100007;LIVRES                                            ; 0000000000147158,73
200505;27937333;BCO BRJ S.A.                                                ;U;4010;0014000003;RELACOES INTERFINANCEIRAS                         ; 0000000032555577,44
200505;27937333;BCO BRJ S.A.                                                ;U;4010;0014200009;CREDITOS VINCULADOS                               ; 0000000032555577,44
200505;27937333;BCO BRJ S.A.                                                ;U;4010;0016000001;OPERACOES DE CREDITO                              ; 0000000067472794,11
200505;27937333;BCO BRJ S.A.                                                ;U;4010;0016100004;EMPRESTIMOS E TITULOS DESCONTADOS                 ; 0000000000113079,01
200505;27937333;BCO BRJ S.A.                                                ;U;4010;0016400003;FINANCIAMENTOS IMOBILIARIOS                       ; 0000000076408155,11
200505;27937333;BCO BRJ S.A.                                                ;U;4010;0016900008;(-) PROVISOES PARA OPERACOES DE CREDITO           ;-0000000009048440,01
200505;27937333;BCO BRJ S.A.                                                ;U;4010;0018000009;OUTROS CREDITOS                                   ; 0000000008852281,19
200505;27937333;BCO BRJ S.A.                                                ;U;4010;0018800003;DIVERSOS                                          ; 0000000012450576,14
200505;27937333;BCO BRJ S.A.                                                ;U;4010;0018900006;(-) PROVISOES PARA OUTROS CREDITOS                ;-0000000003598294,95
200505;27937333;BCO BRJ S.A.                                                ;U;4010;0019000008;OUTROS VALORES E BENS                             ; 0000000001948446,59
200505;27937333;BCO BRJ S.A.                                                ;U;4010;0019800002;OUTROS VALORES E BENS                             ; 0000000001856403,75
200505;27937333;BCO BRJ S.A.                                                ;U;4010;0019900005;DESPESAS ANTECIPADAS                              ; 0000000000092042,84
200505;27937333;BCO BRJ S.A.                                                ;U;4010;0020000004;PERMANENTE                                        ; 0000000004275707,07
200505;27937333;BCO BRJ S.A.                                                ;U;4010;0021000003;INVESTIMENTOS                                     ; 0000000000045623,77
200505;27937333;BCO BRJ S.A.                                                ;U;4010;0021300002;INVESTIMENTOS POR INCENTIVOS FISCAIS              ; 0000000000008350,45
200505;27937333;BCO BRJ S.A.                                                ;U;4010;0021400005;TITULOS PATRIMONIAIS                              ; 0000000000013558,61
200505;27937333;BCO BRJ S.A.                                                ;U;4010;0021500008;ACOES E COTAS                                     ; 0000000000023714,71
200505;27937333;BCO BRJ S.A.                                                ;U;4010;0022000002;IMOBILIZADO DE USO                                ; 0000000003910897,96
200505;27937333;BCO BRJ S.A.                                                ;U;4010;0022100005;MOVEIS E EQUIPAMENTOS EM ESTOQUE                  ; 0000000000000349,00
200505;27937333;BCO BRJ S.A.                                                ;U;4010;0022300001;IMOVEIS DE USO                                    ; 0000000003703644,68
200505;27937333;BCO BRJ S.A.                                                ;U;4010;0022400004;INSTALACOES, MOVEIS E EQUIPAMENTOS DE USO         ; 0000000000044730,43
200505;27937333;BCO BRJ S.A.                                                ;U;4010;0022900009;OUTROS                                            ; 0000000000162173,85
200505;27937333;BCO BRJ S.A.                                                ;U;4010;0024000000;DIFERIDO                                          ; 0000000000319185,34
200505;27937333;BCO BRJ S.A.                                                ;U;4010;0024100003;GASTOS DE ORGANIZACAO E EXPANSAO                  ; 0000000000319185,34
200505;27937333;BCO BRJ S.A.                                                ;U;4010;0030000001;COMPENSACAO                                       ; 0000000634736497,44
200505;27937333;BCO BRJ S.A.                                                ;U;4010;0030100004;COOBRIGACOES E RISCOS EM GARANTIAS PRESTADAS      ; 0000000094862739,41
200505;27937333;BCO BRJ S.A.                                                ;U;4010;0030300000;TITULOS E VALORES MOBILIARIOS                     ; 0000000000147158,73
200505;27937333;BCO BRJ S.A.                                                ;U;4010;0030400003;CUSTODIA DE VALORES                               ; 0000000245260908,34
200505;27937333;BCO BRJ S.A.                                                ;U;4010;0030500006;COBRANCA                                          ; 0000000048480885,52
200505;27937333;BCO BRJ S.A.                                                ;U;4010;0030600009;NEGOCIACAO E INTERMEDIACAO DE VALORES             ; 0000000000507756,46
200505;27937333;BCO BRJ S.A.                                                ;U;4010;0030800005;CONTRATOS                                         ; 0000000007341406,50
200505;27937333;BCO BRJ S.A.                                                ;U;4010;0030900008;CONTROLE                                          ; 0000000158016113,41
200505;27937333;BCO BRJ S.A.                                                ;U;4010;0031000000;CLASSIFICACAO DA CARTEIRA DE CREDITOS             ; 0000000080119529,07
200505;27937333;BCO BRJ S.A.                                                ;U;4010;0031100003;OPERACOES DE RISCO NIVEL AA                       ; 0000000061033710,99
200505;27937333;BCO BRJ S.A.                                                ;U;4010;0031200006;OPERACOES DE RISCO NIVEL A                        ; 0000000004030315,85
200505;27937333;BCO BRJ S.A.                                                ;U;4010;0031300009;OPERACOES DE RISCO NIVELB                         ; 0000000000539508,40
200505;27937333;BCO BRJ S.A.                                                ;U;4010;0031400002;OPERACOES DE RISCO NIVELC                         ; 0000000001015806,57
200505;27937333;BCO BRJ S.A.                                                ;U;4010;0031500005;OPERACOES DE RISCO NIVEL D                        ; 0000000000469723,03
200505;27937333;BCO BRJ S.A.                                                ;U;4010;0031600008;OPERACOES DE RISCO NIVEL E                        ; 0000000000391420,04
200505;27937333;BCO BRJ S.A.                                                ;U;4010;0031700001;OPERACOES DE RISCO NIVEL F                        ; 0000000000227027,59
200505;27937333;BCO BRJ S.A.                                                ;U;4010;0031800004;OPERACOES DE RISCO NIVEL G                        ; 0000000000330715,31
200505;27937333;BCO BRJ S.A.                                                ;U;4010;0031900007;OPERACOES DE RISCO NIVEL H                        ; 0000000012081301,29
200505;27937333;BCO BRJ S.A.                                                ;U;4010;0039999993;TOTAL GERAL DO ATIVO                              ; 0000000750465741,15
200505;27937333;BCO BRJ S.A.                                                ;U;4010;0040000008;CIRCULANTE EXIGIVEL A LONGO PRAZO                 ; 0000000091736320,04
200505;27937333;BCO BRJ S.A.                                                ;U;4010;0041000007;DEPOSITOS                                         ; 0000000000356978,17
200505;27937333;BCO BRJ S.A.                                                ;U;4010;0041500002;DEPOSITOS A PRAZO                                 ; 0000000000356978,17
200505;27937333;BCO BRJ S.A.                                                ;U;4010;0043000005;RECURSOS ACEITES CAMB,LI E HIP.,DEBENT.E SIMILARES; 0000000000479979,83
200505;27937333;BCO BRJ S.A.                                                ;U;4010;0043300004;RECURSOS DE LETRAS HIPOTECARIAS                   ; 0000000000479979,83
200505;27937333;BCO BRJ S.A.                                                ;U;4010;0046000002;OBRIGACOES POR EMPRESTIMOS E REPASSES             ; 0000000054971176,66
200505;27937333;BCO BRJ S.A.                                                ;U;4010;0046400004;REPASSES DO PAIS - INSTITUICOES OFICIAIS          ; 0000000054971176,66
200505;27937333;BCO BRJ S.A.                                                ;U;4010;0047000001;INSTRUMENTOS FINANCEIROS DERIVATIVOS              ; 0000000000020845,75
200505;27937333;BCO BRJ S.A.                                                ;U;4010;0047100004;INSTRUMENTOS FINANCEIROS DERIVATIVOS              ; 0000000000020845,75
200505;27937333;BCO BRJ S.A.                                                ;U;4010;0049000009;OUTRAS OBRIGACOES                                 ; 0000000035907339,63
200505;27937333;BCO BRJ S.A.                                                ;U;4010;0049400001;FISCAIS E PREVIDENCIARIAS                         ; 0000000017567619,29
200505;27937333;BCO BRJ S.A.                                                ;U;4010;0049500004;NEGOCIACAO E INTERMEDIACAO DE VALORES             ; 0000000000001218,96
200505;27937333;BCO BRJ S.A.                                                ;U;4010;0049900006;DIVERSAS                                          ; 0000000018338501,38
200505;27937333;BCO BRJ S.A.                                                ;U;4010;0050000005;RESULTADOS DE EXERCICIOS FUTUROS                  ; 0000000001839848,14
200505;27937333;BCO BRJ S.A.                                                ;U;4010;0051000004;RECEITAS DE EXERCICIOS FUTUROS                    ; 0000000001839848,14
200505;27937333;BCO BRJ S.A.                                                ;U;4010;0051100007;RECEITAS DE EXERCICIOS FUTUROS                    ; 0000000001839848,14
200505;27937333;BCO BRJ S.A.                                                ;U;4010;0060000002;PATRIMONIO LIQUIDO                                ; 0000000025557578,00
200505;27937333;BCO BRJ S.A.                                                ;U;4010;0061000001;PATRIMONIO LIQUIDO                                ; 0000000025557578,00
200505;27937333;BCO BRJ S.A.                                                ;U;4010;0061100004;CAPITAL SOCIAL                                    ; 0000000014624602,06
200505;27937333;BCO BRJ S.A.                                                ;U;4010;0061300000;RESERVAS DE CAPITAL                               ; 0000000000198683,29
200505;27937333;BCO BRJ S.A.                                                ;U;4010;0061400003;RESERVAS DE REAVALIACAO                           ; 0000000000087587,12
200505;27937333;BCO BRJ S.A.                                                ;U;4010;0061500006;RESERVAS DE LUCROS                                ; 0000000000184332,55
200505;27937333;BCO BRJ S.A.                                                ;U;4010;0061800005;LUCROS OU PREJUIZOS ACUMULADOS                    ; 0000000010462372,98
200505;27937333;BCO BRJ S.A.                                                ;U;4010;0070000009;CONTAS DE RESULTADO CREDORAS                      ; 0000000010463416,39
200505;27937333;BCO BRJ S.A.                                                ;U;4010;0071000008;RECEITAS OPERACIONAIS                             ; 0000000010392853,34
200505;27937333;BCO BRJ S.A.                                                ;U;4010;0071100001;RENDAS DE OPERACOES DE CREDITO                    ; 0000000006644474,21
200505;27937333;BCO BRJ S.A.                                                ;U;4010;0071300007;RENDAS DE CAMBIO                                  ; 0000000000000014,24
200505;27937333;BCO BRJ S.A.                                                ;U;4010;0071500003;RENDAS COM TIT. E VAL. MOB. E INST. FINANC. DERIV.; 0000000000010868,14
200505;27937333;BCO BRJ S.A.                                                ;U;4010;0071700009;RENDAS DE PRESTACAO DE SERVICOS                   ; 0000000000005908,25
200505;27937333;BCO BRJ S.A.                                                ;U;4010;0071900005;OUTRAS RECEITAS OPERACIONAIS                      ; 0000000003731588,50
200505;27937333;BCO BRJ S.A.                                                ;U;4010;0073000006;RECEITAS NAO OPERACIONAIS                         ; 0000000000070563,05
200505;27937333;BCO BRJ S.A.                                                ;U;4010;0073100009;LUCROS EM TRANSACOES COM VALORES E BENS           ; 0000000000010000,00
200505;27937333;BCO BRJ S.A.                                                ;U;4010;0073900003;OUTRAS RECEITAS NAO OPERACIONAIS                  ; 0000000000060563,05
200505;27937333;BCO BRJ S.A.                                                ;U;4010;0080000006;(-) CONTAS DE RESULTADO DEVEDORAS                 ;-0000000013867918,86
200505;27937333;BCO BRJ S.A.                                                ;U;4010;0081000005;(-) DESPESAS OPERACIONAIS                         ;-0000000013570722,80
200505;27937333;BCO BRJ S.A.                                                ;U;4010;0081100008;(-) DESPESAS DE CAPTACAO                          ;-0000000000213658,28
200505;27937333;BCO BRJ S.A.                                                ;U;4010;0081200001;(-) DESP DE OBRIGACOES POR EMPRESTIMOS E REPASSES ;-0000000008058979,47
200505;27937333;BCO BRJ S.A.                                                ;U;4010;0081400007;(-) DESPESAS DE CAMBIO                            ;-0000000000000063,70
200505;27937333;BCO BRJ S.A.                                                ;U;4010;0081500000;(-) DESP. COM TIT. E VAL. MOB. E INST. FIN. DERIV.;-0000000000023819,10
200505;27937333;BCO BRJ S.A.                                                ;U;4010;0081700006;(-) DESPESAS ADMINISTRATIVAS                      ;-0000000003604121,03
200505;27937333;BCO BRJ S.A.                                                ;U;4010;0081800009;(-) APROVISIONAMENTOS E AJUSTES PATRIMONIAIS      ;-0000000000360680,47
200505;27937333;BCO BRJ S.A.                                                ;U;4010;0081900002;(-) OUTRAS DESPESAS OPERACIONAIS                  ;-0000000001309400,75
200505;27937333;BCO BRJ S.A.                                                ;U;4010;0083000003;(-) DESPESAS NAO OPERACIONAIS                     ;-0000000000297196,06
200505;27937333;BCO BRJ S.A.                                                ;U;4010;0083100006;(-) PREJUIZOS EM TRANSACOES COM VALORES E BENS    ;-0000000000008000,00
200505;27937333;BCO BRJ S.A.                                                ;U;4010;0083900000;(-) OUTRAS DESPESAS NAO OPERACIONAIS              ;-0000000000289196,06
200505;27937333;BCO BRJ S.A.                                                ;U;4010;0090000003;COMPENSACAO                                       ; 0000000634736497,44
200505;27937333;BCO BRJ S.A.                                                ;U;4010;0090100006;COOBRIGACOES E RISCOS EM GARANTIAS PRESTADAS      ; 0000000094862739,41
200505;27937333;BCO BRJ S.A.                                                ;U;4010;0090300002;TITULOS E VALORES MOBILIARIOS                     ; 0000000000147158,73
200505;27937333;BCO BRJ S.A.                                                ;U;4010;0090400005;CUSTODIA DE VALORES                               ; 0000000245260908,34
200505;27937333;BCO BRJ S.A.                                                ;U;4010;0090500008;COBRANCA                                          ; 0000000048480885,52
200505;27937333;BCO BRJ S.A.                                                ;U;4010;0090600001;NEGOCIACAO E INTERMEDIACAO DE VALORES             ; 0000000000507756,46
200505;27937333;BCO BRJ S.A.                                                ;U;4010;0090800007;CONTRATOS                                         ; 0000000007341406,50
200505;27937333;BCO BRJ S.A.                                                ;U;4010;0090900000;CONTROLE                                          ; 0000000158016113,41
200505;27937333;BCO BRJ S.A.                                                ;U;4010;0091000002;CLASSIFICACAO DA CARTEIRA DE CREDITOS             ; 0000000080119529,07
200505;27937333;BCO BRJ S.A.                                                ;U;4010;0091100005;OPERACOES DE CREDITOS E ARRENDAMENTO MERCANTIL    ; 0000000080119529,07
200505;27937333;BCO BRJ S.A.                                                ;U;4010;0099999995;TOTAL GERAL DO PASSIVO                            ; 0000000750465741,15
200505;28127603;BCO BANESTES S.A.                                           ;U;4010;0010000007;CIRCULANTE E REALIZAVEL A LONGO PRAZO             ; 0000003279104845,14
200505;28127603;BCO BANESTES S.A.                                           ;U;4010;0011000006;DISPONIBILIDADES                                  ; 0000000114773342,48
200505;28127603;BCO BANESTES S.A.                                           ;U;4010;0011100009;CAIXA                                             ; 0000000040775209,21
200505;28127603;BCO BANESTES S.A.                                           ;U;4010;0011500001;DISPONIBILIDADES EM MOEDAS ESTRANGEIRAS           ; 0000000073998133,27
200505;28127603;BCO BANESTES S.A.                                           ;U;4010;0012000005;APLICACOES INTERFINANCEIRAS DE LIQUIDEZ           ; 0000000651110228,47
200505;28127603;BCO BANESTES S.A.                                           ;U;4010;0012100008;APLICACOES EM OPERACOES COMPROMISSADAS            ; 0000000650298004,20
200505;28127603;BCO BANESTES S.A.                                           ;U;4010;0012200001;APLICACOES EM DEPOSITOS INTERFINANCEIROS          ; 0000000000812224,27
200505;28127603;BCO BANESTES S.A.                                           ;U;4010;0013000004;TITULOS E VAL. MOB. E INST. FINANC. DERIVATIVOS   ; 0000000742633629,53
200505;28127603;BCO BANESTES S.A.                                           ;U;4010;0013100007;LIVRES                                            ; 0000000300070025,76
200505;28127603;BCO BANESTES S.A.                                           ;U;4010;0013200000;VINCULADOS A OPERACOES COMPROMISSADAS             ; 0000000412989447,25
200505;28127603;BCO BANESTES S.A.                                           ;U;4010;0013300003;INSTRUMENTOS FINANCEIROS DERIVATIVOS              ; 0000000001372053,45
200505;28127603;BCO BANESTES S.A.                                           ;U;4010;0013600002;VINCULADOS A PRESTACAO DE GARANTIAS               ; 0000000028202103,07
200505;28127603;BCO BANESTES S.A.                                           ;U;4010;0014000003;RELACOES INTERFINANCEIRAS                         ; 0000000606125819,40
200505;28127603;BCO BANESTES S.A.                                           ;U;4010;0014100006;DIREITOS JUNTO A PARTIC. DE SISTEMAS DE LIQUIDAÇÃO; 0000000026751811,39
200505;28127603;BCO BANESTES S.A.                                           ;U;4010;0014200009;CREDITOS VINCULADOS                               ; 0000000579374008,01
200505;28127603;BCO BANESTES S.A.                                           ;U;4010;0015000002;RELACOES INTERDEPENDENCIAS                        ; 0000000000241630,71
200505;28127603;BCO BANESTES S.A.                                           ;U;4010;0015100005;RECURSOS EM TRANSITO DE TERCEIROS                 ; 0000000000001630,71
200505;28127603;BCO BANESTES S.A.                                           ;U;4010;0015200008;TRANSFERENCIAS INTERNAS DE RECURSOS               ; 0000000000240000,00
200505;28127603;BCO BANESTES S.A.                                           ;U;4010;0016000001;OPERACOES DE CREDITO                              ; 0000000694321100,33
200505;28127603;BCO BANESTES S.A.                                           ;U;4010;0016100004;EMPRESTIMOS E TITULOS DESCONTADOS                 ; 0000000507673501,85
200505;28127603;BCO BANESTES S.A.                                           ;U;4010;0016200007;FINANCIAMENTOS                                    ; 0000000021518405,55
200505;28127603;BCO BANESTES S.A.                                           ;U;4010;0016300000;FINANCIAMENTOS RURAIS E AGROINDUSTRIAIS           ; 0000000073291421,13
200505;28127603;BCO BANESTES S.A.                                           ;U;4010;0016400003;FINANCIAMENTOS IMOBILIARIOS                       ; 0000000147164597,27
200505;28127603;BCO BANESTES S.A.                                           ;U;4010;0016900008;(-) PROVISOES PARA OPERACOES DE CREDITO           ;-0000000055326825,47
200505;28127603;BCO BANESTES S.A.                                           ;U;4010;0017000000;OPERACOES DE ARRENDAMENTO MERCANTIL               ;-0000000000483981,82
200505;28127603;BCO BANESTES S.A.                                           ;U;4010;0017100003;ARRENDAMENTOS FINANCEIROS A RECEBER               ; 0000000000230463,72
200505;28127603;BCO BANESTES S.A.                                           ;U;4010;0017900007;(-) PROVISOES PARA OPER. DE ARRENDAMENTO MERCANTIL;-0000000000714445,54
200505;28127603;BCO BANESTES S.A.                                           ;U;4010;0018000009;OUTROS CREDITOS                                   ; 0000000455344289,32
200505;28127603;BCO BANESTES S.A.                                           ;U;4010;0018200005;CARTEIRA DE CAMBIO                                ; 0000000263082367,28
200505;28127603;BCO BANESTES S.A.                                           ;U;4010;0018300008;RENDAS A RECEBER                                  ; 0000000019261920,34
200505;28127603;BCO BANESTES S.A.                                           ;U;4010;0018800003;DIVERSOS                                          ; 0000000175237373,19
200505;28127603;BCO BANESTES S.A.                                           ;U;4010;0018900006;(-) PROVISOES PARA OUTROS CREDITOS                ;-0000000002237371,49
200505;28127603;BCO BANESTES S.A.                                           ;U;4010;0019000008;OUTROS VALORES E BENS                             ; 0000000015038786,72
200505;28127603;BCO BANESTES S.A.                                           ;U;4010;0019800002;OUTROS VALORES E BENS                             ; 0000000013660764,33
200505;28127603;BCO BANESTES S.A.                                           ;U;4010;0019900005;DESPESAS ANTECIPADAS                              ; 0000000001378022,39
200505;28127603;BCO BANESTES S.A.                                           ;U;4010;0020000004;PERMANENTE                                        ; 0000000121898473,74
200505;28127603;BCO BANESTES S.A.                                           ;U;4010;0021000003;INVESTIMENTOS                                     ; 0000000049495307,33
200505;28127603;BCO BANESTES S.A.                                           ;U;4010;0021200009;PARTICIPACOES EM COLIGADAS E CONTROLADAS NO PAIS  ; 0000000046108344,53
200505;28127603;BCO BANESTES S.A.                                           ;U;4010;0021300002;INVESTIMENTOS POR INCENTIVOS FISCAIS              ; 0000000000526197,08
200505;28127603;BCO BANESTES S.A.                                           ;U;4010;0021400005;TITULOS PATRIMONIAIS                              ; 0000000000011549,62
200505;28127603;BCO BANESTES S.A.                                           ;U;4010;0021500008;ACOES E COTAS                                     ; 0000000002587174,52
200505;28127603;BCO BANESTES S.A.                                           ;U;4010;0021900000;OUTROS INVESTIMENTOS                              ; 0000000000262041,58
200505;28127603;BCO BANESTES S.A.                                           ;U;4010;0022000002;IMOBILIZADO DE USO                                ; 0000000020098567,91
200505;28127603;BCO BANESTES S.A.                                           ;U;4010;0022100005;MOVEIS E EQUIPAMENTOS EM ESTOQUE                  ; 0000000000009395,48
200505;28127603;BCO BANESTES S.A.                                           ;U;4010;0022200008;IMOBILIZACOES EM CURSO                            ; 0000000000371748,24
200505;28127603;BCO BANESTES S.A.                                           ;U;4010;0022300001;IMOVEIS DE USO                                    ; 0000000004793196,27
200505;28127603;BCO BANESTES S.A.                                           ;U;4010;0022400004;INSTALACOES, MOVEIS E EQUIPAMENTOS DE USO         ; 0000000003098707,20
200505;28127603;BCO BANESTES S.A.                                           ;U;4010;0022900009;OUTROS                                            ; 0000000011825520,72
200505;28127603;BCO BANESTES S.A.                                           ;U;4010;0023000001;IMOBILIZADO DE ARRENDAMENTO                       ; 0000000043104021,28
200505;28127603;BCO BANESTES S.A.                                           ;U;4010;0023200007;BENS ARRENDADOS - ARRENDAMENTO FINANCEIRO         ; 0000000043104021,28
200505;28127603;BCO BANESTES S.A.                                           ;U;4010;0024000000;DIFERIDO                                          ; 0000000009200577,22
200505;28127603;BCO BANESTES S.A.                                           ;U;4010;0024100003;GASTOS DE ORGANIZACAO E EXPANSAO                  ; 0000000009200577,22
200505;28127603;BCO BANESTES S.A.                                           ;U;4010;0030000001;COMPENSACAO                                       ; 0000009968063735,41
200505;28127603;BCO BANESTES S.A.                                           ;U;4010;0030100004;COOBRIGACOES E RISCOS EM GARANTIAS PRESTADAS      ; 0000000014144363,80
200505;28127603;BCO BANESTES S.A.                                           ;U;4010;0030300000;TITULOS E VALORES MOBILIARIOS                     ; 0000001482523152,16
200505;28127603;BCO BANESTES S.A.                                           ;U;4010;0030400003;CUSTODIA DE VALORES                               ; 0000000324337444,32
200505;28127603;BCO BANESTES S.A.                                           ;U;4010;0030500006;COBRANCA                                          ; 0000000515328969,97
200505;28127603;BCO BANESTES S.A.                                           ;U;4010;0030600009;NEGOCIACAO E INTERMEDIACAO DE VALORES             ; 0000000078484082,79
200505;28127603;BCO BANESTES S.A.                                           ;U;4010;0030800005;CONTRATOS                                         ; 0000000565229363,74
200505;28127603;BCO BANESTES S.A.                                           ;U;4010;0030900008;CONTROLE                                          ; 0000006154612518,65
200505;28127603;BCO BANESTES S.A.                                           ;U;4010;0031000000;CLASSIFICACAO DA CARTEIRA DE CREDITOS             ; 0000000833403839,98
200505;28127603;BCO BANESTES S.A.                                           ;U;4010;0031100003;OPERACOES DE RISCO NIVEL AA                       ; 0000000453924708,61
200505;28127603;BCO BANESTES S.A.                                           ;U;4010;0031200006;OPERACOES DE RISCO NIVEL A                        ; 0000000079436370,92
200505;28127603;BCO BANESTES S.A.                                           ;U;4010;0031300009;OPERACOES DE RISCO NIVELB                         ; 0000000193904417,09
200505;28127603;BCO BANESTES S.A.                                           ;U;4010;0031400002;OPERACOES DE RISCO NIVELC                         ; 0000000029005115,30
200505;28127603;BCO BANESTES S.A.                                           ;U;4010;0031500005;OPERACOES DE RISCO NIVEL D                        ; 0000000013473639,15
200505;28127603;BCO BANESTES S.A.                                           ;U;4010;0031600008;OPERACOES DE RISCO NIVEL E                        ; 0000000008828236,13
200505;28127603;BCO BANESTES S.A.                                           ;U;4010;0031700001;OPERACOES DE RISCO NIVEL F                        ; 0000000007157143,71
200505;28127603;BCO BANESTES S.A.                                           ;U;4010;0031800004;OPERACOES DE RISCO NIVEL G                        ; 0000000006362339,12
200505;28127603;BCO BANESTES S.A.                                           ;U;4010;0031900007;OPERACOES DE RISCO NIVEL H                        ; 0000000041311869,95
200505;28127603;BCO BANESTES S.A.                                           ;U;4010;0039999993;TOTAL GERAL DO ATIVO                              ; 0000013369067054,29
200505;28127603;BCO BANESTES S.A.                                           ;U;4010;0040000008;CIRCULANTE EXIGIVEL A LONGO PRAZO                 ; 0000003247349014,86
200505;28127603;BCO BANESTES S.A.                                           ;U;4010;0041000007;DEPOSITOS                                         ; 0000002090784113,79
200505;28127603;BCO BANESTES S.A.                                           ;U;4010;0041100000;DEPOSITOS A VISTA                                 ; 0000000356342206,39
200505;28127603;BCO BANESTES S.A.                                           ;U;4010;0041200003;DEPOSITOS DE POUPANCA                             ; 0000000737951468,02
200505;28127603;BCO BANESTES S.A.                                           ;U;4010;0041300006;DEPOSITOS INTERFINANCEIROS                        ; 0000000017139883,94
200505;28127603;BCO BANESTES S.A.                                           ;U;4010;0041500002;DEPOSITOS A PRAZO                                 ; 0000000979130256,29
200505;28127603;BCO BANESTES S.A.                                           ;U;4010;0041900004;OUTROS DEPOSITOS                                  ; 0000000000220299,15
200505;28127603;BCO BANESTES S.A.                                           ;U;4010;0042000006;OBRIGACOES POR OPERACOES COMPROMISSADAS           ; 0000000569358745,53
200505;28127603;BCO BANESTES S.A.                                           ;U;4010;0042100009;CARTEIRA PROPRIA                                  ; 0000000409357305,85
200505;28127603;BCO BANESTES S.A.                                           ;U;4010;0042200002;CARTEIRA DE TERCEIROS                             ; 0000000160001439,68
200505;28127603;BCO BANESTES S.A.                                           ;U;4010;0043000005;RECURSOS ACEITES CAMB,LI E HIP.,DEBENT.E SIMILARES; 0000000084720906,04
200505;28127603;BCO BANESTES S.A.                                           ;U;4010;0043300004;RECURSOS DE LETRAS HIPOTECARIAS                   ; 0000000084720906,04
200505;28127603;BCO BANESTES S.A.                                           ;U;4010;0044000004;RELACOES INTERFINANCEIRAS                         ; 0000000031327179,60
200505;28127603;BCO BANESTES S.A.                                           ;U;4010;0044100007;OBRIGAÇÕES JUNTO A PARTIC. DE SIST. DE LIQUIDACÃO ; 0000000031327179,60
200505;28127603;BCO BANESTES S.A.                                           ;U;4010;0045000003;RELACOES INTERDEPENDENCIAS                        ; 0000000002511954,57
200505;28127603;BCO BANESTES S.A.                                           ;U;4010;0045100006;RECURSOS EM TRANSITO DE TERCEIROS                 ; 0000000002475711,42
200505;28127603;BCO BANESTES S.A.                                           ;U;4010;0045200009;TRANSFERENCIAS INTERNAS DE RECURSOS               ; 0000000000036243,15
200505;28127603;BCO BANESTES S.A.                                           ;U;4010;0046000002;OBRIGACOES POR EMPRESTIMOS E REPASSES             ; 0000000086416639,29
200505;28127603;BCO BANESTES S.A.                                           ;U;4010;0046300001;EMPRESTIMOS NO EXTERIOR                           ; 0000000058402518,97
200505;28127603;BCO BANESTES S.A.                                           ;U;4010;0046400004;REPASSES DO PAIS - INSTITUICOES OFICIAIS          ; 0000000028014120,32
200505;28127603;BCO BANESTES S.A.                                           ;U;4010;0047000001;INSTRUMENTOS FINANCEIROS DERIVATIVOS              ; 0000000000057330,42
200505;28127603;BCO BANESTES S.A.                                           ;U;4010;0047100004;INSTRUMENTOS FINANCEIROS DERIVATIVOS              ; 0000000000057330,42
200505;28127603;BCO BANESTES S.A.                                           ;U;4010;0049000009;OUTRAS OBRIGACOES                                 ; 0000000382172145,62
200505;28127603;BCO BANESTES S.A.                                           ;U;4010;0049100002;COBRANCA E ARRECADACAO DE TRIBUTOS E ASSEMELHADOS ; 0000000011489677,65
200505;28127603;BCO BANESTES S.A.                                           ;U;4010;0049200005;CARTEIRA DE CAMBIO                                ; 0000000210135057,78
200505;28127603;BCO BANESTES S.A.                                           ;U;4010;0049300008;SOCIAIS E ESTATUTARIAS                            ; 0000000009815764,09
200505;28127603;BCO BANESTES S.A.                                           ;U;4010;0049400001;FISCAIS E PREVIDENCIARIAS                         ; 0000000029635086,18
200505;28127603;BCO BANESTES S.A.                                           ;U;4010;0049900006;DIVERSAS                                          ; 0000000121096559,92
200505;28127603;BCO BANESTES S.A.                                           ;U;4010;0050000005;RESULTADOS DE EXERCICIOS FUTUROS                  ; 0000000001443654,41
200505;28127603;BCO BANESTES S.A.                                           ;U;4010;0051000004;RECEITAS DE EXERCICIOS FUTUROS                    ; 0000000001443654,41
200505;28127603;BCO BANESTES S.A.                                           ;U;4010;0051100007;RECEITAS DE EXERCICIOS FUTUROS                    ; 0000000001443654,41
200505;28127603;BCO BANESTES S.A.                                           ;U;4010;0060000002;PATRIMONIO LIQUIDO                                ; 0000000129680775,08
200505;28127603;BCO BANESTES S.A.                                           ;U;4010;0061000001;PATRIMONIO LIQUIDO                                ; 0000000129680775,08
200505;28127603;BCO BANESTES S.A.                                           ;U;4010;0061100004;CAPITAL SOCIAL                                    ; 0000000077024469,64
200505;28127603;BCO BANESTES S.A.                                           ;U;4010;0061300000;RESERVAS DE CAPITAL                               ; 0000000000077913,18
200505;28127603;BCO BANESTES S.A.                                           ;U;4010;0061400003;RESERVAS DE REAVALIACAO                           ; 0000000000469323,35
200505;28127603;BCO BANESTES S.A.                                           ;U;4010;0061500006;RESERVAS DE LUCROS                                ; 0000000052094035,60
200505;28127603;BCO BANESTES S.A.                                           ;U;4010;0061600009;AJUSTES DE AVALIACAO PATRIMONIAL                  ; 0000000000008123,86
200505;28127603;BCO BANESTES S.A.                                           ;U;4010;0061800005;LUCROS OU PREJUIZOS ACUMULADOS                    ; 0000000000006909,45
200505;28127603;BCO BANESTES S.A.                                           ;U;4010;0070000009;CONTAS DE RESULTADO CREDORAS                      ; 0000000340112070,07
200505;28127603;BCO BANESTES S.A.                                           ;U;4010;0071000008;RECEITAS OPERACIONAIS                             ; 0000000311008013,66
200505;28127603;BCO BANESTES S.A.                                           ;U;4010;0071100001;RENDAS DE OPERACOES DE CREDITO                    ; 0000000091138628,28
200505;28127603;BCO BANESTES S.A.                                           ;U;4010;0071200004;RENDAS DE ARRENDAMENTO MERCANTIL                  ; 0000000004951492,77
200505;28127603;BCO BANESTES S.A.                                           ;U;4010;0071300007;RENDAS DE CAMBIO                                  ; 0000000016748148,13
200505;28127603;BCO BANESTES S.A.                                           ;U;4010;0071400000;RENDAS DE APLICACOES INTERFINANCEIRAS DE LIQUIDEZ ; 0000000043104655,81
200505;28127603;BCO BANESTES S.A.                                           ;U;4010;0071500003;RENDAS COM TIT. E VAL. MOB. E INST. FINANC. DERIV.; 0000000051154357,63
200505;28127603;BCO BANESTES S.A.                                           ;U;4010;0071700009;RENDAS DE PRESTACAO DE SERVICOS                   ; 0000000046268007,48
200505;28127603;BCO BANESTES S.A.                                           ;U;4010;0071800002;RENDAS DE PARTICIPACOES                           ; 0000000003451065,37
200505;28127603;BCO BANESTES S.A.                                           ;U;4010;0071900005;OUTRAS RECEITAS OPERACIONAIS                      ; 0000000054191658,19
200505;28127603;BCO BANESTES S.A.                                           ;U;4010;0073000006;RECEITAS NAO OPERACIONAIS                         ; 0000000000777694,79
200505;28127603;BCO BANESTES S.A.                                           ;U;4010;0073100009;LUCROS EM TRANSACOES COM VALORES E BENS           ; 0000000000321016,88
200505;28127603;BCO BANESTES S.A.                                           ;U;4010;0073900003;OUTRAS RECEITAS NAO OPERACIONAIS                  ; 0000000000456677,91
200505;28127603;BCO BANESTES S.A.                                           ;U;4010;0078000001;RATEIO DE RESULTADOS INTERNOS                     ; 0000000028326361,62
200505;28127603;BCO BANESTES S.A.                                           ;U;4010;0078100004;RATEIO DE RESULTADOS INTERNOS                     ; 0000000028326361,62
200505;28127603;BCO BANESTES S.A.                                           ;U;4010;0080000006;(-) CONTAS DE RESULTADO DEVEDORAS                 ;-0000000317582195,54
200505;28127603;BCO BANESTES S.A.                                           ;U;4010;0081000005;(-) DESPESAS OPERACIONAIS                         ;-0000000282321689,89
200505;28127603;BCO BANESTES S.A.                                           ;U;4010;0081100008;(-) DESPESAS DE CAPTACAO                          ;-0000000124717754,05
200505;28127603;BCO BANESTES S.A.                                           ;U;4010;0081200001;(-) DESP DE OBRIGACOES POR EMPRESTIMOS E REPASSES ;-0000000003208154,24
200505;28127603;BCO BANESTES S.A.                                           ;U;4010;0081300004;(-) DESPESAS DE ARRENDAMENTO MERCANTIL            ;-0000000003495278,20
200505;28127603;BCO BANESTES S.A.                                           ;U;4010;0081400007;(-) DESPESAS DE CAMBIO                            ;-0000000006777514,51
200505;28127603;BCO BANESTES S.A.                                           ;U;4010;0081500000;(-) DESP. COM TIT. E VAL. MOB. E INST. FIN. DERIV.;-0000000000406022,35
200505;28127603;BCO BANESTES S.A.                                           ;U;4010;0081700006;(-) DESPESAS ADMINISTRATIVAS                      ;-0000000086292533,49
200505;28127603;BCO BANESTES S.A.                                           ;U;4010;0081800009;(-) APROVISIONAMENTOS E AJUSTES PATRIMONIAIS      ;-0000000027886117,67
200505;28127603;BCO BANESTES S.A.                                           ;U;4010;0081900002;(-) OUTRAS DESPESAS OPERACIONAIS                  ;-0000000029538315,38
200505;28127603;BCO BANESTES S.A.                                           ;U;4010;0083000003;(-) DESPESAS NAO OPERACIONAIS                     ;-0000000001342849,68
200505;28127603;BCO BANESTES S.A.                                           ;U;4010;0083100006;(-) PREJUIZOS EM TRANSACOES COM VALORES E BENS    ;-0000000000013691,82
200505;28127603;BCO BANESTES S.A.                                           ;U;4010;0083900000;(-) OUTRAS DESPESAS NAO OPERACIONAIS              ;-0000000001329157,86
200505;28127603;BCO BANESTES S.A.                                           ;U;4010;0088000008;(-) RATEIO DE RESULTADOS INTERNOS                 ;-0000000028326361,62
200505;28127603;BCO BANESTES S.A.                                           ;U;4010;0088100001;(-) RATEIO DE RESULTADOS INTERNOS                 ;-0000000028326361,62
200505;28127603;BCO BANESTES S.A.                                           ;U;4010;0089000007;(-) APURACAO DE RESULTADO                         ;-0000000005591294,35
200505;28127603;BCO BANESTES S.A.                                           ;U;4010;0089400009;(-) IMPOSTO DE RENDA                              ;-0000000002578981,47
200505;28127603;BCO BANESTES S.A.                                           ;U;4010;0089700008;(-) PARTICIPACOES NO LUCRO                        ;-0000000003012312,88
200505;28127603;BCO BANESTES S.A.                                           ;U;4010;0090000003;COMPENSACAO                                       ; 0000009968063735,41
200505;28127603;BCO BANESTES S.A.                                           ;U;4010;0090100006;COOBRIGACOES E RISCOS EM GARANTIAS PRESTADAS      ; 0000000014144363,80
200505;28127603;BCO BANESTES S.A.                                           ;U;4010;0090300002;TITULOS E VALORES MOBILIARIOS                     ; 0000001482523152,16
200505;28127603;BCO BANESTES S.A.                                           ;U;4010;0090400005;CUSTODIA DE VALORES                               ; 0000000324337444,32
200505;28127603;BCO BANESTES S.A.                                           ;U;4010;0090500008;COBRANCA                                          ; 0000000515328969,97
200505;28127603;BCO BANESTES S.A.                                           ;U;4010;0090600001;NEGOCIACAO E INTERMEDIACAO DE VALORES             ; 0000000078484082,79
200505;28127603;BCO BANESTES S.A.                                           ;U;4010;0090800007;CONTRATOS                                         ; 0000000565229363,74
200505;28127603;BCO BANESTES S.A.                                           ;U;4010;0090900000;CONTROLE                                          ; 0000006154612518,65
200505;28127603;BCO BANESTES S.A.                                           ;U;4010;0091000002;CLASSIFICACAO DA CARTEIRA DE CREDITOS             ; 0000000833403839,98
200505;28127603;BCO BANESTES S.A.                                           ;U;4010;0091100005;OPERACOES DE CREDITOS E ARRENDAMENTO MERCANTIL    ; 0000000833403839,98
200505;28127603;BCO BANESTES S.A.                                           ;U;4010;0099999995;TOTAL GERAL DO PASSIVO                            ; 0000013369067054,29
200505;28145829;BCO DES. DO ES S.A.                                         ;D;4010;0010000007;CIRCULANTE E REALIZAVEL A LONGO PRAZO             ; 0000000397705804,23
200505;28145829;BCO DES. DO ES S.A.                                         ;D;4010;0011000006;DISPONIBILIDADES                                  ; 0000000000031410,23
200505;28145829;BCO DES. DO ES S.A.                                         ;D;4010;0011100009;CAIXA                                             ; 0000000000001558,99
200505;28145829;BCO DES. DO ES S.A.                                         ;D;4010;0011200002;DEPOSITOS BANCARIOS                               ; 0000000000029851,24
200505;28145829;BCO DES. DO ES S.A.                                         ;D;4010;0012000005;APLICACOES INTERFINANCEIRAS DE LIQUIDEZ           ; 0000000040957854,90
200505;28145829;BCO DES. DO ES S.A.                                         ;D;4010;0012200001;APLICACOES EM DEPOSITOS INTERFINANCEIROS          ; 0000000040957854,90
200505;28145829;BCO DES. DO ES S.A.                                         ;D;4010;0013000004;TITULOS E VAL. MOB. E INST. FINANC. DERIVATIVOS   ; 0000000217619225,55
200505;28145829;BCO DES. DO ES S.A.                                         ;D;4010;0013100007;LIVRES                                            ; 0000000217619225,55
200505;28145829;BCO DES. DO ES S.A.                                         ;D;4010;0014000003;RELACOES INTERFINANCEIRAS                         ; 0000000001132754,73
200505;28145829;BCO DES. DO ES S.A.                                         ;D;4010;0014300002;REPASSES INTERFINANCEIROS                         ; 0000000001132754,73
200505;28145829;BCO DES. DO ES S.A.                                         ;D;4010;0016000001;OPERACOES DE CREDITO                              ; 0000000122784320,53
200505;28145829;BCO DES. DO ES S.A.                                         ;D;4010;0016200007;FINANCIAMENTOS                                    ; 0000000045485739,30
200505;28145829;BCO DES. DO ES S.A.                                         ;D;4010;0016300000;FINANCIAMENTOS RURAIS E AGROINDUSTRIAIS           ; 0000000076163598,43
200505;28145829;BCO DES. DO ES S.A.                                         ;D;4010;0016600009;FINANCIAMENTOS DE INFRAESTRUTURA E DESENVOLVIMENTO; 0000000007495277,84
200505;28145829;BCO DES. DO ES S.A.                                         ;D;4010;0016900008;(-) PROVISOES PARA OPERACOES DE CREDITO           ;-0000000006360295,04
200505;28145829;BCO DES. DO ES S.A.                                         ;D;4010;0018000009;OUTROS CREDITOS                                   ; 0000000013701791,38
200505;28145829;BCO DES. DO ES S.A.                                         ;D;4010;0018300008;RENDAS A RECEBER                                  ; 0000000008276588,67
200505;28145829;BCO DES. DO ES S.A.                                         ;D;4010;0018500004;CREDITOS ESPECIFICOS                              ; 0000000000204705,86
200505;28145829;BCO DES. DO ES S.A.                                         ;D;4010;0018800003;DIVERSOS                                          ; 0000000015352105,69
200505;28145829;BCO DES. DO ES S.A.                                         ;D;4010;0018900006;(-) PROVISOES PARA OUTROS CREDITOS                ;-0000000010131608,84
200505;28145829;BCO DES. DO ES S.A.                                         ;D;4010;0019000008;OUTROS VALORES E BENS                             ; 0000000001478446,91
200505;28145829;BCO DES. DO ES S.A.                                         ;D;4010;0019800002;OUTROS VALORES E BENS                             ; 0000000001419236,80
200505;28145829;BCO DES. DO ES S.A.                                         ;D;4010;0019900005;DESPESAS ANTECIPADAS                              ; 0000000000059210,11
200505;28145829;BCO DES. DO ES S.A.                                         ;D;4010;0020000004;PERMANENTE                                        ; 0000000007273346,33
200505;28145829;BCO DES. DO ES S.A.                                         ;D;4010;0021000003;INVESTIMENTOS                                     ; 0000000000130136,00
200505;28145829;BCO DES. DO ES S.A.                                         ;D;4010;0021300002;INVESTIMENTOS POR INCENTIVOS FISCAIS              ; 0000000000124153,49
200505;28145829;BCO DES. DO ES S.A.                                         ;D;4010;0021400005;TITULOS PATRIMONIAIS                              ; 0000000000000702,68
200505;28145829;BCO DES. DO ES S.A.                                         ;D;4010;0021900000;OUTROS INVESTIMENTOS                              ; 0000000000005279,83
200505;28145829;BCO DES. DO ES S.A.                                         ;D;4010;0022000002;IMOBILIZADO DE USO                                ; 0000000002075993,86
200505;28145829;BCO DES. DO ES S.A.                                         ;D;4010;0022300001;IMOVEIS DE USO                                    ; 0000000001262454,61
200505;28145829;BCO DES. DO ES S.A.                                         ;D;4010;0022400004;INSTALACOES, MOVEIS E EQUIPAMENTOS DE USO         ; 0000000000305522,60
200505;28145829;BCO DES. DO ES S.A.                                         ;D;4010;0022900009;OUTROS                                            ; 0000000000508016,65
200505;28145829;BCO DES. DO ES S.A.                                         ;D;4010;0024000000;DIFERIDO                                          ; 0000000005067216,47
200505;28145829;BCO DES. DO ES S.A.                                         ;D;4010;0024100003;GASTOS DE ORGANIZACAO E EXPANSAO                  ; 0000000005067216,47
200505;28145829;BCO DES. DO ES S.A.                                         ;D;4010;0030000001;COMPENSACAO                                       ; 0000001116074111,62
200505;28145829;BCO DES. DO ES S.A.                                         ;D;4010;0030100004;COOBRIGACOES E RISCOS EM GARANTIAS PRESTADAS      ; 0000000002070000,00
200505;28145829;BCO DES. DO ES S.A.                                         ;D;4010;0030300000;TITULOS E VALORES MOBILIARIOS                     ; 0000000435238451,10
200505;28145829;BCO DES. DO ES S.A.                                         ;D;4010;0030400003;CUSTODIA DE VALORES                               ; 0000000051696600,10
200505;28145829;BCO DES. DO ES S.A.                                         ;D;4010;0030800005;CONTRATOS                                         ; 0000000008755000,00
200505;28145829;BCO DES. DO ES S.A.                                         ;D;4010;0030900008;CONTROLE                                          ; 0000000487486116,90
200505;28145829;BCO DES. DO ES S.A.                                         ;D;4010;0031000000;CLASSIFICACAO DA CARTEIRA DE CREDITOS             ; 0000000130827943,52
200505;28145829;BCO DES. DO ES S.A.                                         ;D;4010;0031100003;OPERACOES DE RISCO NIVEL AA                       ; 0000000009180860,06
200505;28145829;BCO DES. DO ES S.A.                                         ;D;4010;0031200006;OPERACOES DE RISCO NIVEL A                        ; 0000000073062780,57
200505;28145829;BCO DES. DO ES S.A.                                         ;D;4010;0031300009;OPERACOES DE RISCO NIVELB                         ; 0000000032347165,17
200505;28145829;BCO DES. DO ES S.A.                                         ;D;4010;0031400002;OPERACOES DE RISCO NIVELC                         ; 0000000004443654,32
200505;28145829;BCO DES. DO ES S.A.                                         ;D;4010;0031500005;OPERACOES DE RISCO NIVEL D                        ; 0000000002224627,23
200505;28145829;BCO DES. DO ES S.A.                                         ;D;4010;0031600008;OPERACOES DE RISCO NIVEL E                        ; 0000000002685205,38
200505;28145829;BCO DES. DO ES S.A.                                         ;D;4010;0031700001;OPERACOES DE RISCO NIVEL F                        ; 0000000002730085,68
200505;28145829;BCO DES. DO ES S.A.                                         ;D;4010;0031800004;OPERACOES DE RISCO NIVEL G                        ; 0000000001513109,75
200505;28145829;BCO DES. DO ES S.A.                                         ;D;4010;0031900007;OPERACOES DE RISCO NIVEL H                        ; 0000000002640455,36
200505;28145829;BCO DES. DO ES S.A.                                         ;D;4010;0039999993;TOTAL GERAL DO ATIVO                              ; 0000001521053262,18
200505;28145829;BCO DES. DO ES S.A.                                         ;D;4010;0040000008;CIRCULANTE EXIGIVEL A LONGO PRAZO                 ; 0000000337946568,67
200505;28145829;BCO DES. DO ES S.A.                                         ;D;4010;0041000007;DEPOSITOS                                         ; 0000000082968320,51
200505;28145829;BCO DES. DO ES S.A.                                         ;D;4010;0041100000;DEPOSITOS A VISTA                                 ; 0000000031260670,86
200505;28145829;BCO DES. DO ES S.A.                                         ;D;4010;0041500002;DEPOSITOS A PRAZO                                 ; 0000000051707649,65
200505;28145829;BCO DES. DO ES S.A.                                         ;D;4010;0046000002;OBRIGACOES POR EMPRESTIMOS E REPASSES             ; 0000000120378432,64
200505;28145829;BCO DES. DO ES S.A.                                         ;D;4010;0046400004;REPASSES DO PAIS - INSTITUICOES OFICIAIS          ; 0000000120378432,64
200505;28145829;BCO DES. DO ES S.A.                                         ;D;4010;0049000009;OUTRAS OBRIGACOES                                 ; 0000000134599815,52
200505;28145829;BCO DES. DO ES S.A.                                         ;D;4010;0049100002;COBRANCA E ARRECADACAO DE TRIBUTOS E ASSEMELHADOS ; 0000000000029023,41
200505;28145829;BCO DES. DO ES S.A.                                         ;D;4010;0049300008;SOCIAIS E ESTATUTARIAS                            ; 0000000000001205,21
200505;28145829;BCO DES. DO ES S.A.                                         ;D;4010;0049400001;FISCAIS E PREVIDENCIARIAS                         ; 0000000010050524,46
200505;28145829;BCO DES. DO ES S.A.                                         ;D;4010;0049600007;RECURSOS PARA DESTINACAO ESPECIFICA               ; 0000000119318005,50
200505;28145829;BCO DES. DO ES S.A.                                         ;D;4010;0049900006;DIVERSAS                                          ; 0000000005201056,94
200505;28145829;BCO DES. DO ES S.A.                                         ;D;4010;0050000005;RESULTADOS DE EXERCICIOS FUTUROS                  ; 0000000000029348,89
200505;28145829;BCO DES. DO ES S.A.                                         ;D;4010;0051000004;RECEITAS DE EXERCICIOS FUTUROS                    ; 0000000000029348,89
200505;28145829;BCO DES. DO ES S.A.                                         ;D;4010;0051100007;RECEITAS DE EXERCICIOS FUTUROS                    ; 0000000000029348,89
200505;28145829;BCO DES. DO ES S.A.                                         ;D;4010;0060000002;PATRIMONIO LIQUIDO                                ; 0000000063426857,09
200505;28145829;BCO DES. DO ES S.A.                                         ;D;4010;0061000001;PATRIMONIO LIQUIDO                                ; 0000000063426857,09
200505;28145829;BCO DES. DO ES S.A.                                         ;D;4010;0061100004;CAPITAL SOCIAL                                    ; 0000000095220662,96
200505;28145829;BCO DES. DO ES S.A.                                         ;D;4010;0061300000;RESERVAS DE CAPITAL                               ; 0000000000322817,84
200505;28145829;BCO DES. DO ES S.A.                                         ;D;4010;0061800005;LUCROS OU PREJUIZOS ACUMULADOS                    ;-0000000031989950,17
200505;28145829;BCO DES. DO ES S.A.                                         ;D;4010;0061900008;(-) ACOES EM TESOURARIA                           ;-0000000000126673,54
200505;28145829;BCO DES. DO ES S.A.                                         ;D;4010;0070000009;CONTAS DE RESULTADO CREDORAS                      ; 0000000033192409,49
200505;28145829;BCO DES. DO ES S.A.                                         ;D;4010;0071000008;RECEITAS OPERACIONAIS                             ; 0000000033099492,65
200505;28145829;BCO DES. DO ES S.A.                                         ;D;4010;0071100001;RENDAS DE OPERACOES DE CREDITO                    ; 0000000004270407,46
200505;28145829;BCO DES. DO ES S.A.                                         ;D;4010;0071400000;RENDAS DE APLICACOES INTERFINANCEIRAS DE LIQUIDEZ ; 0000000002762221,99
200505;28145829;BCO DES. DO ES S.A.                                         ;D;4010;0071500003;RENDAS COM TIT. E VAL. MOB. E INST. FINANC. DERIV.; 0000000015054606,91
200505;28145829;BCO DES. DO ES S.A.                                         ;D;4010;0071700009;RENDAS DE PRESTACAO DE SERVICOS                   ; 0000000001184092,27
200505;28145829;BCO DES. DO ES S.A.                                         ;D;4010;0071900005;OUTRAS RECEITAS OPERACIONAIS                      ; 0000000009828164,02
200505;28145829;BCO DES. DO ES S.A.                                         ;D;4010;0073000006;RECEITAS NAO OPERACIONAIS                         ; 0000000000092916,84
200505;28145829;BCO DES. DO ES S.A.                                         ;D;4010;0073900003;OUTRAS RECEITAS NAO OPERACIONAIS                  ; 0000000000092916,84
200505;28145829;BCO DES. DO ES S.A.                                         ;D;4010;0080000006;(-) CONTAS DE RESULTADO DEVEDORAS                 ;-0000000029616033,58
200505;28145829;BCO DES. DO ES S.A.                                         ;D;4010;0081000005;(-) DESPESAS OPERACIONAIS                         ;-0000000027653823,93
200505;28145829;BCO DES. DO ES S.A.                                         ;D;4010;0081100008;(-) DESPESAS DE CAPTACAO                          ;-0000000000795629,35
200505;28145829;BCO DES. DO ES S.A.                                         ;D;4010;0081200001;(-) DESP DE OBRIGACOES POR EMPRESTIMOS E REPASSES ;-0000000002721112,61
200505;28145829;BCO DES. DO ES S.A.                                         ;D;4010;0081700006;(-) DESPESAS ADMINISTRATIVAS                      ;-0000000009525347,24
200505;28145829;BCO DES. DO ES S.A.                                         ;D;4010;0081800009;(-) APROVISIONAMENTOS E AJUSTES PATRIMONIAIS      ;-0000000005449269,08
200505;28145829;BCO DES. DO ES S.A.                                         ;D;4010;0081900002;(-) OUTRAS DESPESAS OPERACIONAIS                  ;-0000000009162465,65
200505;28145829;BCO DES. DO ES S.A.                                         ;D;4010;0083000003;(-) DESPESAS NAO OPERACIONAIS                     ;-0000000000034697,45
200505;28145829;BCO DES. DO ES S.A.                                         ;D;4010;0083900000;(-) OUTRAS DESPESAS NAO OPERACIONAIS              ;-0000000000034697,45
200505;28145829;BCO DES. DO ES S.A.                                         ;D;4010;0089000007;(-) APURACAO DE RESULTADO                         ;-0000000001927512,20
200505;28145829;BCO DES. DO ES S.A.                                         ;D;4010;0089400009;(-) IMPOSTO DE RENDA                              ;-0000000001805115,08
200505;28145829;BCO DES. DO ES S.A.                                         ;D;4010;0089700008;(-) PARTICIPACOES NO LUCRO                        ;-0000000000122397,12
200505;28145829;BCO DES. DO ES S.A.                                         ;D;4010;0090000003;COMPENSACAO                                       ; 0000001116074111,62
200505;28145829;BCO DES. DO ES S.A.                                         ;D;4010;0090100006;COOBRIGACOES E RISCOS EM GARANTIAS PRESTADAS      ; 0000000002070000,00
200505;28145829;BCO DES. DO ES S.A.                                         ;D;4010;0090300002;TITULOS E VALORES MOBILIARIOS                     ; 0000000435238451,10
200505;28145829;BCO DES. DO ES S.A.                                         ;D;4010;0090400005;CUSTODIA DE VALORES                               ; 0000000051696600,10
200505;28145829;BCO DES. DO ES S.A.                                         ;D;4010;0090800007;CONTRATOS                                         ; 0000000008755000,00
200505;28145829;BCO DES. DO ES S.A.                                         ;D;4010;0090900000;CONTROLE                                          ; 0000000487486116,90
200505;28145829;BCO DES. DO ES S.A.                                         ;D;4010;0091000002;CLASSIFICACAO DA CARTEIRA DE CREDITOS             ; 0000000130827943,52
200505;28145829;BCO DES. DO ES S.A.                                         ;D;4010;0091100005;OPERACOES DE CREDITOS E ARRENDAMENTO MERCANTIL    ; 0000000130827943,52
200505;28145829;BCO DES. DO ES S.A.                                         ;D;4010;0099999995;TOTAL GERAL DO PASSIVO                            ; 0000001521053262,18
200505;28195667;BCO ABC BRASIL S.A.                                         ;U;4010;0010000007;CIRCULANTE E REALIZAVEL A LONGO PRAZO             ; 0000002294828945,77
200505;28195667;BCO ABC BRASIL S.A.                                         ;U;4010;0011000006;DISPONIBILIDADES                                  ; 0000000005929772,90
200505;28195667;BCO ABC BRASIL S.A.                                         ;U;4010;0011100009;CAIXA                                             ; 0000000000042565,30
200505;28195667;BCO ABC BRASIL S.A.                                         ;U;4010;0011300005;RESERVAS LIVRES                                   ; 0000000000098322,77
200505;28195667;BCO ABC BRASIL S.A.                                         ;U;4010;0011500001;DISPONIBILIDADES EM MOEDAS ESTRANGEIRAS           ; 0000000005788884,83
200505;28195667;BCO ABC BRASIL S.A.                                         ;U;4010;0012000005;APLICACOES INTERFINANCEIRAS DE LIQUIDEZ           ; 0000000049275280,03
200505;28195667;BCO ABC BRASIL S.A.                                         ;U;4010;0012100008;APLICACOES EM OPERACOES COMPROMISSADAS            ; 0000000030000999,77
200505;28195667;BCO ABC BRASIL S.A.                                         ;U;4010;0012200001;APLICACOES EM DEPOSITOS INTERFINANCEIROS          ; 0000000019274280,26
200505;28195667;BCO ABC BRASIL S.A.                                         ;U;4010;0013000004;TITULOS E VAL. MOB. E INST. FINANC. DERIVATIVOS   ; 0000000397688461,61
200505;28195667;BCO ABC BRASIL S.A.                                         ;U;4010;0013100007;LIVRES                                            ; 0000000210725556,53
200505;28195667;BCO ABC BRASIL S.A.                                         ;U;4010;0013200000;VINCULADOS A OPERACOES COMPROMISSADAS             ; 0000000001411563,49
200505;28195667;BCO ABC BRASIL S.A.                                         ;U;4010;0013300003;INSTRUMENTOS FINANCEIROS DERIVATIVOS              ; 0000000158798405,18
200505;28195667;BCO ABC BRASIL S.A.                                         ;U;4010;0013600002;VINCULADOS A PRESTACAO DE GARANTIAS               ; 0000000026752936,41
200505;28195667;BCO ABC BRASIL S.A.                                         ;U;4010;0014000003;RELACOES INTERFINANCEIRAS                         ; 0000000002152059,36
200505;28195667;BCO ABC BRASIL S.A.                                         ;U;4010;0014100006;DIREITOS JUNTO A PARTIC. DE SISTEMAS DE LIQUIDAÇÃO; 0000000000051472,04
200505;28195667;BCO ABC BRASIL S.A.                                         ;U;4010;0014200009;CREDITOS VINCULADOS                               ; 0000000002100587,32
200505;28195667;BCO ABC BRASIL S.A.                                         ;U;4010;0016000001;OPERACOES DE CREDITO                              ; 0000001327765435,17
200505;28195667;BCO ABC BRASIL S.A.                                         ;U;4010;0016100004;EMPRESTIMOS E TITULOS DESCONTADOS                 ; 0000001012083932,79
200505;28195667;BCO ABC BRASIL S.A.                                         ;U;4010;0016200007;FINANCIAMENTOS                                    ; 0000000325170182,79
200505;28195667;BCO ABC BRASIL S.A.                                         ;U;4010;0016300000;FINANCIAMENTOS RURAIS E AGROINDUSTRIAIS           ; 0000000008051750,75
200505;28195667;BCO ABC BRASIL S.A.                                         ;U;4010;0016900008;(-) PROVISOES PARA OPERACOES DE CREDITO           ;-0000000017540431,16
200505;28195667;BCO ABC BRASIL S.A.                                         ;U;4010;0018000009;OUTROS CREDITOS                                   ; 0000000509127086,13
200505;28195667;BCO ABC BRASIL S.A.                                         ;U;4010;0018200005;CARTEIRA DE CAMBIO                                ; 0000000437533957,82
200505;28195667;BCO ABC BRASIL S.A.                                         ;U;4010;0018300008;RENDAS A RECEBER                                  ; 0000000001376423,40
200505;28195667;BCO ABC BRASIL S.A.                                         ;U;4010;0018400001;NEGOCIACAO E INTERMEDIACAO DE VALORES             ; 0000000008338926,37
200505;28195667;BCO ABC BRASIL S.A.                                         ;U;4010;0018800003;DIVERSOS                                          ; 0000000069012421,44
200505;28195667;BCO ABC BRASIL S.A.                                         ;U;4010;0018900006;(-) PROVISOES PARA OUTROS CREDITOS                ;-0000000007134642,90
200505;28195667;BCO ABC BRASIL S.A.                                         ;U;4010;0019000008;OUTROS VALORES E BENS                             ; 0000000002890850,57
200505;28195667;BCO ABC BRASIL S.A.                                         ;U;4010;0019800002;OUTROS VALORES E BENS                             ; 0000000002836871,63
200505;28195667;BCO ABC BRASIL S.A.                                         ;U;4010;0019900005;DESPESAS ANTECIPADAS                              ; 0000000000053978,94
200505;28195667;BCO ABC BRASIL S.A.                                         ;U;4010;0020000004;PERMANENTE                                        ; 0000000079553313,64
200505;28195667;BCO ABC BRASIL S.A.                                         ;U;4010;0021000003;INVESTIMENTOS                                     ; 0000000073486685,15
200505;28195667;BCO ABC BRASIL S.A.                                         ;U;4010;0021100006;INVESTIMENTOS NO EXTERIOR                         ; 0000000055015615,77
200505;28195667;BCO ABC BRASIL S.A.                                         ;U;4010;0021200009;PARTICIPACOES EM COLIGADAS E CONTROLADAS NO PAIS  ; 0000000017363619,97
200505;28195667;BCO ABC BRASIL S.A.                                         ;U;4010;0021300002;INVESTIMENTOS POR INCENTIVOS FISCAIS              ; 0000000000621668,57
200505;28195667;BCO ABC BRASIL S.A.                                         ;U;4010;0021400005;TITULOS PATRIMONIAIS                              ; 0000000000208035,55
200505;28195667;BCO ABC BRASIL S.A.                                         ;U;4010;0021900000;OUTROS INVESTIMENTOS                              ; 0000000000277745,29
200505;28195667;BCO ABC BRASIL S.A.                                         ;U;4010;0022000002;IMOBILIZADO DE USO                                ; 0000000003857794,36
200505;28195667;BCO ABC BRASIL S.A.                                         ;U;4010;0022200008;IMOBILIZACOES EM CURSO                            ; 0000000000654373,73
200505;28195667;BCO ABC BRASIL S.A.                                         ;U;4010;0022400004;INSTALACOES, MOVEIS E EQUIPAMENTOS DE USO         ; 0000000000380202,82
200505;28195667;BCO ABC BRASIL S.A.                                         ;U;4010;0022900009;OUTROS                                            ; 0000000002823217,81
200505;28195667;BCO ABC BRASIL S.A.                                         ;U;4010;0024000000;DIFERIDO                                          ; 0000000002208834,13
200505;28195667;BCO ABC BRASIL S.A.                                         ;U;4010;0024100003;GASTOS DE ORGANIZACAO E EXPANSAO                  ; 0000000002208834,13
200505;28195667;BCO ABC BRASIL S.A.                                         ;U;4010;0030000001;COMPENSACAO                                       ; 0000010043517422,40
200505;28195667;BCO ABC BRASIL S.A.                                         ;U;4010;0030100004;COOBRIGACOES E RISCOS EM GARANTIAS PRESTADAS      ; 0000000736770474,97
200505;28195667;BCO ABC BRASIL S.A.                                         ;U;4010;0030300000;TITULOS E VALORES MOBILIARIOS                     ; 0000000636578518,04
200505;28195667;BCO ABC BRASIL S.A.                                         ;U;4010;0030400003;CUSTODIA DE VALORES                               ; 0000004226005777,14
200505;28195667;BCO ABC BRASIL S.A.                                         ;U;4010;0030500006;COBRANCA                                          ; 0000000193933173,40
200505;28195667;BCO ABC BRASIL S.A.                                         ;U;4010;0030600009;NEGOCIACAO E INTERMEDIACAO DE VALORES             ; 0000001911248064,80
200505;28195667;BCO ABC BRASIL S.A.                                         ;U;4010;0030800005;CONTRATOS                                         ; 0000000024000000,00
200505;28195667;BCO ABC BRASIL S.A.                                         ;U;4010;0030900008;CONTROLE                                          ; 0000000752033523,77
200505;28195667;BCO ABC BRASIL S.A.                                         ;U;4010;0031000000;CLASSIFICACAO DA CARTEIRA DE CREDITOS             ; 0000001562947890,28
200505;28195667;BCO ABC BRASIL S.A.                                         ;U;4010;0031100003;OPERACOES DE RISCO NIVEL AA                       ; 0000000114269869,09
200505;28195667;BCO ABC BRASIL S.A.                                         ;U;4010;0031200006;OPERACOES DE RISCO NIVEL A                        ; 0000000451312109,50
200505;28195667;BCO ABC BRASIL S.A.                                         ;U;4010;0031300009;OPERACOES DE RISCO NIVELB                         ; 0000000729327807,61
200505;28195667;BCO ABC BRASIL S.A.                                         ;U;4010;0031400002;OPERACOES DE RISCO NIVELC                         ; 0000000234907527,46
200505;28195667;BCO ABC BRASIL S.A.                                         ;U;4010;0031500005;OPERACOES DE RISCO NIVEL D                        ; 0000000022689653,07
200505;28195667;BCO ABC BRASIL S.A.                                         ;U;4010;0031600008;OPERACOES DE RISCO NIVEL E                        ; 0000000001117744,21
200505;28195667;BCO ABC BRASIL S.A.                                         ;U;4010;0031700001;OPERACOES DE RISCO NIVEL F                        ; 0000000007698916,88
200505;28195667;BCO ABC BRASIL S.A.                                         ;U;4010;0031900007;OPERACOES DE RISCO NIVEL H                        ; 0000000001624262,46
200505;28195667;BCO ABC BRASIL S.A.                                         ;U;4010;0039999993;TOTAL GERAL DO ATIVO                              ; 0000012417899681,81
200505;28195667;BCO ABC BRASIL S.A.                                         ;U;4010;0040000008;CIRCULANTE EXIGIVEL A LONGO PRAZO                 ; 0000001986473904,73
200505;28195667;BCO ABC BRASIL S.A.                                         ;U;4010;0041000007;DEPOSITOS                                         ; 0000000828395236,55
200505;28195667;BCO ABC BRASIL S.A.                                         ;U;4010;0041100000;DEPOSITOS A VISTA                                 ; 0000000025608340,25
200505;28195667;BCO ABC BRASIL S.A.                                         ;U;4010;0041300006;DEPOSITOS INTERFINANCEIROS                        ; 0000000032594745,11
200505;28195667;BCO ABC BRASIL S.A.                                         ;U;4010;0041500002;DEPOSITOS A PRAZO                                 ; 0000000770184367,47
200505;28195667;BCO ABC BRASIL S.A.                                         ;U;4010;0041900004;OUTROS DEPOSITOS                                  ; 0000000000007783,72
200505;28195667;BCO ABC BRASIL S.A.                                         ;U;4010;0042000006;OBRIGACOES POR OPERACOES COMPROMISSADAS           ; 0000000001399901,26
200505;28195667;BCO ABC BRASIL S.A.                                         ;U;4010;0042100009;CARTEIRA PROPRIA                                  ; 0000000001399901,26
200505;28195667;BCO ABC BRASIL S.A.                                         ;U;4010;0044000004;RELACOES INTERFINANCEIRAS                         ; 0000000000105953,66
200505;28195667;BCO ABC BRASIL S.A.                                         ;U;4010;0044100007;OBRIGAÇÕES JUNTO A PARTIC. DE SIST. DE LIQUIDACÃO ; 0000000000105953,66
200505;28195667;BCO ABC BRASIL S.A.                                         ;U;4010;0046000002;OBRIGACOES POR EMPRESTIMOS E REPASSES             ; 0000000722514942,56
200505;28195667;BCO ABC BRASIL S.A.                                         ;U;4010;0046200008;EMPRESTIMOS NO PAIS - OUTRAS INSTITUICOES         ; 0000000014637659,65
200505;28195667;BCO ABC BRASIL S.A.                                         ;U;4010;0046300001;EMPRESTIMOS NO EXTERIOR                           ; 0000000490832674,20
200505;28195667;BCO ABC BRASIL S.A.                                         ;U;4010;0046400004;REPASSES DO PAIS - INSTITUICOES OFICIAIS          ; 0000000195034795,41
200505;28195667;BCO ABC BRASIL S.A.                                         ;U;4010;0046600000;REPASSES DO EXTERIOR                              ; 0000000022009813,30
200505;28195667;BCO ABC BRASIL S.A.                                         ;U;4010;0047000001;INSTRUMENTOS FINANCEIROS DERIVATIVOS              ; 0000000094052201,26
200505;28195667;BCO ABC BRASIL S.A.                                         ;U;4010;0047100004;INSTRUMENTOS FINANCEIROS DERIVATIVOS              ; 0000000094052201,26
200505;28195667;BCO ABC BRASIL S.A.                                         ;U;4010;0049000009;OUTRAS OBRIGACOES                                 ; 0000000340005669,44
200505;28195667;BCO ABC BRASIL S.A.                                         ;U;4010;0049100002;COBRANCA E ARRECADACAO DE TRIBUTOS E ASSEMELHADOS ; 0000000000439800,30
200505;28195667;BCO ABC BRASIL S.A.                                         ;U;4010;0049200005;CARTEIRA DE CAMBIO                                ; 0000000274702108,36
200505;28195667;BCO ABC BRASIL S.A.                                         ;U;4010;0049300008;SOCIAIS E ESTATUTARIAS                            ; 0000000000314500,00
200505;28195667;BCO ABC BRASIL S.A.                                         ;U;4010;0049400001;FISCAIS E PREVIDENCIARIAS                         ; 0000000052085562,53
200505;28195667;BCO ABC BRASIL S.A.                                         ;U;4010;0049500004;NEGOCIACAO E INTERMEDIACAO DE VALORES             ; 0000000003506321,90
200505;28195667;BCO ABC BRASIL S.A.                                         ;U;4010;0049900006;DIVERSAS                                          ; 0000000008957376,35
200505;28195667;BCO ABC BRASIL S.A.                                         ;U;4010;0050000005;RESULTADOS DE EXERCICIOS FUTUROS                  ; 0000000002649413,75
200505;28195667;BCO ABC BRASIL S.A.                                         ;U;4010;0051000004;RECEITAS DE EXERCICIOS FUTUROS                    ; 0000000002649413,75
200505;28195667;BCO ABC BRASIL S.A.                                         ;U;4010;0051100007;RECEITAS DE EXERCICIOS FUTUROS                    ; 0000000002649413,75
200505;28195667;BCO ABC BRASIL S.A.                                         ;U;4010;0060000002;PATRIMONIO LIQUIDO                                ; 0000000375761186,07
200505;28195667;BCO ABC BRASIL S.A.                                         ;U;4010;0061000001;PATRIMONIO LIQUIDO                                ; 0000000375761186,07
200505;28195667;BCO ABC BRASIL S.A.                                         ;U;4010;0061100004;CAPITAL SOCIAL                                    ; 0000000235919018,29
200505;28195667;BCO ABC BRASIL S.A.                                         ;U;4010;0061300000;RESERVAS DE CAPITAL                               ; 0000000000257979,10
200505;28195667;BCO ABC BRASIL S.A.                                         ;U;4010;0061500006;RESERVAS DE LUCROS                                ; 0000000015546272,56
200505;28195667;BCO ABC BRASIL S.A.                                         ;U;4010;0061600009;AJUSTES DE AVALIACAO PATRIMONIAL                  ; 0000000003193327,29
200505;28195667;BCO ABC BRASIL S.A.                                         ;U;4010;0061800005;LUCROS OU PREJUIZOS ACUMULADOS                    ; 0000000120844588,83
200505;28195667;BCO ABC BRASIL S.A.                                         ;U;4010;0070000009;CONTAS DE RESULTADO CREDORAS                      ; 0000000669532601,91
200505;28195667;BCO ABC BRASIL S.A.                                         ;U;4010;0071000008;RECEITAS OPERACIONAIS                             ; 0000000669532088,00
200505;28195667;BCO ABC BRASIL S.A.                                         ;U;4010;0071100001;RENDAS DE OPERACOES DE CREDITO                    ; 0000000111853169,29
200505;28195667;BCO ABC BRASIL S.A.                                         ;U;4010;0071300007;RENDAS DE CAMBIO                                  ; 0000000181535921,96
200505;28195667;BCO ABC BRASIL S.A.                                         ;U;4010;0071400000;RENDAS DE APLICACOES INTERFINANCEIRAS DE LIQUIDEZ ; 0000000008882465,09
200505;28195667;BCO ABC BRASIL S.A.                                         ;U;4010;0071500003;RENDAS COM TIT. E VAL. MOB. E INST. FINANC. DERIV.; 0000000268196790,09
200505;28195667;BCO ABC BRASIL S.A.                                         ;U;4010;0071700009;RENDAS DE PRESTACAO DE SERVICOS                   ; 0000000001635274,23
200505;28195667;BCO ABC BRASIL S.A.                                         ;U;4010;0071800002;RENDAS DE PARTICIPACOES                           ; 0000000000746379,31
200505;28195667;BCO ABC BRASIL S.A.                                         ;U;4010;0071900005;OUTRAS RECEITAS OPERACIONAIS                      ; 0000000096682088,03
200505;28195667;BCO ABC BRASIL S.A.                                         ;U;4010;0073000006;RECEITAS NAO OPERACIONAIS                         ; 0000000000000513,91
200505;28195667;BCO ABC BRASIL S.A.                                         ;U;4010;0073100009;LUCROS EM TRANSACOES COM VALORES E BENS           ; 0000000000000513,91
200505;28195667;BCO ABC BRASIL S.A.                                         ;U;4010;0080000006;(-) CONTAS DE RESULTADO DEVEDORAS                 ;-0000000660034847,05
200505;28195667;BCO ABC BRASIL S.A.                                         ;U;4010;0081000005;(-) DESPESAS OPERACIONAIS                         ;-0000000651587326,18
200505;28195667;BCO ABC BRASIL S.A.                                         ;U;4010;0081100008;(-) DESPESAS DE CAPTACAO                          ;-0000000048191598,91
200505;28195667;BCO ABC BRASIL S.A.                                         ;U;4010;0081200001;(-) DESP DE OBRIGACOES POR EMPRESTIMOS E REPASSES ;-0000000072206688,15
200505;28195667;BCO ABC BRASIL S.A.                                         ;U;4010;0081400007;(-) DESPESAS DE CAMBIO                            ;-0000000176405251,75
200505;28195667;BCO ABC BRASIL S.A.                                         ;U;4010;0081500000;(-) DESP. COM TIT. E VAL. MOB. E INST. FIN. DERIV.;-0000000277318877,82
200505;28195667;BCO ABC BRASIL S.A.                                         ;U;4010;0081600003;(-) DESPESAS DE PARTICIPACOES                     ;-0000000017344469,71
200505;28195667;BCO ABC BRASIL S.A.                                         ;U;4010;0081700006;(-) DESPESAS ADMINISTRATIVAS                      ;-0000000018169500,06
200505;28195667;BCO ABC BRASIL S.A.                                         ;U;4010;0081800009;(-) APROVISIONAMENTOS E AJUSTES PATRIMONIAIS      ;-0000000005235895,92
200505;28195667;BCO ABC BRASIL S.A.                                         ;U;4010;0081900002;(-) OUTRAS DESPESAS OPERACIONAIS                  ;-0000000036715043,86
200505;28195667;BCO ABC BRASIL S.A.                                         ;U;4010;0083000003;(-) DESPESAS NAO OPERACIONAIS                     ;-0000000000221475,80
200505;28195667;BCO ABC BRASIL S.A.                                         ;U;4010;0083100006;(-) PREJUIZOS EM TRANSACOES COM VALORES E BENS    ;-0000000000221475,80
200505;28195667;BCO ABC BRASIL S.A.                                         ;U;4010;0089000007;(-) APURACAO DE RESULTADO                         ;-0000000008226045,07
200505;28195667;BCO ABC BRASIL S.A.                                         ;U;4010;0089400009;(-) IMPOSTO DE RENDA                              ;-0000000008217615,48
200505;28195667;BCO ABC BRASIL S.A.                                         ;U;4010;0089700008;(-) PARTICIPACOES NO LUCRO                        ;-0000000000008429,59
200505;28195667;BCO ABC BRASIL S.A.                                         ;U;4010;0090000003;COMPENSACAO                                       ; 0000010043517422,40
200505;28195667;BCO ABC BRASIL S.A.                                         ;U;4010;0090100006;COOBRIGACOES E RISCOS EM GARANTIAS PRESTADAS      ; 0000000736770474,97
200505;28195667;BCO ABC BRASIL S.A.                                         ;U;4010;0090300002;TITULOS E VALORES MOBILIARIOS                     ; 0000000636578518,04
200505;28195667;BCO ABC BRASIL S.A.                                         ;U;4010;0090400005;CUSTODIA DE VALORES                               ; 0000004226005777,14
200505;28195667;BCO ABC BRASIL S.A.                                         ;U;4010;0090500008;COBRANCA                                          ; 0000000193933173,40
200505;28195667;BCO ABC BRASIL S.A.                                         ;U;4010;0090600001;NEGOCIACAO E INTERMEDIACAO DE VALORES             ; 0000001911248064,80
200505;28195667;BCO ABC BRASIL S.A.                                         ;U;4010;0090800007;CONTRATOS                                         ; 0000000024000000,00
200505;28195667;BCO ABC BRASIL S.A.                                         ;U;4010;0090900000;CONTROLE                                          ; 0000000752033523,77
200505;28195667;BCO ABC BRASIL S.A.                                         ;U;4010;0091000002;CLASSIFICACAO DA CARTEIRA DE CREDITOS             ; 0000001562947890,28
200505;28195667;BCO ABC BRASIL S.A.                                         ;U;4010;0091100005;OPERACOES DE CREDITOS E ARRENDAMENTO MERCANTIL    ; 0000001562947890,28
200505;28195667;BCO ABC BRASIL S.A.                                         ;U;4010;0099999995;TOTAL GERAL DO PASSIVO                            ; 0000012417899681,81
200505;29030467;DRESDNER BANK BRASIL S.A. BM                                ;U;4010;0010000007;CIRCULANTE E REALIZAVEL A LONGO PRAZO             ; 0000000770623794,35
200505;29030467;DRESDNER BANK BRASIL S.A. BM                                ;U;4010;0011000006;DISPONIBILIDADES                                  ; 0000000001605718,56
200505;29030467;DRESDNER BANK BRASIL S.A. BM                                ;U;4010;0011300005;RESERVAS LIVRES                                   ; 0000000001375180,22
200505;29030467;DRESDNER BANK BRASIL S.A. BM                                ;U;4010;0011500001;DISPONIBILIDADES EM MOEDAS ESTRANGEIRAS           ; 0000000000230538,34
200505;29030467;DRESDNER BANK BRASIL S.A. BM                                ;U;4010;0012000005;APLICACOES INTERFINANCEIRAS DE LIQUIDEZ           ; 0000000225559711,94
200505;29030467;DRESDNER BANK BRASIL S.A. BM                                ;U;4010;0012200001;APLICACOES EM DEPOSITOS INTERFINANCEIROS          ; 0000000215707411,94
200505;29030467;DRESDNER BANK BRASIL S.A. BM                                ;U;4010;0012600003;APLICA OES EM MOEDAS ESTRANGEIRAS                 ; 0000000009852300,00
200505;29030467;DRESDNER BANK BRASIL S.A. BM                                ;U;4010;0013000004;TITULOS E VAL. MOB. E INST. FINANC. DERIVATIVOS   ; 0000000203295734,72
200505;29030467;DRESDNER BANK BRASIL S.A. BM                                ;U;4010;0013100007;LIVRES                                            ; 0000000002236569,25
200505;29030467;DRESDNER BANK BRASIL S.A. BM                                ;U;4010;0013200000;VINCULADOS A OPERACOES COMPROMISSADAS             ; 0000000020173027,33
200505;29030467;DRESDNER BANK BRASIL S.A. BM                                ;U;4010;0013300003;INSTRUMENTOS FINANCEIROS DERIVATIVOS              ; 0000000088912673,66
200505;29030467;DRESDNER BANK BRASIL S.A. BM                                ;U;4010;0013600002;VINCULADOS A PRESTACAO DE GARANTIAS               ; 0000000091973464,48
200505;29030467;DRESDNER BANK BRASIL S.A. BM                                ;U;4010;0014000003;RELACOES INTERFINANCEIRAS                         ; 0000000007326241,36
200505;29030467;DRESDNER BANK BRASIL S.A. BM                                ;U;4010;0014200009;CREDITOS VINCULADOS                               ; 0000000000000508,96
200505;29030467;DRESDNER BANK BRASIL S.A. BM                                ;U;4010;0014300002;REPASSES INTERFINANCEIROS                         ; 0000000007325732,40
200505;29030467;DRESDNER BANK BRASIL S.A. BM                                ;U;4010;0016000001;OPERACOES DE CREDITO                              ; 0000000144932982,95
200505;29030467;DRESDNER BANK BRASIL S.A. BM                                ;U;4010;0016100004;EMPRESTIMOS E TITULOS DESCONTADOS                 ; 0000000145173501,73
200505;29030467;DRESDNER BANK BRASIL S.A. BM                                ;U;4010;0016900008;(-) PROVISOES PARA OPERACOES DE CREDITO           ;-0000000000240518,78
200505;29030467;DRESDNER BANK BRASIL S.A. BM                                ;U;4010;0018000009;OUTROS CREDITOS                                   ; 0000000187811140,39
200505;29030467;DRESDNER BANK BRASIL S.A. BM                                ;U;4010;0018200005;CARTEIRA DE CAMBIO                                ; 0000000163184376,53
200505;29030467;DRESDNER BANK BRASIL S.A. BM                                ;U;4010;0018400001;NEGOCIACAO E INTERMEDIACAO DE VALORES             ; 0000000023320903,27
200505;29030467;DRESDNER BANK BRASIL S.A. BM                                ;U;4010;0018800003;DIVERSOS                                          ; 0000000001305860,59
200505;29030467;DRESDNER BANK BRASIL S.A. BM                                ;U;4010;0019000008;OUTROS VALORES E BENS                             ; 0000000000092264,43
200505;29030467;DRESDNER BANK BRASIL S.A. BM                                ;U;4010;0019900005;DESPESAS ANTECIPADAS                              ; 0000000000092264,43
200505;29030467;DRESDNER BANK BRASIL S.A. BM                                ;U;4010;0020000004;PERMANENTE                                        ; 0000000008053517,94
200505;29030467;DRESDNER BANK BRASIL S.A. BM                                ;U;4010;0021000003;INVESTIMENTOS                                     ; 0000000003788192,43
200505;29030467;DRESDNER BANK BRASIL S.A. BM                                ;U;4010;0021300002;INVESTIMENTOS POR INCENTIVOS FISCAIS              ; 0000000000002312,29
200505;29030467;DRESDNER BANK BRASIL S.A. BM                                ;U;4010;0021400005;TITULOS PATRIMONIAIS                              ; 0000000003785880,14
200505;29030467;DRESDNER BANK BRASIL S.A. BM                                ;U;4010;0022000002;IMOBILIZADO DE USO                                ; 0000000002700558,94
200505;29030467;DRESDNER BANK BRASIL S.A. BM                                ;U;4010;0022300001;IMOVEIS DE USO                                    ; 0000000001871302,33
200505;29030467;DRESDNER BANK BRASIL S.A. BM                                ;U;4010;0022400004;INSTALACOES, MOVEIS E EQUIPAMENTOS DE USO         ; 0000000000002007,68
200505;29030467;DRESDNER BANK BRASIL S.A. BM                                ;U;4010;0022900009;OUTROS                                            ; 0000000000827248,93
200505;29030467;DRESDNER BANK BRASIL S.A. BM                                ;U;4010;0024000000;DIFERIDO                                          ; 0000000001564766,57
200505;29030467;DRESDNER BANK BRASIL S.A. BM                                ;U;4010;0024100003;GASTOS DE ORGANIZACAO E EXPANSAO                  ; 0000000001564766,57
200505;29030467;DRESDNER BANK BRASIL S.A. BM                                ;U;4010;0030000001;COMPENSACAO                                       ; 0000005754073267,12
200505;29030467;DRESDNER BANK BRASIL S.A. BM                                ;U;4010;0030100004;COOBRIGACOES E RISCOS EM GARANTIAS PRESTADAS      ; 0000000003978868,90
200505;29030467;DRESDNER BANK BRASIL S.A. BM                                ;U;4010;0030300000;TITULOS E VALORES MOBILIARIOS                     ; 0000000228766122,12
200505;29030467;DRESDNER BANK BRASIL S.A. BM                                ;U;4010;0030400003;CUSTODIA DE VALORES                               ; 0000000161085953,40
200505;29030467;DRESDNER BANK BRASIL S.A. BM                                ;U;4010;0030600009;NEGOCIACAO E INTERMEDIACAO DE VALORES             ; 0000004905009076,93
200505;29030467;DRESDNER BANK BRASIL S.A. BM                                ;U;4010;0030900008;CONTROLE                                          ; 0000000310059744,04
200505;29030467;DRESDNER BANK BRASIL S.A. BM                                ;U;4010;0031000000;CLASSIFICACAO DA CARTEIRA DE CREDITOS             ; 0000000145173501,73
200505;29030467;DRESDNER BANK BRASIL S.A. BM                                ;U;4010;0031100003;OPERACOES DE RISCO NIVEL AA                       ; 0000000097069745,24
200505;29030467;DRESDNER BANK BRASIL S.A. BM                                ;U;4010;0031200006;OPERACOES DE RISCO NIVEL A                        ; 0000000048103756,49
200505;29030467;DRESDNER BANK BRASIL S.A. BM                                ;U;4010;0039999993;TOTAL GERAL DO ATIVO                              ; 0000006532750579,41
200505;29030467;DRESDNER BANK BRASIL S.A. BM                                ;U;4010;0040000008;CIRCULANTE EXIGIVEL A LONGO PRAZO                 ; 0000000682444385,48
200505;29030467;DRESDNER BANK BRASIL S.A. BM                                ;U;4010;0041000007;DEPOSITOS                                         ; 0000000178768517,01
200505;29030467;DRESDNER BANK BRASIL S.A. BM                                ;U;4010;0041100000;DEPOSITOS A VISTA                                 ; 0000000000075146,81
200505;29030467;DRESDNER BANK BRASIL S.A. BM                                ;U;4010;0041300006;DEPOSITOS INTERFINANCEIROS                        ; 0000000017700000,00
200505;29030467;DRESDNER BANK BRASIL S.A. BM                                ;U;4010;0041500002;DEPOSITOS A PRAZO                                 ; 0000000160993370,20
200505;29030467;DRESDNER BANK BRASIL S.A. BM                                ;U;4010;0042000006;OBRIGACOES POR OPERACOES COMPROMISSADAS           ; 0000000018619338,12
200505;29030467;DRESDNER BANK BRASIL S.A. BM                                ;U;4010;0042100009;CARTEIRA PROPRIA                                  ; 0000000018619338,12
200505;29030467;DRESDNER BANK BRASIL S.A. BM                                ;U;4010;0043000005;RECURSOS ACEITES CAMB,LI E HIP.,DEBENT.E SIMILARES; 0000000080749439,32
200505;29030467;DRESDNER BANK BRASIL S.A. BM                                ;U;4010;0043500000;OBRIGACOES P/TITULOS E VALS.MOBILIARIOS EXTERIOR  ; 0000000080749439,32
200505;29030467;DRESDNER BANK BRASIL S.A. BM                                ;U;4010;0044000004;RELACOES INTERFINANCEIRAS                         ; 0000000000020259,04
200505;29030467;DRESDNER BANK BRASIL S.A. BM                                ;U;4010;0044100007;OBRIGAÇÕES JUNTO A PARTIC. DE SIST. DE LIQUIDACÃO ; 0000000000020259,04
200505;29030467;DRESDNER BANK BRASIL S.A. BM                                ;U;4010;0046000002;OBRIGACOES POR EMPRESTIMOS E REPASSES             ; 0000000120228686,23
200505;29030467;DRESDNER BANK BRASIL S.A. BM                                ;U;4010;0046600000;REPASSES DO EXTERIOR                              ; 0000000120228686,23
200505;29030467;DRESDNER BANK BRASIL S.A. BM                                ;U;4010;0047000001;INSTRUMENTOS FINANCEIROS DERIVATIVOS              ; 0000000084552165,12
200505;29030467;DRESDNER BANK BRASIL S.A. BM                                ;U;4010;0047100004;INSTRUMENTOS FINANCEIROS DERIVATIVOS              ; 0000000084552165,12
200505;29030467;DRESDNER BANK BRASIL S.A. BM                                ;U;4010;0049000009;OUTRAS OBRIGACOES                                 ; 0000000199505980,64
200505;29030467;DRESDNER BANK BRASIL S.A. BM                                ;U;4010;0049200005;CARTEIRA DE CAMBIO                                ; 0000000165323518,76
200505;29030467;DRESDNER BANK BRASIL S.A. BM                                ;U;4010;0049300008;SOCIAIS E ESTATUTARIAS                            ; 0000000000340000,00
200505;29030467;DRESDNER BANK BRASIL S.A. BM                                ;U;4010;0049400001;FISCAIS E PREVIDENCIARIAS                         ; 0000000009816615,82
200505;29030467;DRESDNER BANK BRASIL S.A. BM                                ;U;4010;0049500004;NEGOCIACAO E INTERMEDIACAO DE VALORES             ; 0000000019873144,68
200505;29030467;DRESDNER BANK BRASIL S.A. BM                                ;U;4010;0049900006;DIVERSAS                                          ; 0000000004152701,38
200505;29030467;DRESDNER BANK BRASIL S.A. BM                                ;U;4010;0050000005;RESULTADOS DE EXERCICIOS FUTUROS                  ; 0000000000008454,39
200505;29030467;DRESDNER BANK BRASIL S.A. BM                                ;U;4010;0051000004;RECEITAS DE EXERCICIOS FUTUROS                    ; 0000000000008454,39
200505;29030467;DRESDNER BANK BRASIL S.A. BM                                ;U;4010;0051100007;RECEITAS DE EXERCICIOS FUTUROS                    ; 0000000000008454,39
200505;29030467;DRESDNER BANK BRASIL S.A. BM                                ;U;4010;0060000002;PATRIMONIO LIQUIDO                                ; 0000000129513464,71
200505;29030467;DRESDNER BANK BRASIL S.A. BM                                ;U;4010;0061000001;PATRIMONIO LIQUIDO                                ; 0000000129513464,71
200505;29030467;DRESDNER BANK BRASIL S.A. BM                                ;U;4010;0061100004;CAPITAL SOCIAL                                    ; 0000000097980435,42
200505;29030467;DRESDNER BANK BRASIL S.A. BM                                ;U;4010;0061300000;RESERVAS DE CAPITAL                               ; 0000000000619563,80
200505;29030467;DRESDNER BANK BRASIL S.A. BM                                ;U;4010;0061400003;RESERVAS DE REAVALIACAO                           ; 0000000000565323,11
200505;29030467;DRESDNER BANK BRASIL S.A. BM                                ;U;4010;0061500006;RESERVAS DE LUCROS                                ; 0000000003605037,28
200505;29030467;DRESDNER BANK BRASIL S.A. BM                                ;U;4010;0061800005;LUCROS OU PREJUIZOS ACUMULADOS                    ; 0000000026743105,10
200505;29030467;DRESDNER BANK BRASIL S.A. BM                                ;U;4010;0070000009;CONTAS DE RESULTADO CREDORAS                      ; 0000000229901268,95
200505;29030467;DRESDNER BANK BRASIL S.A. BM                                ;U;4010;0071000008;RECEITAS OPERACIONAIS                             ; 0000000229901268,95
200505;29030467;DRESDNER BANK BRASIL S.A. BM                                ;U;4010;0071100001;RENDAS DE OPERACOES DE CREDITO                    ; 0000000005107571,77
200505;29030467;DRESDNER BANK BRASIL S.A. BM                                ;U;4010;0071300007;RENDAS DE CAMBIO                                  ; 0000000012782723,15
200505;29030467;DRESDNER BANK BRASIL S.A. BM                                ;U;4010;0071400000;RENDAS DE APLICACOES INTERFINANCEIRAS DE LIQUIDEZ ; 0000000009531899,51
200505;29030467;DRESDNER BANK BRASIL S.A. BM                                ;U;4010;0071500003;RENDAS COM TIT. E VAL. MOB. E INST. FINANC. DERIV.; 0000000173082878,38
200505;29030467;DRESDNER BANK BRASIL S.A. BM                                ;U;4010;0071700009;RENDAS DE PRESTACAO DE SERVICOS                   ; 0000000000326178,04
200505;29030467;DRESDNER BANK BRASIL S.A. BM                                ;U;4010;0071900005;OUTRAS RECEITAS OPERACIONAIS                      ; 0000000029070018,10
200505;29030467;DRESDNER BANK BRASIL S.A. BM                                ;U;4010;0080000006;(-) CONTAS DE RESULTADO DEVEDORAS                 ;-0000000263190261,24
200505;29030467;DRESDNER BANK BRASIL S.A. BM                                ;U;4010;0081000005;(-) DESPESAS OPERACIONAIS                         ;-0000000263191922,51
200505;29030467;DRESDNER BANK BRASIL S.A. BM                                ;U;4010;0081100008;(-) DESPESAS DE CAPTACAO                          ;-0000000005405266,39
200505;29030467;DRESDNER BANK BRASIL S.A. BM                                ;U;4010;0081200001;(-) DESP DE OBRIGACOES POR EMPRESTIMOS E REPASSES ;-0000000002424487,21
200505;29030467;DRESDNER BANK BRASIL S.A. BM                                ;U;4010;0081400007;(-) DESPESAS DE CAMBIO                            ;-0000000021807535,38
200505;29030467;DRESDNER BANK BRASIL S.A. BM                                ;U;4010;0081500000;(-) DESP. COM TIT. E VAL. MOB. E INST. FIN. DERIV.;-0000000194613087,56
200505;29030467;DRESDNER BANK BRASIL S.A. BM                                ;U;4010;0081700006;(-) DESPESAS ADMINISTRATIVAS                      ;-0000000005841291,97
200505;29030467;DRESDNER BANK BRASIL S.A. BM                                ;U;4010;0081800009;(-) APROVISIONAMENTOS E AJUSTES PATRIMONIAIS      ;-0000000000287446,22
200505;29030467;DRESDNER BANK BRASIL S.A. BM                                ;U;4010;0081900002;(-) OUTRAS DESPESAS OPERACIONAIS                  ;-0000000032812807,78
200505;29030467;DRESDNER BANK BRASIL S.A. BM                                ;U;4010;0083000003;(-) DESPESAS NAO OPERACIONAIS                     ;-0000000000000266,53
200505;29030467;DRESDNER BANK BRASIL S.A. BM                                ;U;4010;0083900000;(-) OUTRAS DESPESAS NAO OPERACIONAIS              ;-0000000000000266,53
200505;29030467;DRESDNER BANK BRASIL S.A. BM                                ;U;4010;0089000007;(-) APURACAO DE RESULTADO                         ; 0000000000001927,80
200505;29030467;DRESDNER BANK BRASIL S.A. BM                                ;U;4010;0089400009;(-) IMPOSTO DE RENDA                              ; 0000000000001927,80
200505;29030467;DRESDNER BANK BRASIL S.A. BM                                ;U;4010;0090000003;COMPENSACAO                                       ; 0000005754073267,12
200505;29030467;DRESDNER BANK BRASIL S.A. BM                                ;U;4010;0090100006;COOBRIGACOES E RISCOS EM GARANTIAS PRESTADAS      ; 0000000003978868,90
200505;29030467;DRESDNER BANK BRASIL S.A. BM                                ;U;4010;0090300002;TITULOS E VALORES MOBILIARIOS                     ; 0000000228766122,12
200505;29030467;DRESDNER BANK BRASIL S.A. BM                                ;U;4010;0090400005;CUSTODIA DE VALORES                               ; 0000000161085953,40
200505;29030467;DRESDNER BANK BRASIL S.A. BM                                ;U;4010;0090600001;NEGOCIACAO E INTERMEDIACAO DE VALORES             ; 0000004905009076,93
200505;29030467;DRESDNER BANK BRASIL S.A. BM                                ;U;4010;0090900000;CONTROLE                                          ; 0000000310059744,04
200505;29030467;DRESDNER BANK BRASIL S.A. BM                                ;U;4010;0091000002;CLASSIFICACAO DA CARTEIRA DE CREDITOS             ; 0000000145173501,73
200505;29030467;DRESDNER BANK BRASIL S.A. BM                                ;U;4010;0091100005;OPERACOES DE CREDITOS E ARRENDAMENTO MERCANTIL    ; 0000000145173501,73
200505;29030467;DRESDNER BANK BRASIL S.A. BM                                ;U;4010;0099999995;TOTAL GERAL DO PASSIVO                            ; 0000006532750579,41
200505;30131502;BANCO UBS                                                   ;U;4010;0010000007;CIRCULANTE E REALIZAVEL A LONGO PRAZO             ; 0000000139477917,45
200505;30131502;BANCO UBS                                                   ;U;4010;0011000006;DISPONIBILIDADES                                  ; 0000000000548669,24
200505;30131502;BANCO UBS                                                   ;U;4010;0011100009;CAIXA                                             ; 0000000000006224,26
200505;30131502;BANCO UBS                                                   ;U;4010;0011300005;RESERVAS LIVRES                                   ; 0000000000534330,05
200505;30131502;BANCO UBS                                                   ;U;4010;0011500001;DISPONIBILIDADES EM MOEDAS ESTRANGEIRAS           ; 0000000000008114,93
200505;30131502;BANCO UBS                                                   ;U;4010;0012000005;APLICACOES INTERFINANCEIRAS DE LIQUIDEZ           ; 0000000088031066,46
200505;30131502;BANCO UBS                                                   ;U;4010;0012100008;APLICACOES EM OPERACOES COMPROMISSADAS            ; 0000000086498767,97
200505;30131502;BANCO UBS                                                   ;U;4010;0012200001;APLICACOES EM DEPOSITOS INTERFINANCEIROS          ; 0000000001532298,49
200505;30131502;BANCO UBS                                                   ;U;4010;0013000004;TITULOS E VAL. MOB. E INST. FINANC. DERIVATIVOS   ; 0000000032053905,48
200505;30131502;BANCO UBS                                                   ;U;4010;0013100007;LIVRES                                            ; 0000000000909404,18
200505;30131502;BANCO UBS                                                   ;U;4010;0013200000;VINCULADOS A OPERACOES COMPROMISSADAS             ; 0000000005664735,11
200505;30131502;BANCO UBS                                                   ;U;4010;0013600002;VINCULADOS A PRESTACAO DE GARANTIAS               ; 0000000025479766,19
200505;30131502;BANCO UBS                                                   ;U;4010;0014000003;RELACOES INTERFINANCEIRAS                         ; 0000000000105193,46
200505;30131502;BANCO UBS                                                   ;U;4010;0014200009;CREDITOS VINCULADOS                               ; 0000000000087283,61
200505;30131502;BANCO UBS                                                   ;U;4010;0014400005;RELACOES COM CORRESPONDENTES                      ; 0000000000017909,85
200505;30131502;BANCO UBS                                                   ;U;4010;0018000009;OUTROS CREDITOS                                   ; 0000000018633235,74
200505;30131502;BANCO UBS                                                   ;U;4010;0018200005;CARTEIRA DE CAMBIO                                ; 0000000002320039,00
200505;30131502;BANCO UBS                                                   ;U;4010;0018300008;RENDAS A RECEBER                                  ; 0000000000177176,88
200505;30131502;BANCO UBS                                                   ;U;4010;0018400001;NEGOCIACAO E INTERMEDIACAO DE VALORES             ; 0000000000444285,56
200505;30131502;BANCO UBS                                                   ;U;4010;0018800003;DIVERSOS                                          ; 0000000015691734,30
200505;30131502;BANCO UBS                                                   ;U;4010;0019000008;OUTROS VALORES E BENS                             ; 0000000000105847,07
200505;30131502;BANCO UBS                                                   ;U;4010;0019900005;DESPESAS ANTECIPADAS                              ; 0000000000105847,07
200505;30131502;BANCO UBS                                                   ;U;4010;0020000004;PERMANENTE                                        ; 0000000081583564,59
200505;30131502;BANCO UBS                                                   ;U;4010;0021000003;INVESTIMENTOS                                     ; 0000000075620132,72
200505;30131502;BANCO UBS                                                   ;U;4010;0021200009;PARTICIPACOES EM COLIGADAS E CONTROLADAS NO PAIS  ; 0000000067081506,21
200505;30131502;BANCO UBS                                                   ;U;4010;0021300002;INVESTIMENTOS POR INCENTIVOS FISCAIS              ; 0000000000012192,53
200505;30131502;BANCO UBS                                                   ;U;4010;0021400005;TITULOS PATRIMONIAIS                              ; 0000000003389743,98
200505;30131502;BANCO UBS                                                   ;U;4010;0021500008;ACOES E COTAS                                     ; 0000000005136690,00
200505;30131502;BANCO UBS                                                   ;U;4010;0022000002;IMOBILIZADO DE USO                                ; 0000000003737143,59
200505;30131502;BANCO UBS                                                   ;U;4010;0022400004;INSTALACOES, MOVEIS E EQUIPAMENTOS DE USO         ; 0000000000876915,87
200505;30131502;BANCO UBS                                                   ;U;4010;0022900009;OUTROS                                            ; 0000000002860227,72
200505;30131502;BANCO UBS                                                   ;U;4010;0024000000;DIFERIDO                                          ; 0000000002226288,28
200505;30131502;BANCO UBS                                                   ;U;4010;0024100003;GASTOS DE ORGANIZACAO E EXPANSAO                  ; 0000000002226288,28
200505;30131502;BANCO UBS                                                   ;U;4010;0030000001;COMPENSACAO                                       ; 0000004196480787,35
200505;30131502;BANCO UBS                                                   ;U;4010;0030300000;TITULOS E VALORES MOBILIARIOS                     ; 0000000088698664,15
200505;30131502;BANCO UBS                                                   ;U;4010;0030400003;CUSTODIA DE VALORES                               ; 0000000291467701,66
200505;30131502;BANCO UBS                                                   ;U;4010;0030600009;NEGOCIACAO E INTERMEDIACAO DE VALORES             ; 0000000018317332,50
200505;30131502;BANCO UBS                                                   ;U;4010;0030800005;CONTRATOS                                         ; 0000000589139156,42
200505;30131502;BANCO UBS                                                   ;U;4010;0030900008;CONTROLE                                          ; 0000003208857932,62
200505;30131502;BANCO UBS                                                   ;U;4010;0039999993;TOTAL GERAL DO ATIVO                              ; 0000004417542269,39
200505;30131502;BANCO UBS                                                   ;U;4010;0040000008;CIRCULANTE EXIGIVEL A LONGO PRAZO                 ; 0000000122672956,18
200505;30131502;BANCO UBS                                                   ;U;4010;0041000007;DEPOSITOS                                         ; 0000000048600339,07
200505;30131502;BANCO UBS                                                   ;U;4010;0041100000;DEPOSITOS A VISTA                                 ; 0000000006554811,21
200505;30131502;BANCO UBS                                                   ;U;4010;0041300006;DEPOSITOS INTERFINANCEIROS                        ; 0000000041000000,02
200505;30131502;BANCO UBS                                                   ;U;4010;0041500002;DEPOSITOS A PRAZO                                 ; 0000000000053977,62
200505;30131502;BANCO UBS                                                   ;U;4010;0041900004;OUTROS DEPOSITOS                                  ; 0000000000991550,22
200505;30131502;BANCO UBS                                                   ;U;4010;0042000006;OBRIGACOES POR OPERACOES COMPROMISSADAS           ; 0000000035246171,73
200505;30131502;BANCO UBS                                                   ;U;4010;0042100009;CARTEIRA PROPRIA                                  ; 0000000005643831,36
200505;30131502;BANCO UBS                                                   ;U;4010;0042200002;CARTEIRA DE TERCEIROS                             ; 0000000029602340,37
200505;30131502;BANCO UBS                                                   ;U;4010;0046000002;OBRIGACOES POR EMPRESTIMOS E REPASSES             ; 0000000020353704,93
200505;30131502;BANCO UBS                                                   ;U;4010;0046300001;EMPRESTIMOS NO EXTERIOR                           ; 0000000010697612,92
200505;30131502;BANCO UBS                                                   ;U;4010;0046400004;REPASSES DO PAIS - INSTITUICOES OFICIAIS          ; 0000000009656092,01
200505;30131502;BANCO UBS                                                   ;U;4010;0049000009;OUTRAS OBRIGACOES                                 ; 0000000018472740,45
200505;30131502;BANCO UBS                                                   ;U;4010;0049200005;CARTEIRA DE CAMBIO                                ; 0000000003479809,00
200505;30131502;BANCO UBS                                                   ;U;4010;0049300008;SOCIAIS E ESTATUTARIAS                            ; 0000000006399783,00
200505;30131502;BANCO UBS                                                   ;U;4010;0049400001;FISCAIS E PREVIDENCIARIAS                         ; 0000000001832372,51
200505;30131502;BANCO UBS                                                   ;U;4010;0049900006;DIVERSAS                                          ; 0000000006760775,94
200505;30131502;BANCO UBS                                                   ;U;4010;0060000002;PATRIMONIO LIQUIDO                                ; 0000000087651699,28
200505;30131502;BANCO UBS                                                   ;U;4010;0061000001;PATRIMONIO LIQUIDO                                ; 0000000087651699,28
200505;30131502;BANCO UBS                                                   ;U;4010;0061100004;CAPITAL SOCIAL                                    ; 0000000052923361,85
200505;30131502;BANCO UBS                                                   ;U;4010;0061300000;RESERVAS DE CAPITAL                               ; 0000000015057848,87
200505;30131502;BANCO UBS                                                   ;U;4010;0061500006;RESERVAS DE LUCROS                                ; 0000000001248622,77
200505;30131502;BANCO UBS                                                   ;U;4010;0061800005;LUCROS OU PREJUIZOS ACUMULADOS                    ; 0000000018421865,79
200505;30131502;BANCO UBS                                                   ;U;4010;0070000009;CONTAS DE RESULTADO CREDORAS                      ; 0000000220191127,44
200505;30131502;BANCO UBS                                                   ;U;4010;0071000008;RECEITAS OPERACIONAIS                             ; 0000000220187019,36
200505;30131502;BANCO UBS                                                   ;U;4010;0071300007;RENDAS DE CAMBIO                                  ; 0000000173521288,55
200505;30131502;BANCO UBS                                                   ;U;4010;0071400000;RENDAS DE APLICACOES INTERFINANCEIRAS DE LIQUIDEZ ; 0000000005276054,86
200505;30131502;BANCO UBS                                                   ;U;4010;0071500003;RENDAS COM TIT. E VAL. MOB. E INST. FINANC. DERIV.; 0000000013829393,79
200505;30131502;BANCO UBS                                                   ;U;4010;0071700009;RENDAS DE PRESTACAO DE SERVICOS                   ; 0000000015486116,55
200505;30131502;BANCO UBS                                                   ;U;4010;0071800002;RENDAS DE PARTICIPACOES                           ; 0000000007067343,39
200505;30131502;BANCO UBS                                                   ;U;4010;0071900005;OUTRAS RECEITAS OPERACIONAIS                      ; 0000000005006822,22
200505;30131502;BANCO UBS                                                   ;U;4010;0073000006;RECEITAS NAO OPERACIONAIS                         ; 0000000000004108,08
200505;30131502;BANCO UBS                                                   ;U;4010;0073900003;OUTRAS RECEITAS NAO OPERACIONAIS                  ; 0000000000004108,08
200505;30131502;BANCO UBS                                                   ;U;4010;0080000006;(-) CONTAS DE RESULTADO DEVEDORAS                 ;-0000000209454300,86
200505;30131502;BANCO UBS                                                   ;U;4010;0081000005;(-) DESPESAS OPERACIONAIS                         ;-0000000206730217,73
200505;30131502;BANCO UBS                                                   ;U;4010;0081100008;(-) DESPESAS DE CAPTACAO                          ;-0000000005127971,93
200505;30131502;BANCO UBS                                                   ;U;4010;0081200001;(-) DESP DE OBRIGACOES POR EMPRESTIMOS E REPASSES ;-0000000000837489,30
200505;30131502;BANCO UBS                                                   ;U;4010;0081400007;(-) DESPESAS DE CAMBIO                            ;-0000000171018711,74
200505;30131502;BANCO UBS                                                   ;U;4010;0081500000;(-) DESP. COM TIT. E VAL. MOB. E INST. FIN. DERIV.;-0000000008410826,28
200505;30131502;BANCO UBS                                                   ;U;4010;0081700006;(-) DESPESAS ADMINISTRATIVAS                      ;-0000000019175450,88
200505;30131502;BANCO UBS                                                   ;U;4010;0081800009;(-) APROVISIONAMENTOS E AJUSTES PATRIMONIAIS      ;-0000000000772686,96
200505;30131502;BANCO UBS                                                   ;U;4010;0081900002;(-) OUTRAS DESPESAS OPERACIONAIS                  ;-0000000001387080,64
200505;30131502;BANCO UBS                                                   ;U;4010;0089000007;(-) APURACAO DE RESULTADO                         ;-0000000002724083,13
200505;30131502;BANCO UBS                                                   ;U;4010;0089400009;(-) IMPOSTO DE RENDA                              ;-0000000002724083,13
200505;30131502;BANCO UBS                                                   ;U;4010;0090000003;COMPENSACAO                                       ; 0000004196480787,35
200505;30131502;BANCO UBS                                                   ;U;4010;0090300002;TITULOS E VALORES MOBILIARIOS                     ; 0000000088698664,15
200505;30131502;BANCO UBS                                                   ;U;4010;0090400005;CUSTODIA DE VALORES                               ; 0000000291467701,66
200505;30131502;BANCO UBS                                                   ;U;4010;0090600001;NEGOCIACAO E INTERMEDIACAO DE VALORES             ; 0000000018317332,50
200505;30131502;BANCO UBS                                                   ;U;4010;0090800007;CONTRATOS                                         ; 0000000589139156,42
200505;30131502;BANCO UBS                                                   ;U;4010;0090900000;CONTROLE                                          ; 0000003208857932,62
200505;30131502;BANCO UBS                                                   ;U;4010;0099999995;TOTAL GERAL DO PASSIVO                            ; 0000004417542269,39
200505;30306294;BANCO UBS PACTUAL                                           ;U;4010;0010000007;CIRCULANTE E REALIZAVEL A LONGO PRAZO             ; 0000010924273828,43
200505;30306294;BANCO UBS PACTUAL                                           ;U;4010;0011000006;DISPONIBILIDADES                                  ; 0000000013947779,50
200505;30306294;BANCO UBS PACTUAL                                           ;U;4010;0011100009;CAIXA                                             ; 0000000000288848,60
200505;30306294;BANCO UBS PACTUAL                                           ;U;4010;0011300005;RESERVAS LIVRES                                   ; 0000000000051280,44
200505;30306294;BANCO UBS PACTUAL                                           ;U;4010;0011500001;DISPONIBILIDADES EM MOEDAS ESTRANGEIRAS           ; 0000000013607650,46
200505;30306294;BANCO UBS PACTUAL                                           ;U;4010;0012000005;APLICACOES INTERFINANCEIRAS DE LIQUIDEZ           ; 0000000088298569,75
200505;30306294;BANCO UBS PACTUAL                                           ;U;4010;0012100008;APLICACOES EM OPERACOES COMPROMISSADAS            ; 0000000041937246,90
200505;30306294;BANCO UBS PACTUAL                                           ;U;4010;0012200001;APLICACOES EM DEPOSITOS INTERFINANCEIROS          ; 0000000046361322,85
200505;30306294;BANCO UBS PACTUAL                                           ;U;4010;0013000004;TITULOS E VAL. MOB. E INST. FINANC. DERIVATIVOS   ; 0000009530718824,37
200505;30306294;BANCO UBS PACTUAL                                           ;U;4010;0013100007;LIVRES                                            ; 0000000367103066,17
200505;30306294;BANCO UBS PACTUAL                                           ;U;4010;0013200000;VINCULADOS A OPERACOES COMPROMISSADAS             ; 0000007909078407,84
200505;30306294;BANCO UBS PACTUAL                                           ;U;4010;0013300003;INSTRUMENTOS FINANCEIROS DERIVATIVOS              ; 0000000751146173,00
200505;30306294;BANCO UBS PACTUAL                                           ;U;4010;0013600002;VINCULADOS A PRESTACAO DE GARANTIAS               ; 0000000503391177,36
200505;30306294;BANCO UBS PACTUAL                                           ;U;4010;0014000003;RELACOES INTERFINANCEIRAS                         ; 0000000005023143,94
200505;30306294;BANCO UBS PACTUAL                                           ;U;4010;0014100006;DIREITOS JUNTO A PARTIC. DE SISTEMAS DE LIQUIDAÇÃO; 0000000000158920,86
200505;30306294;BANCO UBS PACTUAL                                           ;U;4010;0014200009;CREDITOS VINCULADOS                               ; 0000000001200377,81
200505;30306294;BANCO UBS PACTUAL                                           ;U;4010;0014400005;RELACOES COM CORRESPONDENTES                      ; 0000000003663845,27
200505;30306294;BANCO UBS PACTUAL                                           ;U;4010;0016000001;OPERACOES DE CREDITO                              ; 0000000188232554,96
200505;30306294;BANCO UBS PACTUAL                                           ;U;4010;0016100004;EMPRESTIMOS E TITULOS DESCONTADOS                 ; 0000000186984329,29
200505;30306294;BANCO UBS PACTUAL                                           ;U;4010;0016200007;FINANCIAMENTOS                                    ; 0000000002247487,24
200505;30306294;BANCO UBS PACTUAL                                           ;U;4010;0016900008;(-) PROVISOES PARA OPERACOES DE CREDITO           ;-0000000000999261,57
200505;30306294;BANCO UBS PACTUAL                                           ;U;4010;0018000009;OUTROS CREDITOS                                   ; 0000001097723787,28
200505;30306294;BANCO UBS PACTUAL                                           ;U;4010;0018200005;CARTEIRA DE CAMBIO                                ; 0000000842636154,65
200505;30306294;BANCO UBS PACTUAL                                           ;U;4010;0018300008;RENDAS A RECEBER                                  ; 0000000000590391,40
200505;30306294;BANCO UBS PACTUAL                                           ;U;4010;0018400001;NEGOCIACAO E INTERMEDIACAO DE VALORES             ; 0000000147530995,12
200505;30306294;BANCO UBS PACTUAL                                           ;U;4010;0018800003;DIVERSOS                                          ; 0000000107236528,27
200505;30306294;BANCO UBS PACTUAL                                           ;U;4010;0018900006;(-) PROVISOES PARA OUTROS CREDITOS                ;-0000000000270282,16
200505;30306294;BANCO UBS PACTUAL                                           ;U;4010;0019000008;OUTROS VALORES E BENS                             ; 0000000000329168,63
200505;30306294;BANCO UBS PACTUAL                                           ;U;4010;0019800002;OUTROS VALORES E BENS                             ; 0000000000115788,67
200505;30306294;BANCO UBS PACTUAL                                           ;U;4010;0019900005;DESPESAS ANTECIPADAS                              ; 0000000000213379,96
200505;30306294;BANCO UBS PACTUAL                                           ;U;4010;0020000004;PERMANENTE                                        ; 0000000363358129,21
200505;30306294;BANCO UBS PACTUAL                                           ;U;4010;0021000003;INVESTIMENTOS                                     ; 0000000343693965,80
200505;30306294;BANCO UBS PACTUAL                                           ;U;4010;0021100006;INVESTIMENTOS NO EXTERIOR                         ; 0000000247122956,86
200505;30306294;BANCO UBS PACTUAL                                           ;U;4010;0021200009;PARTICIPACOES EM COLIGADAS E CONTROLADAS NO PAIS  ; 0000000088864969,80
200505;30306294;BANCO UBS PACTUAL                                           ;U;4010;0021300002;INVESTIMENTOS POR INCENTIVOS FISCAIS              ; 0000000001207309,20
200505;30306294;BANCO UBS PACTUAL                                           ;U;4010;0021400005;TITULOS PATRIMONIAIS                              ; 0000000003519389,67
200505;30306294;BANCO UBS PACTUAL                                           ;U;4010;0021500008;ACOES E COTAS                                     ; 0000000002940054,11
200505;30306294;BANCO UBS PACTUAL                                           ;U;4010;0021900000;OUTROS INVESTIMENTOS                              ; 0000000000039286,16
200505;30306294;BANCO UBS PACTUAL                                           ;U;4010;0022000002;IMOBILIZADO DE USO                                ; 0000000014397841,03
200505;30306294;BANCO UBS PACTUAL                                           ;U;4010;0022300001;IMOVEIS DE USO                                    ; 0000000004825535,85
200505;30306294;BANCO UBS PACTUAL                                           ;U;4010;0022400004;INSTALACOES, MOVEIS E EQUIPAMENTOS DE USO         ; 0000000004160580,18
200505;30306294;BANCO UBS PACTUAL                                           ;U;4010;0022900009;OUTROS                                            ; 0000000005411725,00
200505;30306294;BANCO UBS PACTUAL                                           ;U;4010;0024000000;DIFERIDO                                          ; 0000000005266322,38
200505;30306294;BANCO UBS PACTUAL                                           ;U;4010;0024100003;GASTOS DE ORGANIZACAO E EXPANSAO                  ; 0000000005266322,38
200505;30306294;BANCO UBS PACTUAL                                           ;U;4010;0030000001;COMPENSACAO                                       ; 0000409611842566,63
200505;30306294;BANCO UBS PACTUAL                                           ;U;4010;0030100004;COOBRIGACOES E RISCOS EM GARANTIAS PRESTADAS      ; 0000000044368045,62
200505;30306294;BANCO UBS PACTUAL                                           ;U;4010;0030300000;TITULOS E VALORES MOBILIARIOS                     ; 0000017574877021,56
200505;30306294;BANCO UBS PACTUAL                                           ;U;4010;0030400003;CUSTODIA DE VALORES                               ; 0000049298001364,68
200505;30306294;BANCO UBS PACTUAL                                           ;U;4010;0030600009;NEGOCIACAO E INTERMEDIACAO DE VALORES             ; 0000054067059933,35
200505;30306294;BANCO UBS PACTUAL                                           ;U;4010;0030800005;CONTRATOS                                         ; 0000001567179784,38
200505;30306294;BANCO UBS PACTUAL                                           ;U;4010;0030900008;CONTROLE                                          ; 0000286803700613,68
200505;30306294;BANCO UBS PACTUAL                                           ;U;4010;0031000000;CLASSIFICACAO DA CARTEIRA DE CREDITOS             ; 0000000256655803,36
200505;30306294;BANCO UBS PACTUAL                                           ;U;4010;0031100003;OPERACOES DE RISCO NIVEL AA                       ; 0000000041758243,82
200505;30306294;BANCO UBS PACTUAL                                           ;U;4010;0031200006;OPERACOES DE RISCO NIVEL A                        ; 0000000189625219,05
200505;30306294;BANCO UBS PACTUAL                                           ;U;4010;0031300009;OPERACOES DE RISCO NIVELB                         ; 0000000021837619,58
200505;30306294;BANCO UBS PACTUAL                                           ;U;4010;0031400002;OPERACOES DE RISCO NIVELC                         ; 0000000003434720,91
200505;30306294;BANCO UBS PACTUAL                                           ;U;4010;0039999993;TOTAL GERAL DO ATIVO                              ; 0000420899474524,27
200505;30306294;BANCO UBS PACTUAL                                           ;U;4010;0040000008;CIRCULANTE EXIGIVEL A LONGO PRAZO                 ; 0000010665403356,39
200505;30306294;BANCO UBS PACTUAL                                           ;U;4010;0041000007;DEPOSITOS                                         ; 0000000970222176,22
200505;30306294;BANCO UBS PACTUAL                                           ;U;4010;0041100000;DEPOSITOS A VISTA                                 ; 0000000010334295,40
200505;30306294;BANCO UBS PACTUAL                                           ;U;4010;0041300006;DEPOSITOS INTERFINANCEIROS                        ; 0000000052710000,00
200505;30306294;BANCO UBS PACTUAL                                           ;U;4010;0041500002;DEPOSITOS A PRAZO                                 ; 0000000904207593,20
200505;30306294;BANCO UBS PACTUAL                                           ;U;4010;0041900004;OUTROS DEPOSITOS                                  ; 0000000002970287,62
200505;30306294;BANCO UBS PACTUAL                                           ;U;4010;0042000006;OBRIGACOES POR OPERACOES COMPROMISSADAS           ; 0000007944609850,74
200505;30306294;BANCO UBS PACTUAL                                           ;U;4010;0042100009;CARTEIRA PROPRIA                                  ; 0000007902676110,09
200505;30306294;BANCO UBS PACTUAL                                           ;U;4010;0042200002;CARTEIRA DE TERCEIROS                             ; 0000000041933740,65
200505;30306294;BANCO UBS PACTUAL                                           ;U;4010;0044000004;RELACOES INTERFINANCEIRAS                         ; 0000000000824339,24
200505;30306294;BANCO UBS PACTUAL                                           ;U;4010;0044100007;OBRIGAÇÕES JUNTO A PARTIC. DE SIST. DE LIQUIDACÃO ; 0000000000824339,24
200505;30306294;BANCO UBS PACTUAL                                           ;U;4010;0046000002;OBRIGACOES POR EMPRESTIMOS E REPASSES             ; 0000000128568003,95
200505;30306294;BANCO UBS PACTUAL                                           ;U;4010;0046300001;EMPRESTIMOS NO EXTERIOR                           ; 0000000126362900,15
200505;30306294;BANCO UBS PACTUAL                                           ;U;4010;0046400004;REPASSES DO PAIS - INSTITUICOES OFICIAIS          ; 0000000002205103,80
200505;30306294;BANCO UBS PACTUAL                                           ;U;4010;0047000001;INSTRUMENTOS FINANCEIROS DERIVATIVOS              ; 0000000521801116,78
200505;30306294;BANCO UBS PACTUAL                                           ;U;4010;0047100004;INSTRUMENTOS FINANCEIROS DERIVATIVOS              ; 0000000521801116,78
200505;30306294;BANCO UBS PACTUAL                                           ;U;4010;0049000009;OUTRAS OBRIGACOES                                 ; 0000001099377869,46
200505;30306294;BANCO UBS PACTUAL                                           ;U;4010;0049100002;COBRANCA E ARRECADACAO DE TRIBUTOS E ASSEMELHADOS ; 0000000000170793,17
200505;30306294;BANCO UBS PACTUAL                                           ;U;4010;0049200005;CARTEIRA DE CAMBIO                                ; 0000000850623290,78
200505;30306294;BANCO UBS PACTUAL                                           ;U;4010;0049300008;SOCIAIS E ESTATUTARIAS                            ; 0000000005363853,95
200505;30306294;BANCO UBS PACTUAL                                           ;U;4010;0049400001;FISCAIS E PREVIDENCIARIAS                         ; 0000000062702798,30
200505;30306294;BANCO UBS PACTUAL                                           ;U;4010;0049500004;NEGOCIACAO E INTERMEDIACAO DE VALORES             ; 0000000173099147,39
200505;30306294;BANCO UBS PACTUAL                                           ;U;4010;0049900006;DIVERSAS                                          ; 0000000007417985,87
200505;30306294;BANCO UBS PACTUAL                                           ;U;4010;0050000005;RESULTADOS DE EXERCICIOS FUTUROS                  ; 0000000000340833,54
200505;30306294;BANCO UBS PACTUAL                                           ;U;4010;0051000004;RECEITAS DE EXERCICIOS FUTUROS                    ; 0000000000340833,54
200505;30306294;BANCO UBS PACTUAL                                           ;U;4010;0051100007;RECEITAS DE EXERCICIOS FUTUROS                    ; 0000000000340833,54
200505;30306294;BANCO UBS PACTUAL                                           ;U;4010;0060000002;PATRIMONIO LIQUIDO                                ; 0000000573480712,04
200505;30306294;BANCO UBS PACTUAL                                           ;U;4010;0061000001;PATRIMONIO LIQUIDO                                ; 0000000573480712,04
200505;30306294;BANCO UBS PACTUAL                                           ;U;4010;0061100004;CAPITAL SOCIAL                                    ; 0000000208692740,10
200505;30306294;BANCO UBS PACTUAL                                           ;U;4010;0061300000;RESERVAS DE CAPITAL                               ; 0000000001657601,67
200505;30306294;BANCO UBS PACTUAL                                           ;U;4010;0061500006;RESERVAS DE LUCROS                                ; 0000000403101923,32
200505;30306294;BANCO UBS PACTUAL                                           ;U;4010;0061900008;(-) ACOES EM TESOURARIA                           ;-0000000039971553,05
200505;30306294;BANCO UBS PACTUAL                                           ;U;4010;0070000009;CONTAS DE RESULTADO CREDORAS                      ; 0000002491251490,00
200505;30306294;BANCO UBS PACTUAL                                           ;U;4010;0071000008;RECEITAS OPERACIONAIS                             ; 0000002491251490,00
200505;30306294;BANCO UBS PACTUAL                                           ;U;4010;0071100001;RENDAS DE OPERACOES DE CREDITO                    ; 0000000017324263,02
200505;30306294;BANCO UBS PACTUAL                                           ;U;4010;0071300007;RENDAS DE CAMBIO                                  ; 0000000117873416,39
200505;30306294;BANCO UBS PACTUAL                                           ;U;4010;0071400000;RENDAS DE APLICACOES INTERFINANCEIRAS DE LIQUIDEZ ; 0000000048254229,03
200505;30306294;BANCO UBS PACTUAL                                           ;U;4010;0071500003;RENDAS COM TIT. E VAL. MOB. E INST. FINANC. DERIV.; 0000002187972763,66
200505;30306294;BANCO UBS PACTUAL                                           ;U;4010;0071700009;RENDAS DE PRESTACAO DE SERVICOS                   ; 0000000037542667,36
200505;30306294;BANCO UBS PACTUAL                                           ;U;4010;0071800002;RENDAS DE PARTICIPACOES                           ; 0000000067601474,86
200505;30306294;BANCO UBS PACTUAL                                           ;U;4010;0071900005;OUTRAS RECEITAS OPERACIONAIS                      ; 0000000014682675,68
200505;30306294;BANCO UBS PACTUAL                                           ;U;4010;0080000006;(-) CONTAS DE RESULTADO DEVEDORAS                 ;-0000002442844434,33
200505;30306294;BANCO UBS PACTUAL                                           ;U;4010;0081000005;(-) DESPESAS OPERACIONAIS                         ;-0000002436728749,54
200505;30306294;BANCO UBS PACTUAL                                           ;U;4010;0081100008;(-) DESPESAS DE CAPTACAO                          ;-0000000565378320,55
200505;30306294;BANCO UBS PACTUAL                                           ;U;4010;0081200001;(-) DESP DE OBRIGACOES POR EMPRESTIMOS E REPASSES ;-0000000004789085,18
200505;30306294;BANCO UBS PACTUAL                                           ;U;4010;0081400007;(-) DESPESAS DE CAMBIO                            ;-0000000116729028,67
200505;30306294;BANCO UBS PACTUAL                                           ;U;4010;0081500000;(-) DESP. COM TIT. E VAL. MOB. E INST. FIN. DERIV.;-0000001670926732,02
200505;30306294;BANCO UBS PACTUAL                                           ;U;4010;0081600003;(-) DESPESAS DE PARTICIPACOES                     ;-0000000033309027,09
200505;30306294;BANCO UBS PACTUAL                                           ;U;4010;0081700006;(-) DESPESAS ADMINISTRATIVAS                      ;-0000000034003823,36
200505;30306294;BANCO UBS PACTUAL                                           ;U;4010;0081800009;(-) APROVISIONAMENTOS E AJUSTES PATRIMONIAIS      ;-0000000001638453,95
200505;30306294;BANCO UBS PACTUAL                                           ;U;4010;0081900002;(-) OUTRAS DESPESAS OPERACIONAIS                  ;-0000000009954278,72
200505;30306294;BANCO UBS PACTUAL                                           ;U;4010;0083000003;(-) DESPESAS NAO OPERACIONAIS                     ;-0000000000010700,00
200505;30306294;BANCO UBS PACTUAL                                           ;U;4010;0083900000;(-) OUTRAS DESPESAS NAO OPERACIONAIS              ;-0000000000010700,00
200505;30306294;BANCO UBS PACTUAL                                           ;U;4010;0089000007;(-) APURACAO DE RESULTADO                         ;-0000000006104984,79
200505;30306294;BANCO UBS PACTUAL                                           ;U;4010;0089400009;(-) IMPOSTO DE RENDA                              ;-0000000006088472,79
200505;30306294;BANCO UBS PACTUAL                                           ;U;4010;0089700008;(-) PARTICIPACOES NO LUCRO                        ;-0000000000016512,00
200505;30306294;BANCO UBS PACTUAL                                           ;U;4010;0090000003;COMPENSACAO                                       ; 0000409611842566,63
200505;30306294;BANCO UBS PACTUAL                                           ;U;4010;0090100006;COOBRIGACOES E RISCOS EM GARANTIAS PRESTADAS      ; 0000000044368045,62
200505;30306294;BANCO UBS PACTUAL                                           ;U;4010;0090300002;TITULOS E VALORES MOBILIARIOS                     ; 0000017574877021,56
200505;30306294;BANCO UBS PACTUAL                                           ;U;4010;0090400005;CUSTODIA DE VALORES                               ; 0000049298001364,68
200505;30306294;BANCO UBS PACTUAL                                           ;U;4010;0090600001;NEGOCIACAO E INTERMEDIACAO DE VALORES             ; 0000054067059933,35
200505;30306294;BANCO UBS PACTUAL                                           ;U;4010;0090800007;CONTRATOS                                         ; 0000001567179784,38
200505;30306294;BANCO UBS PACTUAL                                           ;U;4010;0090900000;CONTROLE                                          ; 0000286803700613,68
200505;30306294;BANCO UBS PACTUAL                                           ;U;4010;0091000002;CLASSIFICACAO DA CARTEIRA DE CREDITOS             ; 0000000256655803,36
200505;30306294;BANCO UBS PACTUAL                                           ;U;4010;0091100005;OPERACOES DE CREDITOS E ARRENDAMENTO MERCANTIL    ; 0000000256655803,36
200505;30306294;BANCO UBS PACTUAL                                           ;U;4010;0099999995;TOTAL GERAL DO PASSIVO                            ; 0000420899474524,27
200505;30723886;BCO MODAL S.A.                                              ;U;4010;0010000007;CIRCULANTE E REALIZAVEL A LONGO PRAZO             ; 0000000325436878,90
200505;30723886;BCO MODAL S.A.                                              ;U;4010;0011000006;DISPONIBILIDADES                                  ; 0000000000427187,78
200505;30723886;BCO MODAL S.A.                                              ;U;4010;0011100009;CAIXA                                             ; 0000000000044506,48
200505;30723886;BCO MODAL S.A.                                              ;U;4010;0011300005;RESERVAS LIVRES                                   ; 0000000000382681,30
200505;30723886;BCO MODAL S.A.                                              ;U;4010;0013000004;TITULOS E VAL. MOB. E INST. FINANC. DERIVATIVOS   ; 0000000139397963,59
200505;30723886;BCO MODAL S.A.                                              ;U;4010;0013100007;LIVRES                                            ; 0000000043637002,04
200505;30723886;BCO MODAL S.A.                                              ;U;4010;0013200000;VINCULADOS A OPERACOES COMPROMISSADAS             ; 0000000050895036,71
200505;30723886;BCO MODAL S.A.                                              ;U;4010;0013300003;INSTRUMENTOS FINANCEIROS DERIVATIVOS              ; 0000000018218326,25
200505;30723886;BCO MODAL S.A.                                              ;U;4010;0013600002;VINCULADOS A PRESTACAO DE GARANTIAS               ; 0000000026647598,59
200505;30723886;BCO MODAL S.A.                                              ;U;4010;0014000003;RELACOES INTERFINANCEIRAS                         ; 0000000000205312,38
200505;30723886;BCO MODAL S.A.                                              ;U;4010;0014100006;DIREITOS JUNTO A PARTIC. DE SISTEMAS DE LIQUIDAÇÃO; 0000000000046247,75
200505;30723886;BCO MODAL S.A.                                              ;U;4010;0014200009;CREDITOS VINCULADOS                               ; 0000000000132785,67
200505;30723886;BCO MODAL S.A.                                              ;U;4010;0014400005;RELACOES COM CORRESPONDENTES                      ; 0000000000026278,96
200505;30723886;BCO MODAL S.A.                                              ;U;4010;0015000002;RELACOES INTERDEPENDENCIAS                        ; 0000000010559095,02
200505;30723886;BCO MODAL S.A.                                              ;U;4010;0015200008;TRANSFERENCIAS INTERNAS DE RECURSOS               ; 0000000010559095,02
200505;30723886;BCO MODAL S.A.                                              ;U;4010;0016000001;OPERACOES DE CREDITO                              ; 0000000167203509,95
200505;30723886;BCO MODAL S.A.                                              ;U;4010;0016100004;EMPRESTIMOS E TITULOS DESCONTADOS                 ; 0000000112510152,07
200505;30723886;BCO MODAL S.A.                                              ;U;4010;0016200007;FINANCIAMENTOS                                    ; 0000000058226485,90
200505;30723886;BCO MODAL S.A.                                              ;U;4010;0016900008;(-) PROVISOES PARA OPERACOES DE CREDITO           ;-0000000003533128,02
200505;30723886;BCO MODAL S.A.                                              ;U;4010;0018000009;OUTROS CREDITOS                                   ; 0000000007597964,25
200505;30723886;BCO MODAL S.A.                                              ;U;4010;0018300008;RENDAS A RECEBER                                  ; 0000000000044692,92
200505;30723886;BCO MODAL S.A.                                              ;U;4010;0018400001;NEGOCIACAO E INTERMEDIACAO DE VALORES             ; 0000000001514210,65
200505;30723886;BCO MODAL S.A.                                              ;U;4010;0018800003;DIVERSOS                                          ; 0000000006039060,68
200505;30723886;BCO MODAL S.A.                                              ;U;4010;0019000008;OUTROS VALORES E BENS                             ; 0000000000045845,93
200505;30723886;BCO MODAL S.A.                                              ;U;4010;0019900005;DESPESAS ANTECIPADAS                              ; 0000000000045845,93
200505;30723886;BCO MODAL S.A.                                              ;U;4010;0020000004;PERMANENTE                                        ; 0000000007432683,25
200505;30723886;BCO MODAL S.A.                                              ;U;4010;0021000003;INVESTIMENTOS                                     ; 0000000002650422,10
200505;30723886;BCO MODAL S.A.                                              ;U;4010;0021200009;PARTICIPACOES EM COLIGADAS E CONTROLADAS NO PAIS  ; 0000000002059032,02
200505;30723886;BCO MODAL S.A.                                              ;U;4010;0021400005;TITULOS PATRIMONIAIS                              ; 0000000000213000,55
200505;30723886;BCO MODAL S.A.                                              ;U;4010;0021900000;OUTROS INVESTIMENTOS                              ; 0000000000378389,53
200505;30723886;BCO MODAL S.A.                                              ;U;4010;0022000002;IMOBILIZADO DE USO                                ; 0000000002757166,54
200505;30723886;BCO MODAL S.A.                                              ;U;4010;0022400004;INSTALACOES, MOVEIS E EQUIPAMENTOS DE USO         ; 0000000001294341,19
200505;30723886;BCO MODAL S.A.                                              ;U;4010;0022900009;OUTROS                                            ; 0000000001462825,35
200505;30723886;BCO MODAL S.A.                                              ;U;4010;0024000000;DIFERIDO                                          ; 0000000002025094,61
200505;30723886;BCO MODAL S.A.                                              ;U;4010;0024100003;GASTOS DE ORGANIZACAO E EXPANSAO                  ; 0000000002025094,61
200505;30723886;BCO MODAL S.A.                                              ;U;4010;0030000001;COMPENSACAO                                       ; 0000002414584777,77
200505;30723886;BCO MODAL S.A.                                              ;U;4010;0030100004;COOBRIGACOES E RISCOS EM GARANTIAS PRESTADAS      ; 0000000033240469,82
200505;30723886;BCO MODAL S.A.                                              ;U;4010;0030300000;TITULOS E VALORES MOBILIARIOS                     ; 0000000242359274,68
200505;30723886;BCO MODAL S.A.                                              ;U;4010;0030400003;CUSTODIA DE VALORES                               ; 0000000181343004,06
200505;30723886;BCO MODAL S.A.                                              ;U;4010;0030600009;NEGOCIACAO E INTERMEDIACAO DE VALORES             ; 0000001567548284,10
200505;30723886;BCO MODAL S.A.                                              ;U;4010;0030800005;CONTRATOS                                         ; 0000000029220553,15
200505;30723886;BCO MODAL S.A.                                              ;U;4010;0030900008;CONTROLE                                          ; 0000000190136553,99
200505;30723886;BCO MODAL S.A.                                              ;U;4010;0031000000;CLASSIFICACAO DA CARTEIRA DE CREDITOS             ; 0000000170736637,97
200505;30723886;BCO MODAL S.A.                                              ;U;4010;0031100003;OPERACOES DE RISCO NIVEL AA                       ; 0000000071336255,20
200505;30723886;BCO MODAL S.A.                                              ;U;4010;0031200006;OPERACOES DE RISCO NIVEL A                        ; 0000000041489593,39
200505;30723886;BCO MODAL S.A.                                              ;U;4010;0031300009;OPERACOES DE RISCO NIVELB                         ; 0000000034851569,86
200505;30723886;BCO MODAL S.A.                                              ;U;4010;0031400002;OPERACOES DE RISCO NIVELC                         ; 0000000016966778,11
200505;30723886;BCO MODAL S.A.                                              ;U;4010;0031500005;OPERACOES DE RISCO NIVEL D                        ; 0000000002129228,76
200505;30723886;BCO MODAL S.A.                                              ;U;4010;0031600008;OPERACOES DE RISCO NIVEL E                        ; 0000000001132912,73
200505;30723886;BCO MODAL S.A.                                              ;U;4010;0031700001;OPERACOES DE RISCO NIVEL F                        ; 0000000001361391,13
200505;30723886;BCO MODAL S.A.                                              ;U;4010;0031800004;OPERACOES DE RISCO NIVEL G                        ; 0000000000780800,14
200505;30723886;BCO MODAL S.A.                                              ;U;4010;0031900007;OPERACOES DE RISCO NIVEL H                        ; 0000000000688108,65
200505;30723886;BCO MODAL S.A.                                              ;U;4010;0039999993;TOTAL GERAL DO ATIVO                              ; 0000002747454339,92
200505;30723886;BCO MODAL S.A.                                              ;U;4010;0040000008;CIRCULANTE EXIGIVEL A LONGO PRAZO                 ; 0000000249440890,34
200505;30723886;BCO MODAL S.A.                                              ;U;4010;0041000007;DEPOSITOS                                         ; 0000000045165270,11
200505;30723886;BCO MODAL S.A.                                              ;U;4010;0041100000;DEPOSITOS A VISTA                                 ; 0000000000280472,33
200505;30723886;BCO MODAL S.A.                                              ;U;4010;0041300006;DEPOSITOS INTERFINANCEIROS                        ; 0000000006271857,07
200505;30723886;BCO MODAL S.A.                                              ;U;4010;0041500002;DEPOSITOS A PRAZO                                 ; 0000000038612940,71
200505;30723886;BCO MODAL S.A.                                              ;U;4010;0042000006;OBRIGACOES POR OPERACOES COMPROMISSADAS           ; 0000000052265797,42
200505;30723886;BCO MODAL S.A.                                              ;U;4010;0042100009;CARTEIRA PROPRIA                                  ; 0000000052265797,42
200505;30723886;BCO MODAL S.A.                                              ;U;4010;0043000005;RECURSOS ACEITES CAMB,LI E HIP.,DEBENT.E SIMILARES; 0000000065746333,80
200505;30723886;BCO MODAL S.A.                                              ;U;4010;0043500000;OBRIGACOES P/TITULOS E VALS.MOBILIARIOS EXTERIOR  ; 0000000065746333,80
200505;30723886;BCO MODAL S.A.                                              ;U;4010;0044000004;RELACOES INTERFINANCEIRAS                         ; 0000000000083587,60
200505;30723886;BCO MODAL S.A.                                              ;U;4010;0044100007;OBRIGAÇÕES JUNTO A PARTIC. DE SIST. DE LIQUIDACÃO ; 0000000000083587,60
200505;30723886;BCO MODAL S.A.                                              ;U;4010;0045000003;RELACOES INTERDEPENDENCIAS                        ; 0000000010559095,02
200505;30723886;BCO MODAL S.A.                                              ;U;4010;0045200009;TRANSFERENCIAS INTERNAS DE RECURSOS               ; 0000000010559095,02
200505;30723886;BCO MODAL S.A.                                              ;U;4010;0046000002;OBRIGACOES POR EMPRESTIMOS E REPASSES             ; 0000000058121891,44
200505;30723886;BCO MODAL S.A.                                              ;U;4010;0046400004;REPASSES DO PAIS - INSTITUICOES OFICIAIS          ; 0000000058121891,44
200505;30723886;BCO MODAL S.A.                                              ;U;4010;0047000001;INSTRUMENTOS FINANCEIROS DERIVATIVOS              ; 0000000008291207,27
200505;30723886;BCO MODAL S.A.                                              ;U;4010;0047100004;INSTRUMENTOS FINANCEIROS DERIVATIVOS              ; 0000000008291207,27
200505;30723886;BCO MODAL S.A.                                              ;U;4010;0049000009;OUTRAS OBRIGACOES                                 ; 0000000009207707,68
200505;30723886;BCO MODAL S.A.                                              ;U;4010;0049100002;COBRANCA E ARRECADACAO DE TRIBUTOS E ASSEMELHADOS ; 0000000000030651,50
200505;30723886;BCO MODAL S.A.                                              ;U;4010;0049300008;SOCIAIS E ESTATUTARIAS                            ; 0000000000000020,00
200505;30723886;BCO MODAL S.A.                                              ;U;4010;0049400001;FISCAIS E PREVIDENCIARIAS                         ; 0000000005880091,77
200505;30723886;BCO MODAL S.A.                                              ;U;4010;0049500004;NEGOCIACAO E INTERMEDIACAO DE VALORES             ; 0000000001030024,61
200505;30723886;BCO MODAL S.A.                                              ;U;4010;0049900006;DIVERSAS                                          ; 0000000002266919,80
200505;30723886;BCO MODAL S.A.                                              ;U;4010;0060000002;PATRIMONIO LIQUIDO                                ; 0000000079931230,07
200505;30723886;BCO MODAL S.A.                                              ;U;4010;0061000001;PATRIMONIO LIQUIDO                                ; 0000000079931230,07
200505;30723886;BCO MODAL S.A.                                              ;U;4010;0061100004;CAPITAL SOCIAL                                    ; 0000000073482041,59
200505;30723886;BCO MODAL S.A.                                              ;U;4010;0061300000;RESERVAS DE CAPITAL                               ; 0000000000200677,19
200505;30723886;BCO MODAL S.A.                                              ;U;4010;0061500006;RESERVAS DE LUCROS                                ; 0000000006560262,71
200505;30723886;BCO MODAL S.A.                                              ;U;4010;0061600009;AJUSTES DE AVALIACAO PATRIMONIAL                  ;-0000000000311751,42
200505;30723886;BCO MODAL S.A.                                              ;U;4010;0070000009;CONTAS DE RESULTADO CREDORAS                      ; 0000000085457426,21
200505;30723886;BCO MODAL S.A.                                              ;U;4010;0071000008;RECEITAS OPERACIONAIS                             ; 0000000085457426,21
200505;30723886;BCO MODAL S.A.                                              ;U;4010;0071100001;RENDAS DE OPERACOES DE CREDITO                    ; 0000000025581287,45
200505;30723886;BCO MODAL S.A.                                              ;U;4010;0071400000;RENDAS DE APLICACOES INTERFINANCEIRAS DE LIQUIDEZ ; 0000000000153117,32
200505;30723886;BCO MODAL S.A.                                              ;U;4010;0071500003;RENDAS COM TIT. E VAL. MOB. E INST. FINANC. DERIV.; 0000000047615045,00
200505;30723886;BCO MODAL S.A.                                              ;U;4010;0071700009;RENDAS DE PRESTACAO DE SERVICOS                   ; 0000000001197030,64
200505;30723886;BCO MODAL S.A.                                              ;U;4010;0071800002;RENDAS DE PARTICIPACOES                           ; 0000000000094098,41
200505;30723886;BCO MODAL S.A.                                              ;U;4010;0071900005;OUTRAS RECEITAS OPERACIONAIS                      ; 0000000010816847,39
200505;30723886;BCO MODAL S.A.                                              ;U;4010;0080000006;(-) CONTAS DE RESULTADO DEVEDORAS                 ;-0000000081959984,47
200505;30723886;BCO MODAL S.A.                                              ;U;4010;0081000005;(-) DESPESAS OPERACIONAIS                         ;-0000000080671688,74
200505;30723886;BCO MODAL S.A.                                              ;U;4010;0081100008;(-) DESPESAS DE CAPTACAO                          ;-0000000020090657,23
200505;30723886;BCO MODAL S.A.                                              ;U;4010;0081200001;(-) DESP DE OBRIGACOES POR EMPRESTIMOS E REPASSES ;-0000000002678962,39
200505;30723886;BCO MODAL S.A.                                              ;U;4010;0081500000;(-) DESP. COM TIT. E VAL. MOB. E INST. FIN. DERIV.;-0000000039687504,72
200505;30723886;BCO MODAL S.A.                                              ;U;4010;0081600003;(-) DESPESAS DE PARTICIPACOES                     ;-0000000000087782,09
200505;30723886;BCO MODAL S.A.                                              ;U;4010;0081700006;(-) DESPESAS ADMINISTRATIVAS                      ;-0000000007548089,10
200505;30723886;BCO MODAL S.A.                                              ;U;4010;0081800009;(-) APROVISIONAMENTOS E AJUSTES PATRIMONIAIS      ;-0000000009636068,81
200505;30723886;BCO MODAL S.A.                                              ;U;4010;0081900002;(-) OUTRAS DESPESAS OPERACIONAIS                  ;-0000000000942624,40
200505;30723886;BCO MODAL S.A.                                              ;U;4010;0083000003;(-) DESPESAS NAO OPERACIONAIS                     ;-0000000000004756,64
200505;30723886;BCO MODAL S.A.                                              ;U;4010;0083100006;(-) PREJUIZOS EM TRANSACOES COM VALORES E BENS    ;-0000000000004756,64
200505;30723886;BCO MODAL S.A.                                              ;U;4010;0089000007;(-) APURACAO DE RESULTADO                         ;-0000000001283539,09
200505;30723886;BCO MODAL S.A.                                              ;U;4010;0089400009;(-) IMPOSTO DE RENDA                              ;-0000000001283539,09
200505;30723886;BCO MODAL S.A.                                              ;U;4010;0090000003;COMPENSACAO                                       ; 0000002414584777,77
200505;30723886;BCO MODAL S.A.                                              ;U;4010;0090100006;COOBRIGACOES E RISCOS EM GARANTIAS PRESTADAS      ; 0000000033240469,82
200505;30723886;BCO MODAL S.A.                                              ;U;4010;0090300002;TITULOS E VALORES MOBILIARIOS                     ; 0000000242359274,68
200505;30723886;BCO MODAL S.A.                                              ;U;4010;0090400005;CUSTODIA DE VALORES                               ; 0000000181343004,06
200505;30723886;BCO MODAL S.A.                                              ;U;4010;0090600001;NEGOCIACAO E INTERMEDIACAO DE VALORES             ; 0000001567548284,10
200505;30723886;BCO MODAL S.A.                                              ;U;4010;0090800007;CONTRATOS                                         ; 0000000029220553,15
200505;30723886;BCO MODAL S.A.                                              ;U;4010;0090900000;CONTROLE                                          ; 0000000190136553,99
200505;30723886;BCO MODAL S.A.                                              ;U;4010;0091000002;CLASSIFICACAO DA CARTEIRA DE CREDITOS             ; 0000000170736637,97
200505;30723886;BCO MODAL S.A.                                              ;U;4010;0091100005;OPERACOES DE CREDITOS E ARRENDAMENTO MERCANTIL    ; 0000000170736637,97
200505;30723886;BCO MODAL S.A.                                              ;U;4010;0099999995;TOTAL GERAL DO PASSIVO                            ; 0000002747454339,92
200505;31597552;BCO CLASSICO S.A.                                           ;U;4010;0010000007;CIRCULANTE E REALIZAVEL A LONGO PRAZO             ; 0000001685490204,45
200505;31597552;BCO CLASSICO S.A.                                           ;U;4010;0011000006;DISPONIBILIDADES                                  ; 0000000000326778,99
200505;31597552;BCO CLASSICO S.A.                                           ;U;4010;0011100009;CAIXA                                             ; 0000000000015109,95
200505;31597552;BCO CLASSICO S.A.                                           ;U;4010;0011300005;RESERVAS LIVRES                                   ; 0000000000311669,04
200505;31597552;BCO CLASSICO S.A.                                           ;U;4010;0012000005;APLICACOES INTERFINANCEIRAS DE LIQUIDEZ           ; 0000000199448568,83
200505;31597552;BCO CLASSICO S.A.                                           ;U;4010;0012100008;APLICACOES EM OPERACOES COMPROMISSADAS            ; 0000000199448568,83
200505;31597552;BCO CLASSICO S.A.                                           ;U;4010;0013000004;TITULOS E VAL. MOB. E INST. FINANC. DERIVATIVOS   ; 0000001355716937,35
200505;31597552;BCO CLASSICO S.A.                                           ;U;4010;0013100007;LIVRES                                            ; 0000001355716937,35
200505;31597552;BCO CLASSICO S.A.                                           ;U;4010;0014000003;RELACOES INTERFINANCEIRAS                         ; 0000000000319129,24
200505;31597552;BCO CLASSICO S.A.                                           ;U;4010;0014200009;CREDITOS VINCULADOS                               ; 0000000000319129,24
200505;31597552;BCO CLASSICO S.A.                                           ;U;4010;0018000009;OUTROS CREDITOS                                   ; 0000000129678790,04
200505;31597552;BCO CLASSICO S.A.                                           ;U;4010;0018300008;RENDAS A RECEBER                                  ; 0000000054807513,09
200505;31597552;BCO CLASSICO S.A.                                           ;U;4010;0018800003;DIVERSOS                                          ; 0000000074871276,95
200505;31597552;BCO CLASSICO S.A.                                           ;U;4010;0020000004;PERMANENTE                                        ; 0000000000312349,08
200505;31597552;BCO CLASSICO S.A.                                           ;U;4010;0021000003;INVESTIMENTOS                                     ; 0000000000201035,55
200505;31597552;BCO CLASSICO S.A.                                           ;U;4010;0021400005;TITULOS PATRIMONIAIS                              ; 0000000000201035,55
200505;31597552;BCO CLASSICO S.A.                                           ;U;4010;0022000002;IMOBILIZADO DE USO                                ; 0000000000111313,53
200505;31597552;BCO CLASSICO S.A.                                           ;U;4010;0022300001;IMOVEIS DE USO                                    ; 0000000000106960,10
200505;31597552;BCO CLASSICO S.A.                                           ;U;4010;0022400004;INSTALACOES, MOVEIS E EQUIPAMENTOS DE USO         ; 0000000000000456,70
200505;31597552;BCO CLASSICO S.A.                                           ;U;4010;0022900009;OUTROS                                            ; 0000000000003896,73
200505;31597552;BCO CLASSICO S.A.                                           ;U;4010;0030000001;COMPENSACAO                                       ; 0000069288915710,89
200505;31597552;BCO CLASSICO S.A.                                           ;U;4010;0030300000;TITULOS E VALORES MOBILIARIOS                     ; 0000001775557774,29
200505;31597552;BCO CLASSICO S.A.                                           ;U;4010;0030400003;CUSTODIA DE VALORES                               ; 0000067495389639,56
200505;31597552;BCO CLASSICO S.A.                                           ;U;4010;0030900008;CONTROLE                                          ; 0000000017968297,04
200505;31597552;BCO CLASSICO S.A.                                           ;U;4010;0039999993;TOTAL GERAL DO ATIVO                              ; 0000070974718264,42
200505;31597552;BCO CLASSICO S.A.                                           ;U;4010;0040000008;CIRCULANTE EXIGIVEL A LONGO PRAZO                 ; 0000000176527249,58
200505;31597552;BCO CLASSICO S.A.                                           ;U;4010;0041000007;DEPOSITOS                                         ; 0000000004244512,30
200505;31597552;BCO CLASSICO S.A.                                           ;U;4010;0041100000;DEPOSITOS A VISTA                                 ; 0000000004244512,30
200505;31597552;BCO CLASSICO S.A.                                           ;U;4010;0049000009;OUTRAS OBRIGACOES                                 ; 0000000172282737,28
200505;31597552;BCO CLASSICO S.A.                                           ;U;4010;0049400001;FISCAIS E PREVIDENCIARIAS                         ; 0000000096900764,61
200505;31597552;BCO CLASSICO S.A.                                           ;U;4010;0049900006;DIVERSAS                                          ; 0000000075381972,67
200505;31597552;BCO CLASSICO S.A.                                           ;U;4010;0060000002;PATRIMONIO LIQUIDO                                ; 0000001461626071,28
200505;31597552;BCO CLASSICO S.A.                                           ;U;4010;0061000001;PATRIMONIO LIQUIDO                                ; 0000001461626071,28
200505;31597552;BCO CLASSICO S.A.                                           ;U;4010;0061100004;CAPITAL SOCIAL                                    ; 0000000910000000,00
200505;31597552;BCO CLASSICO S.A.                                           ;U;4010;0061300000;RESERVAS DE CAPITAL                               ; 0000000000061943,55
200505;31597552;BCO CLASSICO S.A.                                           ;U;4010;0061500006;RESERVAS DE LUCROS                                ; 0000000019617827,82
200505;31597552;BCO CLASSICO S.A.                                           ;U;4010;0061600009;AJUSTES DE AVALIACAO PATRIMONIAL                  ; 0000000531946299,91
200505;31597552;BCO CLASSICO S.A.                                           ;U;4010;0070000009;CONTAS DE RESULTADO CREDORAS                      ; 0000000133014327,66
200505;31597552;BCO CLASSICO S.A.                                           ;U;4010;0071000008;RECEITAS OPERACIONAIS                             ; 0000000133013838,49
200505;31597552;BCO CLASSICO S.A.                                           ;U;4010;0071400000;RENDAS DE APLICACOES INTERFINANCEIRAS DE LIQUIDEZ ; 0000000014967666,55
200505;31597552;BCO CLASSICO S.A.                                           ;U;4010;0071500003;RENDAS COM TIT. E VAL. MOB. E INST. FINANC. DERIV.; 0000000106115274,66
200505;31597552;BCO CLASSICO S.A.                                           ;U;4010;0071700009;RENDAS DE PRESTACAO DE SERVICOS                   ; 0000000000000087,39
200505;31597552;BCO CLASSICO S.A.                                           ;U;4010;0071900005;OUTRAS RECEITAS OPERACIONAIS                      ; 0000000011930809,89
200505;31597552;BCO CLASSICO S.A.                                           ;U;4010;0073000006;RECEITAS NAO OPERACIONAIS                         ; 0000000000000489,17
200505;31597552;BCO CLASSICO S.A.                                           ;U;4010;0073900003;OUTRAS RECEITAS NAO OPERACIONAIS                  ; 0000000000000489,17
200505;31597552;BCO CLASSICO S.A.                                           ;U;4010;0080000006;(-) CONTAS DE RESULTADO DEVEDORAS                 ;-0000000085365094,99
200505;31597552;BCO CLASSICO S.A.                                           ;U;4010;0081000005;(-) DESPESAS OPERACIONAIS                         ;-0000000080887132,22
200505;31597552;BCO CLASSICO S.A.                                           ;U;4010;0081100008;(-) DESPESAS DE CAPTACAO                          ;-0000000000008091,58
200505;31597552;BCO CLASSICO S.A.                                           ;U;4010;0081700006;(-) DESPESAS ADMINISTRATIVAS                      ;-0000000000440840,88
200505;31597552;BCO CLASSICO S.A.                                           ;U;4010;0081800009;(-) APROVISIONAMENTOS E AJUSTES PATRIMONIAIS      ;-0000000000002957,80
200505;31597552;BCO CLASSICO S.A.                                           ;U;4010;0081900002;(-) OUTRAS DESPESAS OPERACIONAIS                  ;-0000000080435241,96
200505;31597552;BCO CLASSICO S.A.                                           ;U;4010;0089000007;(-) APURACAO DE RESULTADO                         ;-0000000004477962,77
200505;31597552;BCO CLASSICO S.A.                                           ;U;4010;0089400009;(-) IMPOSTO DE RENDA                              ;-0000000004477962,77
200505;31597552;BCO CLASSICO S.A.                                           ;U;4010;0090000003;COMPENSACAO                                       ; 0000069288915710,89
200505;31597552;BCO CLASSICO S.A.                                           ;U;4010;0090300002;TITULOS E VALORES MOBILIARIOS                     ; 0000001775557774,29
200505;31597552;BCO CLASSICO S.A.                                           ;U;4010;0090400005;CUSTODIA DE VALORES                               ; 0000067495389639,56
200505;31597552;BCO CLASSICO S.A.                                           ;U;4010;0090900000;CONTROLE                                          ; 0000000017968297,04
200505;31597552;BCO CLASSICO S.A.                                           ;U;4010;0099999995;TOTAL GERAL DO PASSIVO                            ; 0000070974718264,42
200505;31880826;BCO GUANABARA S.A.                                          ;U;4010;0010000007;CIRCULANTE E REALIZAVEL A LONGO PRAZO             ; 0000000184890484,46
200505;31880826;BCO GUANABARA S.A.                                          ;U;4010;0011000006;DISPONIBILIDADES                                  ; 0000000000797500,98
200505;31880826;BCO GUANABARA S.A.                                          ;U;4010;0011100009;CAIXA                                             ; 0000000000166027,98
200505;31880826;BCO GUANABARA S.A.                                          ;U;4010;0011300005;RESERVAS LIVRES                                   ; 0000000000631473,00
200505;31880826;BCO GUANABARA S.A.                                          ;U;4010;0012000005;APLICACOES INTERFINANCEIRAS DE LIQUIDEZ           ; 0000000069800713,16
200505;31880826;BCO GUANABARA S.A.                                          ;U;4010;0012100008;APLICACOES EM OPERACOES COMPROMISSADAS            ; 0000000069800713,16
200505;31880826;BCO GUANABARA S.A.                                          ;U;4010;0013000004;TITULOS E VAL. MOB. E INST. FINANC. DERIVATIVOS   ; 0000000036765227,40
200505;31880826;BCO GUANABARA S.A.                                          ;U;4010;0013100007;LIVRES                                            ; 0000000026171473,32
200505;31880826;BCO GUANABARA S.A.                                          ;U;4010;0013300003;INSTRUMENTOS FINANCEIROS DERIVATIVOS              ; 0000000010593754,08
200505;31880826;BCO GUANABARA S.A.                                          ;U;4010;0014000003;RELACOES INTERFINANCEIRAS                         ; 0000000000521416,03
200505;31880826;BCO GUANABARA S.A.                                          ;U;4010;0014100006;DIREITOS JUNTO A PARTIC. DE SISTEMAS DE LIQUIDAÇÃO; 0000000000244510,80
200505;31880826;BCO GUANABARA S.A.                                          ;U;4010;0014200009;CREDITOS VINCULADOS                               ; 0000000000067568,13
200505;31880826;BCO GUANABARA S.A.                                          ;U;4010;0014400005;RELACOES COM CORRESPONDENTES                      ; 0000000000209337,10
200505;31880826;BCO GUANABARA S.A.                                          ;U;4010;0016000001;OPERACOES DE CREDITO                              ; 0000000076434788,86
200505;31880826;BCO GUANABARA S.A.                                          ;U;4010;0016100004;EMPRESTIMOS E TITULOS DESCONTADOS                 ; 0000000056971169,03
200505;31880826;BCO GUANABARA S.A.                                          ;U;4010;0016200007;FINANCIAMENTOS                                    ; 0000000022308763,35
200505;31880826;BCO GUANABARA S.A.                                          ;U;4010;0016900008;(-) PROVISOES PARA OPERACOES DE CREDITO           ;-0000000002845143,52
200505;31880826;BCO GUANABARA S.A.                                          ;U;4010;0017000000;OPERACOES DE ARRENDAMENTO MERCANTIL               ;-0000000000716665,80
200505;31880826;BCO GUANABARA S.A.                                          ;U;4010;0017100003;ARRENDAMENTOS FINANCEIROS A RECEBER               ; 0000000000048919,48
200505;31880826;BCO GUANABARA S.A.                                          ;U;4010;0017900007;(-) PROVISOES PARA OPER. DE ARRENDAMENTO MERCANTIL;-0000000000765585,28
200505;31880826;BCO GUANABARA S.A.                                          ;U;4010;0018000009;OUTROS CREDITOS                                   ; 0000000001279633,30
200505;31880826;BCO GUANABARA S.A.                                          ;U;4010;0018300008;RENDAS A RECEBER                                  ; 0000000000000009,03
200505;31880826;BCO GUANABARA S.A.                                          ;U;4010;0018800003;DIVERSOS                                          ; 0000000001280140,61
200505;31880826;BCO GUANABARA S.A.                                          ;U;4010;0018900006;(-) PROVISOES PARA OUTROS CREDITOS                ;-0000000000000516,34
200505;31880826;BCO GUANABARA S.A.                                          ;U;4010;0019000008;OUTROS VALORES E BENS                             ; 0000000000007870,53
200505;31880826;BCO GUANABARA S.A.                                          ;U;4010;0019900005;DESPESAS ANTECIPADAS                              ; 0000000000007870,53
200505;31880826;BCO GUANABARA S.A.                                          ;U;4010;0020000004;PERMANENTE                                        ; 0000000028678662,69
200505;31880826;BCO GUANABARA S.A.                                          ;U;4010;0021000003;INVESTIMENTOS                                     ; 0000000001624637,18
200505;31880826;BCO GUANABARA S.A.                                          ;U;4010;0021200009;PARTICIPACOES EM COLIGADAS E CONTROLADAS NO PAIS  ; 0000000000009000,00
200505;31880826;BCO GUANABARA S.A.                                          ;U;4010;0021900000;OUTROS INVESTIMENTOS                              ; 0000000001615637,18
200505;31880826;BCO GUANABARA S.A.                                          ;U;4010;0022000002;IMOBILIZADO DE USO                                ; 0000000000395969,64
200505;31880826;BCO GUANABARA S.A.                                          ;U;4010;0022400004;INSTALACOES, MOVEIS E EQUIPAMENTOS DE USO         ; 0000000000116113,99
200505;31880826;BCO GUANABARA S.A.                                          ;U;4010;0022900009;OUTROS                                            ; 0000000000279855,65
200505;31880826;BCO GUANABARA S.A.                                          ;U;4010;0023000001;IMOBILIZADO DE ARRENDAMENTO                       ; 0000000026462248,61
200505;31880826;BCO GUANABARA S.A.                                          ;U;4010;0023200007;BENS ARRENDADOS - ARRENDAMENTO FINANCEIRO         ; 0000000026462248,61
200505;31880826;BCO GUANABARA S.A.                                          ;U;4010;0024000000;DIFERIDO                                          ; 0000000000195807,26
200505;31880826;BCO GUANABARA S.A.                                          ;U;4010;0024100003;GASTOS DE ORGANIZACAO E EXPANSAO                  ; 0000000000195807,26
200505;31880826;BCO GUANABARA S.A.                                          ;U;4010;0030000001;COMPENSACAO                                       ; 0000000311956782,93
200505;31880826;BCO GUANABARA S.A.                                          ;U;4010;0030100004;COOBRIGACOES E RISCOS EM GARANTIAS PRESTADAS      ; 0000000003051939,43
200505;31880826;BCO GUANABARA S.A.                                          ;U;4010;0030300000;TITULOS E VALORES MOBILIARIOS                     ; 0000000052342946,64
200505;31880826;BCO GUANABARA S.A.                                          ;U;4010;0030400003;CUSTODIA DE VALORES                               ; 0000000084529347,68
200505;31880826;BCO GUANABARA S.A.                                          ;U;4010;0030500006;COBRANCA                                          ; 0000000013545457,03
200505;31880826;BCO GUANABARA S.A.                                          ;U;4010;0030600009;NEGOCIACAO E INTERMEDIACAO DE VALORES             ; 0000000018612615,19
200505;31880826;BCO GUANABARA S.A.                                          ;U;4010;0030900008;CONTROLE                                          ; 0000000039011607,50
200505;31880826;BCO GUANABARA S.A.                                          ;U;4010;0031000000;CLASSIFICACAO DA CARTEIRA DE CREDITOS             ; 0000000100862869,46
200505;31880826;BCO GUANABARA S.A.                                          ;U;4010;0031100003;OPERACOES DE RISCO NIVEL AA                       ; 0000000007816918,77
200505;31880826;BCO GUANABARA S.A.                                          ;U;4010;0031200006;OPERACOES DE RISCO NIVEL A                        ; 0000000015124860,53
200505;31880826;BCO GUANABARA S.A.                                          ;U;4010;0031300009;OPERACOES DE RISCO NIVELB                         ; 0000000040152382,70
200505;31880826;BCO GUANABARA S.A.                                          ;U;4010;0031400002;OPERACOES DE RISCO NIVELC                         ; 0000000023359469,17
200505;31880826;BCO GUANABARA S.A.                                          ;U;4010;0031500005;OPERACOES DE RISCO NIVEL D                        ; 0000000009855614,49
200505;31880826;BCO GUANABARA S.A.                                          ;U;4010;0031600008;OPERACOES DE RISCO NIVEL E                        ; 0000000004256200,26
200505;31880826;BCO GUANABARA S.A.                                          ;U;4010;0031700001;OPERACOES DE RISCO NIVEL F                        ; 0000000000235699,33
200505;31880826;BCO GUANABARA S.A.                                          ;U;4010;0031800004;OPERACOES DE RISCO NIVEL G                        ; 0000000000028941,65
200505;31880826;BCO GUANABARA S.A.                                          ;U;4010;0031900007;OPERACOES DE RISCO NIVEL H                        ; 0000000000032782,56
200505;31880826;BCO GUANABARA S.A.                                          ;U;4010;0039999993;TOTAL GERAL DO ATIVO                              ; 0000000525525930,08
200505;31880826;BCO GUANABARA S.A.                                          ;U;4010;0040000008;CIRCULANTE EXIGIVEL A LONGO PRAZO                 ; 0000000149472828,35
200505;31880826;BCO GUANABARA S.A.                                          ;U;4010;0041000007;DEPOSITOS                                         ; 0000000108673518,24
200505;31880826;BCO GUANABARA S.A.                                          ;U;4010;0041100000;DEPOSITOS A VISTA                                 ; 0000000000416968,29
200505;31880826;BCO GUANABARA S.A.                                          ;U;4010;0041500002;DEPOSITOS A PRAZO                                 ; 0000000108256549,95
200505;31880826;BCO GUANABARA S.A.                                          ;U;4010;0046000002;OBRIGACOES POR EMPRESTIMOS E REPASSES             ; 0000000018984173,64
200505;31880826;BCO GUANABARA S.A.                                          ;U;4010;0046400004;REPASSES DO PAIS - INSTITUICOES OFICIAIS          ; 0000000018984173,64
200505;31880826;BCO GUANABARA S.A.                                          ;U;4010;0047000001;INSTRUMENTOS FINANCEIROS DERIVATIVOS              ; 0000000010554704,86
200505;31880826;BCO GUANABARA S.A.                                          ;U;4010;0047100004;INSTRUMENTOS FINANCEIROS DERIVATIVOS              ; 0000000010554704,86
200505;31880826;BCO GUANABARA S.A.                                          ;U;4010;0049000009;OUTRAS OBRIGACOES                                 ; 0000000011260431,61
200505;31880826;BCO GUANABARA S.A.                                          ;U;4010;0049100002;COBRANCA E ARRECADACAO DE TRIBUTOS E ASSEMELHADOS ; 0000000000026314,28
200505;31880826;BCO GUANABARA S.A.                                          ;U;4010;0049400001;FISCAIS E PREVIDENCIARIAS                         ; 0000000005197681,75
200505;31880826;BCO GUANABARA S.A.                                          ;U;4010;0049500004;NEGOCIACAO E INTERMEDIACAO DE VALORES             ; 0000000000324569,82
200505;31880826;BCO GUANABARA S.A.                                          ;U;4010;0049900006;DIVERSAS                                          ; 0000000005711865,76
200505;31880826;BCO GUANABARA S.A.                                          ;U;4010;0050000005;RESULTADOS DE EXERCICIOS FUTUROS                  ; 0000000000011401,48
200505;31880826;BCO GUANABARA S.A.                                          ;U;4010;0051000004;RECEITAS DE EXERCICIOS FUTUROS                    ; 0000000000011401,48
200505;31880826;BCO GUANABARA S.A.                                          ;U;4010;0051100007;RECEITAS DE EXERCICIOS FUTUROS                    ; 0000000000011401,48
200505;31880826;BCO GUANABARA S.A.                                          ;U;4010;0060000002;PATRIMONIO LIQUIDO                                ; 0000000065204627,90
200505;31880826;BCO GUANABARA S.A.                                          ;U;4010;0061000001;PATRIMONIO LIQUIDO                                ; 0000000065204627,90
200505;31880826;BCO GUANABARA S.A.                                          ;U;4010;0061100004;CAPITAL SOCIAL                                    ; 0000000038000000,00
200505;31880826;BCO GUANABARA S.A.                                          ;U;4010;0061300000;RESERVAS DE CAPITAL                               ; 0000000001393725,37
200505;31880826;BCO GUANABARA S.A.                                          ;U;4010;0061500006;RESERVAS DE LUCROS                                ; 0000000000801085,67
200505;31880826;BCO GUANABARA S.A.                                          ;U;4010;0061800005;LUCROS OU PREJUIZOS ACUMULADOS                    ; 0000000025009816,86
200505;31880826;BCO GUANABARA S.A.                                          ;U;4010;0070000009;CONTAS DE RESULTADO CREDORAS                      ; 0000000027475109,04
200505;31880826;BCO GUANABARA S.A.                                          ;U;4010;0071000008;RECEITAS OPERACIONAIS                             ; 0000000027475109,04
200505;31880826;BCO GUANABARA S.A.                                          ;U;4010;0071100001;RENDAS DE OPERACOES DE CREDITO                    ; 0000000007256596,70
200505;31880826;BCO GUANABARA S.A.                                          ;U;4010;0071200004;RENDAS DE ARRENDAMENTO MERCANTIL                  ; 0000000008585250,70
200505;31880826;BCO GUANABARA S.A.                                          ;U;4010;0071400000;RENDAS DE APLICACOES INTERFINANCEIRAS DE LIQUIDEZ ; 0000000005118795,41
200505;31880826;BCO GUANABARA S.A.                                          ;U;4010;0071500003;RENDAS COM TIT. E VAL. MOB. E INST. FINANC. DERIV.; 0000000005398401,21
200505;31880826;BCO GUANABARA S.A.                                          ;U;4010;0071700009;RENDAS DE PRESTACAO DE SERVICOS                   ; 0000000000019612,96
200505;31880826;BCO GUANABARA S.A.                                          ;U;4010;0071900005;OUTRAS RECEITAS OPERACIONAIS                      ; 0000000001096452,06
200505;31880826;BCO GUANABARA S.A.                                          ;U;4010;0080000006;(-) CONTAS DE RESULTADO DEVEDORAS                 ;-0000000028594819,62
200505;31880826;BCO GUANABARA S.A.                                          ;U;4010;0081000005;(-) DESPESAS OPERACIONAIS                         ;-0000000026983118,74
200505;31880826;BCO GUANABARA S.A.                                          ;U;4010;0081100008;(-) DESPESAS DE CAPTACAO                          ;-0000000006928088,24
200505;31880826;BCO GUANABARA S.A.                                          ;U;4010;0081200001;(-) DESP DE OBRIGACOES POR EMPRESTIMOS E REPASSES ;-0000000001000326,27
200505;31880826;BCO GUANABARA S.A.                                          ;U;4010;0081300004;(-) DESPESAS DE ARRENDAMENTO MERCANTIL            ;-0000000006646248,32
200505;31880826;BCO GUANABARA S.A.                                          ;U;4010;0081500000;(-) DESP. COM TIT. E VAL. MOB. E INST. FIN. DERIV.;-0000000003621544,99
200505;31880826;BCO GUANABARA S.A.                                          ;U;4010;0081700006;(-) DESPESAS ADMINISTRATIVAS                      ;-0000000002429974,67
200505;31880826;BCO GUANABARA S.A.                                          ;U;4010;0081800009;(-) APROVISIONAMENTOS E AJUSTES PATRIMONIAIS      ;-0000000005865701,44
200505;31880826;BCO GUANABARA S.A.                                          ;U;4010;0081900002;(-) OUTRAS DESPESAS OPERACIONAIS                  ;-0000000000491234,81
200505;31880826;BCO GUANABARA S.A.                                          ;U;4010;0089000007;(-) APURACAO DE RESULTADO                         ;-0000000001611700,88
200505;31880826;BCO GUANABARA S.A.                                          ;U;4010;0089400009;(-) IMPOSTO DE RENDA                              ;-0000000001611700,88
200505;31880826;BCO GUANABARA S.A.                                          ;U;4010;0090000003;COMPENSACAO                                       ; 0000000311956782,93
200505;31880826;BCO GUANABARA S.A.                                          ;U;4010;0090100006;COOBRIGACOES E RISCOS EM GARANTIAS PRESTADAS      ; 0000000003051939,43
200505;31880826;BCO GUANABARA S.A.                                          ;U;4010;0090300002;TITULOS E VALORES MOBILIARIOS                     ; 0000000052342946,64
200505;31880826;BCO GUANABARA S.A.                                          ;U;4010;0090400005;CUSTODIA DE VALORES                               ; 0000000084529347,68
200505;31880826;BCO GUANABARA S.A.                                          ;U;4010;0090500008;COBRANCA                                          ; 0000000013545457,03
200505;31880826;BCO GUANABARA S.A.                                          ;U;4010;0090600001;NEGOCIACAO E INTERMEDIACAO DE VALORES             ; 0000000018612615,19
200505;31880826;BCO GUANABARA S.A.                                          ;U;4010;0090900000;CONTROLE                                          ; 0000000039011607,50
200505;31880826;BCO GUANABARA S.A.                                          ;U;4010;0091000002;CLASSIFICACAO DA CARTEIRA DE CREDITOS             ; 0000000100862869,46
200505;31880826;BCO GUANABARA S.A.                                          ;U;4010;0091100005;OPERACOES DE CREDITOS E ARRENDAMENTO MERCANTIL    ; 0000000100862869,46
200505;31880826;BCO GUANABARA S.A.                                          ;U;4010;0099999995;TOTAL GERAL DO PASSIVO                            ; 0000000525525930,08
200505;31895683;BCO INDUSTRIAL DO BRASIL S.A.                               ;U;4010;0010000007;CIRCULANTE E REALIZAVEL A LONGO PRAZO             ; 0000000668755978,97
200505;31895683;BCO INDUSTRIAL DO BRASIL S.A.                               ;U;4010;0011000006;DISPONIBILIDADES                                  ; 0000000004047575,90
200505;31895683;BCO INDUSTRIAL DO BRASIL S.A.                               ;U;4010;0011100009;CAIXA                                             ; 0000000000606625,46
200505;31895683;BCO INDUSTRIAL DO BRASIL S.A.                               ;U;4010;0011500001;DISPONIBILIDADES EM MOEDAS ESTRANGEIRAS           ; 0000000003440950,44
200505;31895683;BCO INDUSTRIAL DO BRASIL S.A.                               ;U;4010;0012000005;APLICACOES INTERFINANCEIRAS DE LIQUIDEZ           ; 0000000015458090,73
200505;31895683;BCO INDUSTRIAL DO BRASIL S.A.                               ;U;4010;0012100008;APLICACOES EM OPERACOES COMPROMISSADAS            ; 0000000008000153,20
200505;31895683;BCO INDUSTRIAL DO BRASIL S.A.                               ;U;4010;0012200001;APLICACOES EM DEPOSITOS INTERFINANCEIROS          ; 0000000007457937,53
200505;31895683;BCO INDUSTRIAL DO BRASIL S.A.                               ;U;4010;0013000004;TITULOS E VAL. MOB. E INST. FINANC. DERIVATIVOS   ; 0000000271082166,31
200505;31895683;BCO INDUSTRIAL DO BRASIL S.A.                               ;U;4010;0013100007;LIVRES                                            ; 0000000087777544,44
200505;31895683;BCO INDUSTRIAL DO BRASIL S.A.                               ;U;4010;0013200000;VINCULADOS A OPERACOES COMPROMISSADAS             ; 0000000176956718,77
200505;31895683;BCO INDUSTRIAL DO BRASIL S.A.                               ;U;4010;0013300003;INSTRUMENTOS FINANCEIROS DERIVATIVOS              ; 0000000000048569,99
200505;31895683;BCO INDUSTRIAL DO BRASIL S.A.                               ;U;4010;0013600002;VINCULADOS A PRESTACAO DE GARANTIAS               ; 0000000006299333,11
200505;31895683;BCO INDUSTRIAL DO BRASIL S.A.                               ;U;4010;0014000003;RELACOES INTERFINANCEIRAS                         ; 0000000002200496,53
200505;31895683;BCO INDUSTRIAL DO BRASIL S.A.                               ;U;4010;0014100006;DIREITOS JUNTO A PARTIC. DE SISTEMAS DE LIQUIDAÇÃO; 0000000000700571,31
200505;31895683;BCO INDUSTRIAL DO BRASIL S.A.                               ;U;4010;0014200009;CREDITOS VINCULADOS                               ; 0000000001499925,22
200505;31895683;BCO INDUSTRIAL DO BRASIL S.A.                               ;U;4010;0016000001;OPERACOES DE CREDITO                              ; 0000000326409434,33
200505;31895683;BCO INDUSTRIAL DO BRASIL S.A.                               ;U;4010;0016100004;EMPRESTIMOS E TITULOS DESCONTADOS                 ; 0000000240584736,04
200505;31895683;BCO INDUSTRIAL DO BRASIL S.A.                               ;U;4010;0016200007;FINANCIAMENTOS                                    ; 0000000093474551,63
200505;31895683;BCO INDUSTRIAL DO BRASIL S.A.                               ;U;4010;0016900008;(-) PROVISOES PARA OPERACOES DE CREDITO           ;-0000000007649853,34
200505;31895683;BCO INDUSTRIAL DO BRASIL S.A.                               ;U;4010;0017000000;OPERACOES DE ARRENDAMENTO MERCANTIL               ; 0000000000019321,87
200505;31895683;BCO INDUSTRIAL DO BRASIL S.A.                               ;U;4010;0017100003;ARRENDAMENTOS FINANCEIROS A RECEBER               ; 0000000000082376,04
200505;31895683;BCO INDUSTRIAL DO BRASIL S.A.                               ;U;4010;0017900007;(-) PROVISOES PARA OPER. DE ARRENDAMENTO MERCANTIL;-0000000000063054,17
200505;31895683;BCO INDUSTRIAL DO BRASIL S.A.                               ;U;4010;0018000009;OUTROS CREDITOS                                   ; 0000000038381471,37
200505;31895683;BCO INDUSTRIAL DO BRASIL S.A.                               ;U;4010;0018200005;CARTEIRA DE CAMBIO                                ; 0000000011691676,99
200505;31895683;BCO INDUSTRIAL DO BRASIL S.A.                               ;U;4010;0018400001;NEGOCIACAO E INTERMEDIACAO DE VALORES             ; 0000000000640502,70
200505;31895683;BCO INDUSTRIAL DO BRASIL S.A.                               ;U;4010;0018800003;DIVERSOS                                          ; 0000000026108954,95
200505;31895683;BCO INDUSTRIAL DO BRASIL S.A.                               ;U;4010;0018900006;(-) PROVISOES PARA OUTROS CREDITOS                ;-0000000000059663,27
200505;31895683;BCO INDUSTRIAL DO BRASIL S.A.                               ;U;4010;0019000008;OUTROS VALORES E BENS                             ; 0000000011157421,93
200505;31895683;BCO INDUSTRIAL DO BRASIL S.A.                               ;U;4010;0019800002;OUTROS VALORES E BENS                             ; 0000000005366123,40
200505;31895683;BCO INDUSTRIAL DO BRASIL S.A.                               ;U;4010;0019900005;DESPESAS ANTECIPADAS                              ; 0000000005791298,53
200505;31895683;BCO INDUSTRIAL DO BRASIL S.A.                               ;U;4010;0020000004;PERMANENTE                                        ; 0000000047965843,25
200505;31895683;BCO INDUSTRIAL DO BRASIL S.A.                               ;U;4010;0021000003;INVESTIMENTOS                                     ; 0000000032359296,59
200505;31895683;BCO INDUSTRIAL DO BRASIL S.A.                               ;U;4010;0021100006;INVESTIMENTOS NO EXTERIOR                         ; 0000000014270129,01
200505;31895683;BCO INDUSTRIAL DO BRASIL S.A.                               ;U;4010;0021200009;PARTICIPACOES EM COLIGADAS E CONTROLADAS NO PAIS  ; 0000000017519844,59
200505;31895683;BCO INDUSTRIAL DO BRASIL S.A.                               ;U;4010;0021300002;INVESTIMENTOS POR INCENTIVOS FISCAIS              ; 0000000000018692,92
200505;31895683;BCO INDUSTRIAL DO BRASIL S.A.                               ;U;4010;0021400005;TITULOS PATRIMONIAIS                              ; 0000000000538430,07
200505;31895683;BCO INDUSTRIAL DO BRASIL S.A.                               ;U;4010;0021900000;OUTROS INVESTIMENTOS                              ; 0000000000012200,00
200505;31895683;BCO INDUSTRIAL DO BRASIL S.A.                               ;U;4010;0022000002;IMOBILIZADO DE USO                                ; 0000000001104978,48
200505;31895683;BCO INDUSTRIAL DO BRASIL S.A.                               ;U;4010;0022400004;INSTALACOES, MOVEIS E EQUIPAMENTOS DE USO         ; 0000000000238810,36
200505;31895683;BCO INDUSTRIAL DO BRASIL S.A.                               ;U;4010;0022900009;OUTROS                                            ; 0000000000866168,12
200505;31895683;BCO INDUSTRIAL DO BRASIL S.A.                               ;U;4010;0023000001;IMOBILIZADO DE ARRENDAMENTO                       ; 0000000012946044,65
200505;31895683;BCO INDUSTRIAL DO BRASIL S.A.                               ;U;4010;0023200007;BENS ARRENDADOS - ARRENDAMENTO FINANCEIRO         ; 0000000012946044,65
200505;31895683;BCO INDUSTRIAL DO BRASIL S.A.                               ;U;4010;0024000000;DIFERIDO                                          ; 0000000001555523,53
200505;31895683;BCO INDUSTRIAL DO BRASIL S.A.                               ;U;4010;0024100003;GASTOS DE ORGANIZACAO E EXPANSAO                  ; 0000000001555523,53
200505;31895683;BCO INDUSTRIAL DO BRASIL S.A.                               ;U;4010;0030000001;COMPENSACAO                                       ; 0000002378675097,55
200505;31895683;BCO INDUSTRIAL DO BRASIL S.A.                               ;U;4010;0030100004;COOBRIGACOES E RISCOS EM GARANTIAS PRESTADAS      ; 0000000076417044,13
200505;31895683;BCO INDUSTRIAL DO BRASIL S.A.                               ;U;4010;0030300000;TITULOS E VALORES MOBILIARIOS                     ; 0000000542053010,84
200505;31895683;BCO INDUSTRIAL DO BRASIL S.A.                               ;U;4010;0030400003;CUSTODIA DE VALORES                               ; 0000000076647244,01
200505;31895683;BCO INDUSTRIAL DO BRASIL S.A.                               ;U;4010;0030500006;COBRANCA                                          ; 0000000013333244,29
200505;31895683;BCO INDUSTRIAL DO BRASIL S.A.                               ;U;4010;0030600009;NEGOCIACAO E INTERMEDIACAO DE VALORES             ; 0000000203722419,11
200505;31895683;BCO INDUSTRIAL DO BRASIL S.A.                               ;U;4010;0030900008;CONTROLE                                          ; 0000001105453112,21
200505;31895683;BCO INDUSTRIAL DO BRASIL S.A.                               ;U;4010;0031000000;CLASSIFICACAO DA CARTEIRA DE CREDITOS             ; 0000000361049022,96
200505;31895683;BCO INDUSTRIAL DO BRASIL S.A.                               ;U;4010;0031100003;OPERACOES DE RISCO NIVEL AA                       ; 0000000170713183,23
200505;31895683;BCO INDUSTRIAL DO BRASIL S.A.                               ;U;4010;0031200006;OPERACOES DE RISCO NIVEL A                        ; 0000000123883533,98
200505;31895683;BCO INDUSTRIAL DO BRASIL S.A.                               ;U;4010;0031300009;OPERACOES DE RISCO NIVELB                         ; 0000000019730848,15
200505;31895683;BCO INDUSTRIAL DO BRASIL S.A.                               ;U;4010;0031400002;OPERACOES DE RISCO NIVELC                         ; 0000000033324322,31
200505;31895683;BCO INDUSTRIAL DO BRASIL S.A.                               ;U;4010;0031500005;OPERACOES DE RISCO NIVEL D                        ; 0000000006458744,71
200505;31895683;BCO INDUSTRIAL DO BRASIL S.A.                               ;U;4010;0031600008;OPERACOES DE RISCO NIVEL E                        ; 0000000000750910,31
200505;31895683;BCO INDUSTRIAL DO BRASIL S.A.                               ;U;4010;0031700001;OPERACOES DE RISCO NIVEL F                        ; 0000000001670308,91
200505;31895683;BCO INDUSTRIAL DO BRASIL S.A.                               ;U;4010;0031800004;OPERACOES DE RISCO NIVEL G                        ; 0000000000891194,80
200505;31895683;BCO INDUSTRIAL DO BRASIL S.A.                               ;U;4010;0031900007;OPERACOES DE RISCO NIVEL H                        ; 0000000003625976,56
200505;31895683;BCO INDUSTRIAL DO BRASIL S.A.                               ;U;4010;0039999993;TOTAL GERAL DO ATIVO                              ; 0000003095396919,77
200505;31895683;BCO INDUSTRIAL DO BRASIL S.A.                               ;U;4010;0040000008;CIRCULANTE EXIGIVEL A LONGO PRAZO                 ; 0000000573101650,35
200505;31895683;BCO INDUSTRIAL DO BRASIL S.A.                               ;U;4010;0041000007;DEPOSITOS                                         ; 0000000222672762,07
200505;31895683;BCO INDUSTRIAL DO BRASIL S.A.                               ;U;4010;0041100000;DEPOSITOS A VISTA                                 ; 0000000011733566,12
200505;31895683;BCO INDUSTRIAL DO BRASIL S.A.                               ;U;4010;0041300006;DEPOSITOS INTERFINANCEIROS                        ; 0000000019758683,36
200505;31895683;BCO INDUSTRIAL DO BRASIL S.A.                               ;U;4010;0041500002;DEPOSITOS A PRAZO                                 ; 0000000191180371,37
200505;31895683;BCO INDUSTRIAL DO BRASIL S.A.                               ;U;4010;0041900004;OUTROS DEPOSITOS                                  ; 0000000000000141,22
200505;31895683;BCO INDUSTRIAL DO BRASIL S.A.                               ;U;4010;0042000006;OBRIGACOES POR OPERACOES COMPROMISSADAS           ; 0000000176912276,15
200505;31895683;BCO INDUSTRIAL DO BRASIL S.A.                               ;U;4010;0042100009;CARTEIRA PROPRIA                                  ; 0000000176912276,15
200505;31895683;BCO INDUSTRIAL DO BRASIL S.A.                               ;U;4010;0044000004;RELACOES INTERFINANCEIRAS                         ; 0000000000123540,45
200505;31895683;BCO INDUSTRIAL DO BRASIL S.A.                               ;U;4010;0044100007;OBRIGAÇÕES JUNTO A PARTIC. DE SIST. DE LIQUIDACÃO ; 0000000000123540,45
200505;31895683;BCO INDUSTRIAL DO BRASIL S.A.                               ;U;4010;0045000003;RELACOES INTERDEPENDENCIAS                        ; 0000000000756408,07
200505;31895683;BCO INDUSTRIAL DO BRASIL S.A.                               ;U;4010;0045100006;RECURSOS EM TRANSITO DE TERCEIROS                 ; 0000000000756408,07
200505;31895683;BCO INDUSTRIAL DO BRASIL S.A.                               ;U;4010;0046000002;OBRIGACOES POR EMPRESTIMOS E REPASSES             ; 0000000147670909,37
200505;31895683;BCO INDUSTRIAL DO BRASIL S.A.                               ;U;4010;0046300001;EMPRESTIMOS NO EXTERIOR                           ; 0000000018175884,31
200505;31895683;BCO INDUSTRIAL DO BRASIL S.A.                               ;U;4010;0046400004;REPASSES DO PAIS - INSTITUICOES OFICIAIS          ; 0000000076926330,79
200505;31895683;BCO INDUSTRIAL DO BRASIL S.A.                               ;U;4010;0046600000;REPASSES DO EXTERIOR                              ; 0000000052568694,27
200505;31895683;BCO INDUSTRIAL DO BRASIL S.A.                               ;U;4010;0047000001;INSTRUMENTOS FINANCEIROS DERIVATIVOS              ; 0000000000045392,74
200505;31895683;BCO INDUSTRIAL DO BRASIL S.A.                               ;U;4010;0047100004;INSTRUMENTOS FINANCEIROS DERIVATIVOS              ; 0000000000045392,74
200505;31895683;BCO INDUSTRIAL DO BRASIL S.A.                               ;U;4010;0049000009;OUTRAS OBRIGACOES                                 ; 0000000024920361,50
200505;31895683;BCO INDUSTRIAL DO BRASIL S.A.                               ;U;4010;0049100002;COBRANCA E ARRECADACAO DE TRIBUTOS E ASSEMELHADOS ; 0000000000068171,73
200505;31895683;BCO INDUSTRIAL DO BRASIL S.A.                               ;U;4010;0049200005;CARTEIRA DE CAMBIO                                ; 0000000001034593,74
200505;31895683;BCO INDUSTRIAL DO BRASIL S.A.                               ;U;4010;0049400001;FISCAIS E PREVIDENCIARIAS                         ; 0000000005040109,95
200505;31895683;BCO INDUSTRIAL DO BRASIL S.A.                               ;U;4010;0049900006;DIVERSAS                                          ; 0000000018777486,08
200505;31895683;BCO INDUSTRIAL DO BRASIL S.A.                               ;U;4010;0050000005;RESULTADOS DE EXERCICIOS FUTUROS                  ; 0000000000031959,44
200505;31895683;BCO INDUSTRIAL DO BRASIL S.A.                               ;U;4010;0051000004;RECEITAS DE EXERCICIOS FUTUROS                    ; 0000000000031959,44
200505;31895683;BCO INDUSTRIAL DO BRASIL S.A.                               ;U;4010;0051100007;RECEITAS DE EXERCICIOS FUTUROS                    ; 0000000000031959,44
200505;31895683;BCO INDUSTRIAL DO BRASIL S.A.                               ;U;4010;0060000002;PATRIMONIO LIQUIDO                                ; 0000000136899038,75
200505;31895683;BCO INDUSTRIAL DO BRASIL S.A.                               ;U;4010;0061000001;PATRIMONIO LIQUIDO                                ; 0000000136899038,75
200505;31895683;BCO INDUSTRIAL DO BRASIL S.A.                               ;U;4010;0061100004;CAPITAL SOCIAL                                    ; 0000000111905000,00
200505;31895683;BCO INDUSTRIAL DO BRASIL S.A.                               ;U;4010;0061300000;RESERVAS DE CAPITAL                               ; 0000000000053747,43
200505;31895683;BCO INDUSTRIAL DO BRASIL S.A.                               ;U;4010;0061500006;RESERVAS DE LUCROS                                ; 0000000001311295,93
200505;31895683;BCO INDUSTRIAL DO BRASIL S.A.                               ;U;4010;0061600009;AJUSTES DE AVALIACAO PATRIMONIAL                  ; 0000000000009360,08
200505;31895683;BCO INDUSTRIAL DO BRASIL S.A.                               ;U;4010;0061800005;LUCROS OU PREJUIZOS ACUMULADOS                    ; 0000000023619635,31
200505;31895683;BCO INDUSTRIAL DO BRASIL S.A.                               ;U;4010;0070000009;CONTAS DE RESULTADO CREDORAS                      ; 0000000089288828,22
200505;31895683;BCO INDUSTRIAL DO BRASIL S.A.                               ;U;4010;0071000008;RECEITAS OPERACIONAIS                             ; 0000000089114220,42
200505;31895683;BCO INDUSTRIAL DO BRASIL S.A.                               ;U;4010;0071100001;RENDAS DE OPERACOES DE CREDITO                    ; 0000000045029732,75
200505;31895683;BCO INDUSTRIAL DO BRASIL S.A.                               ;U;4010;0071200004;RENDAS DE ARRENDAMENTO MERCANTIL                  ; 0000000003935336,85
200505;31895683;BCO INDUSTRIAL DO BRASIL S.A.                               ;U;4010;0071300007;RENDAS DE CAMBIO                                  ; 0000000003724211,65
200505;31895683;BCO INDUSTRIAL DO BRASIL S.A.                               ;U;4010;0071400000;RENDAS DE APLICACOES INTERFINANCEIRAS DE LIQUIDEZ ; 0000000001495513,34
200505;31895683;BCO INDUSTRIAL DO BRASIL S.A.                               ;U;4010;0071500003;RENDAS COM TIT. E VAL. MOB. E INST. FINANC. DERIV.; 0000000027923220,07
200505;31895683;BCO INDUSTRIAL DO BRASIL S.A.                               ;U;4010;0071700009;RENDAS DE PRESTACAO DE SERVICOS                   ; 0000000001178607,05
200505;31895683;BCO INDUSTRIAL DO BRASIL S.A.                               ;U;4010;0071800002;RENDAS DE PARTICIPACOES                           ; 0000000000666325,61
200505;31895683;BCO INDUSTRIAL DO BRASIL S.A.                               ;U;4010;0071900005;OUTRAS RECEITAS OPERACIONAIS                      ; 0000000005161273,10
200505;31895683;BCO INDUSTRIAL DO BRASIL S.A.                               ;U;4010;0073000006;RECEITAS NAO OPERACIONAIS                         ; 0000000000174607,80
200505;31895683;BCO INDUSTRIAL DO BRASIL S.A.                               ;U;4010;0073900003;OUTRAS RECEITAS NAO OPERACIONAIS                  ; 0000000000174607,80
200505;31895683;BCO INDUSTRIAL DO BRASIL S.A.                               ;U;4010;0080000006;(-) CONTAS DE RESULTADO DEVEDORAS                 ;-0000000082599654,54
200505;31895683;BCO INDUSTRIAL DO BRASIL S.A.                               ;U;4010;0081000005;(-) DESPESAS OPERACIONAIS                         ;-0000000078315105,58
200505;31895683;BCO INDUSTRIAL DO BRASIL S.A.                               ;U;4010;0081100008;(-) DESPESAS DE CAPTACAO                          ;-0000000031827845,03
200505;31895683;BCO INDUSTRIAL DO BRASIL S.A.                               ;U;4010;0081200001;(-) DESP DE OBRIGACOES POR EMPRESTIMOS E REPASSES ;-0000000003910558,37
200505;31895683;BCO INDUSTRIAL DO BRASIL S.A.                               ;U;4010;0081300004;(-) DESPESAS DE ARRENDAMENTO MERCANTIL            ;-0000000002816152,05
200505;31895683;BCO INDUSTRIAL DO BRASIL S.A.                               ;U;4010;0081400007;(-) DESPESAS DE CAMBIO                            ;-0000000002002748,80
200505;31895683;BCO INDUSTRIAL DO BRASIL S.A.                               ;U;4010;0081500000;(-) DESP. COM TIT. E VAL. MOB. E INST. FIN. DERIV.;-0000000010642949,02
200505;31895683;BCO INDUSTRIAL DO BRASIL S.A.                               ;U;4010;0081600003;(-) DESPESAS DE PARTICIPACOES                     ;-0000000001993300,91
200505;31895683;BCO INDUSTRIAL DO BRASIL S.A.                               ;U;4010;0081700006;(-) DESPESAS ADMINISTRATIVAS                      ;-0000000011918909,72
200505;31895683;BCO INDUSTRIAL DO BRASIL S.A.                               ;U;4010;0081800009;(-) APROVISIONAMENTOS E AJUSTES PATRIMONIAIS      ;-0000000009099048,17
200505;31895683;BCO INDUSTRIAL DO BRASIL S.A.                               ;U;4010;0081900002;(-) OUTRAS DESPESAS OPERACIONAIS                  ;-0000000004103593,51
200505;31895683;BCO INDUSTRIAL DO BRASIL S.A.                               ;U;4010;0083000003;(-) DESPESAS NAO OPERACIONAIS                     ;-0000000000075414,47
200505;31895683;BCO INDUSTRIAL DO BRASIL S.A.                               ;U;4010;0083900000;(-) OUTRAS DESPESAS NAO OPERACIONAIS              ;-0000000000075414,47
200505;31895683;BCO INDUSTRIAL DO BRASIL S.A.                               ;U;4010;0089000007;(-) APURACAO DE RESULTADO                         ;-0000000004209134,49
200505;31895683;BCO INDUSTRIAL DO BRASIL S.A.                               ;U;4010;0089400009;(-) IMPOSTO DE RENDA                              ;-0000000004209134,49
200505;31895683;BCO INDUSTRIAL DO BRASIL S.A.                               ;U;4010;0090000003;COMPENSACAO                                       ; 0000002378675097,55
200505;31895683;BCO INDUSTRIAL DO BRASIL S.A.                               ;U;4010;0090100006;COOBRIGACOES E RISCOS EM GARANTIAS PRESTADAS      ; 0000000076417044,13
200505;31895683;BCO INDUSTRIAL DO BRASIL S.A.                               ;U;4010;0090300002;TITULOS E VALORES MOBILIARIOS                     ; 0000000542053010,84
200505;31895683;BCO INDUSTRIAL DO BRASIL S.A.                               ;U;4010;0090400005;CUSTODIA DE VALORES                               ; 0000000076647244,01
200505;31895683;BCO INDUSTRIAL DO BRASIL S.A.                               ;U;4010;0090500008;COBRANCA                                          ; 0000000013333244,29
200505;31895683;BCO INDUSTRIAL DO BRASIL S.A.                               ;U;4010;0090600001;NEGOCIACAO E INTERMEDIACAO DE VALORES             ; 0000000203722419,11
200505;31895683;BCO INDUSTRIAL DO BRASIL S.A.                               ;U;4010;0090900000;CONTROLE                                          ; 0000001105453112,21
200505;31895683;BCO INDUSTRIAL DO BRASIL S.A.                               ;U;4010;0091000002;CLASSIFICACAO DA CARTEIRA DE CREDITOS             ; 0000000361049022,96
200505;31895683;BCO INDUSTRIAL DO BRASIL S.A.                               ;U;4010;0091100005;OPERACOES DE CREDITOS E ARRENDAMENTO MERCANTIL    ; 0000000361049022,96
200505;31895683;BCO INDUSTRIAL DO BRASIL S.A.                               ;U;4010;0099999995;TOTAL GERAL DO PASSIVO                            ; 0000003095396919,77
200505;32062580;BCO CREDIT SUISSE (BRASIL)                                  ;U;4010;0010000007;CIRCULANTE E REALIZAVEL A LONGO PRAZO             ; 0000001203434905,32
200505;32062580;BCO CREDIT SUISSE (BRASIL)                                  ;U;4010;0011000006;DISPONIBILIDADES                                  ; 0000000000138840,76
200505;32062580;BCO CREDIT SUISSE (BRASIL)                                  ;U;4010;0011100009;CAIXA                                             ; 0000000000006427,30
200505;32062580;BCO CREDIT SUISSE (BRASIL)                                  ;U;4010;0011300005;RESERVAS LIVRES                                   ; 0000000000132413,46
200505;32062580;BCO CREDIT SUISSE (BRASIL)                                  ;U;4010;0012000005;APLICACOES INTERFINANCEIRAS DE LIQUIDEZ           ; 0000000992268806,18
200505;32062580;BCO CREDIT SUISSE (BRASIL)                                  ;U;4010;0012100008;APLICACOES EM OPERACOES COMPROMISSADAS            ; 0000000542268806,18
200505;32062580;BCO CREDIT SUISSE (BRASIL)                                  ;U;4010;0012200001;APLICACOES EM DEPOSITOS INTERFINANCEIROS          ; 0000000450000000,00
200505;32062580;BCO CREDIT SUISSE (BRASIL)                                  ;U;4010;0013000004;TITULOS E VAL. MOB. E INST. FINANC. DERIVATIVOS   ; 0000000063343862,48
200505;32062580;BCO CREDIT SUISSE (BRASIL)                                  ;U;4010;0013100007;LIVRES                                            ; 0000000049268624,48
200505;32062580;BCO CREDIT SUISSE (BRASIL)                                  ;U;4010;0013300003;INSTRUMENTOS FINANCEIROS DERIVATIVOS              ; 0000000014075238,00
200505;32062580;BCO CREDIT SUISSE (BRASIL)                                  ;U;4010;0014000003;RELACOES INTERFINANCEIRAS                         ; 0000000000067369,09
200505;32062580;BCO CREDIT SUISSE (BRASIL)                                  ;U;4010;0014100006;DIREITOS JUNTO A PARTIC. DE SISTEMAS DE LIQUIDAÇÃO; 0000000000003500,26
200505;32062580;BCO CREDIT SUISSE (BRASIL)                                  ;U;4010;0014200009;CREDITOS VINCULADOS                               ; 0000000000063868,83
200505;32062580;BCO CREDIT SUISSE (BRASIL)                                  ;U;4010;0018000009;OUTROS CREDITOS                                   ; 0000000147616026,81
200505;32062580;BCO CREDIT SUISSE (BRASIL)                                  ;U;4010;0018800003;DIVERSOS                                          ; 0000000148513153,40
200505;32062580;BCO CREDIT SUISSE (BRASIL)                                  ;U;4010;0018900006;(-) PROVISOES PARA OUTROS CREDITOS                ;-0000000000897126,59
200505;32062580;BCO CREDIT SUISSE (BRASIL)                                  ;U;4010;0020000004;PERMANENTE                                        ; 0000000000205969,32
200505;32062580;BCO CREDIT SUISSE (BRASIL)                                  ;U;4010;0021000003;INVESTIMENTOS                                     ; 0000000000016001,49
200505;32062580;BCO CREDIT SUISSE (BRASIL)                                  ;U;4010;0021400005;TITULOS PATRIMONIAIS                              ; 0000000000016001,49
200505;32062580;BCO CREDIT SUISSE (BRASIL)                                  ;U;4010;0022000002;IMOBILIZADO DE USO                                ; 0000000000188718,19
200505;32062580;BCO CREDIT SUISSE (BRASIL)                                  ;U;4010;0022400004;INSTALACOES, MOVEIS E EQUIPAMENTOS DE USO         ; 0000000000043781,02
200505;32062580;BCO CREDIT SUISSE (BRASIL)                                  ;U;4010;0022900009;OUTROS                                            ; 0000000000144937,17
200505;32062580;BCO CREDIT SUISSE (BRASIL)                                  ;U;4010;0024000000;DIFERIDO                                          ; 0000000000001249,64
200505;32062580;BCO CREDIT SUISSE (BRASIL)                                  ;U;4010;0024100003;GASTOS DE ORGANIZACAO E EXPANSAO                  ; 0000000000001249,64
200505;32062580;BCO CREDIT SUISSE (BRASIL)                                  ;U;4010;0030000001;COMPENSACAO                                       ; 0000114734109854,06
200505;32062580;BCO CREDIT SUISSE (BRASIL)                                  ;U;4010;0030300000;TITULOS E VALORES MOBILIARIOS                     ; 0000000112612486,96
200505;32062580;BCO CREDIT SUISSE (BRASIL)                                  ;U;4010;0030400003;CUSTODIA DE VALORES                               ; 0000000000016001,49
200505;32062580;BCO CREDIT SUISSE (BRASIL)                                  ;U;4010;0030600009;NEGOCIACAO E INTERMEDIACAO DE VALORES             ; 0000000191054937,77
200505;32062580;BCO CREDIT SUISSE (BRASIL)                                  ;U;4010;0030900008;CONTROLE                                          ; 0000114282341617,04
200505;32062580;BCO CREDIT SUISSE (BRASIL)                                  ;U;4010;0031000000;CLASSIFICACAO DA CARTEIRA DE CREDITOS             ; 0000000148084810,80
200505;32062580;BCO CREDIT SUISSE (BRASIL)                                  ;U;4010;0031200006;OPERACOES DE RISCO NIVEL A                        ; 0000000116744304,60
200505;32062580;BCO CREDIT SUISSE (BRASIL)                                  ;U;4010;0031300009;OPERACOES DE RISCO NIVELB                         ; 0000000031340506,20
200505;32062580;BCO CREDIT SUISSE (BRASIL)                                  ;U;4010;0039999993;TOTAL GERAL DO ATIVO                              ; 0000115937750728,70
200505;32062580;BCO CREDIT SUISSE (BRASIL)                                  ;U;4010;0040000008;CIRCULANTE EXIGIVEL A LONGO PRAZO                 ; 0000001030822758,10
200505;32062580;BCO CREDIT SUISSE (BRASIL)                                  ;U;4010;0041000007;DEPOSITOS                                         ; 0000000967064935,09
200505;32062580;BCO CREDIT SUISSE (BRASIL)                                  ;U;4010;0041100000;DEPOSITOS A VISTA                                 ; 0000000001737535,81
200505;32062580;BCO CREDIT SUISSE (BRASIL)                                  ;U;4010;0041300006;DEPOSITOS INTERFINANCEIROS                        ; 0000000000114939,46
200505;32062580;BCO CREDIT SUISSE (BRASIL)                                  ;U;4010;0041500002;DEPOSITOS A PRAZO                                 ; 0000000965161735,09
200505;32062580;BCO CREDIT SUISSE (BRASIL)                                  ;U;4010;0041900004;OUTROS DEPOSITOS                                  ; 0000000000050724,73
200505;32062580;BCO CREDIT SUISSE (BRASIL)                                  ;U;4010;0044000004;RELACOES INTERFINANCEIRAS                         ; 0000000001616727,37
200505;32062580;BCO CREDIT SUISSE (BRASIL)                                  ;U;4010;0044100007;OBRIGAÇÕES JUNTO A PARTIC. DE SIST. DE LIQUIDACÃO ; 0000000001616727,37
200505;32062580;BCO CREDIT SUISSE (BRASIL)                                  ;U;4010;0047000001;INSTRUMENTOS FINANCEIROS DERIVATIVOS              ; 0000000012011156,69
200505;32062580;BCO CREDIT SUISSE (BRASIL)                                  ;U;4010;0047100004;INSTRUMENTOS FINANCEIROS DERIVATIVOS              ; 0000000012011156,69
200505;32062580;BCO CREDIT SUISSE (BRASIL)                                  ;U;4010;0049000009;OUTRAS OBRIGACOES                                 ; 0000000050129938,95
200505;32062580;BCO CREDIT SUISSE (BRASIL)                                  ;U;4010;0049400001;FISCAIS E PREVIDENCIARIAS                         ; 0000000048955812,93
200505;32062580;BCO CREDIT SUISSE (BRASIL)                                  ;U;4010;0049500004;NEGOCIACAO E INTERMEDIACAO DE VALORES             ; 0000000000490439,27
200505;32062580;BCO CREDIT SUISSE (BRASIL)                                  ;U;4010;0049900006;DIVERSAS                                          ; 0000000000683686,75
200505;32062580;BCO CREDIT SUISSE (BRASIL)                                  ;U;4010;0060000002;PATRIMONIO LIQUIDO                                ; 0000000117152225,88
200505;32062580;BCO CREDIT SUISSE (BRASIL)                                  ;U;4010;0061000001;PATRIMONIO LIQUIDO                                ; 0000000117152225,88
200505;32062580;BCO CREDIT SUISSE (BRASIL)                                  ;U;4010;0061100004;CAPITAL SOCIAL                                    ; 0000000053634297,94
200505;32062580;BCO CREDIT SUISSE (BRASIL)                                  ;U;4010;0061500006;RESERVAS DE LUCROS                                ; 0000000004684430,15
200505;32062580;BCO CREDIT SUISSE (BRASIL)                                  ;U;4010;0061600009;AJUSTES DE AVALIACAO PATRIMONIAL                  ; 0000000002019152,48
200505;32062580;BCO CREDIT SUISSE (BRASIL)                                  ;U;4010;0061800005;LUCROS OU PREJUIZOS ACUMULADOS                    ; 0000000056814345,31
200505;32062580;BCO CREDIT SUISSE (BRASIL)                                  ;U;4010;0070000009;CONTAS DE RESULTADO CREDORAS                      ; 0000000183966120,14
200505;32062580;BCO CREDIT SUISSE (BRASIL)                                  ;U;4010;0071000008;RECEITAS OPERACIONAIS                             ; 0000000183957170,62
200505;32062580;BCO CREDIT SUISSE (BRASIL)                                  ;U;4010;0071400000;RENDAS DE APLICACOES INTERFINANCEIRAS DE LIQUIDEZ ; 0000000049402905,61
200505;32062580;BCO CREDIT SUISSE (BRASIL)                                  ;U;4010;0071500003;RENDAS COM TIT. E VAL. MOB. E INST. FINANC. DERIV.; 0000000125340660,62
200505;32062580;BCO CREDIT SUISSE (BRASIL)                                  ;U;4010;0071700009;RENDAS DE PRESTACAO DE SERVICOS                   ; 0000000001418935,25
200505;32062580;BCO CREDIT SUISSE (BRASIL)                                  ;U;4010;0071900005;OUTRAS RECEITAS OPERACIONAIS                      ; 0000000007794669,14
200505;32062580;BCO CREDIT SUISSE (BRASIL)                                  ;U;4010;0073000006;RECEITAS NAO OPERACIONAIS                         ; 0000000000008949,52
200505;32062580;BCO CREDIT SUISSE (BRASIL)                                  ;U;4010;0073100009;LUCROS EM TRANSACOES COM VALORES E BENS           ; 0000000000008949,52
200505;32062580;BCO CREDIT SUISSE (BRASIL)                                  ;U;4010;0080000006;(-) CONTAS DE RESULTADO DEVEDORAS                 ;-0000000128300229,48
200505;32062580;BCO CREDIT SUISSE (BRASIL)                                  ;U;4010;0081000005;(-) DESPESAS OPERACIONAIS                         ;-0000000099626377,73
200505;32062580;BCO CREDIT SUISSE (BRASIL)                                  ;U;4010;0081100008;(-) DESPESAS DE CAPTACAO                          ;-0000000070383208,79
200505;32062580;BCO CREDIT SUISSE (BRASIL)                                  ;U;4010;0081500000;(-) DESP. COM TIT. E VAL. MOB. E INST. FIN. DERIV.;-0000000020034014,38
200505;32062580;BCO CREDIT SUISSE (BRASIL)                                  ;U;4010;0081700006;(-) DESPESAS ADMINISTRATIVAS                      ;-0000000002892531,95
200505;32062580;BCO CREDIT SUISSE (BRASIL)                                  ;U;4010;0081800009;(-) APROVISIONAMENTOS E AJUSTES PATRIMONIAIS      ;-0000000000874814,72
200505;32062580;BCO CREDIT SUISSE (BRASIL)                                  ;U;4010;0081900002;(-) OUTRAS DESPESAS OPERACIONAIS                  ;-0000000005441807,89
200505;32062580;BCO CREDIT SUISSE (BRASIL)                                  ;U;4010;0089000007;(-) APURACAO DE RESULTADO                         ;-0000000028673851,75
200505;32062580;BCO CREDIT SUISSE (BRASIL)                                  ;U;4010;0089400009;(-) IMPOSTO DE RENDA                              ;-0000000028671761,75
200505;32062580;BCO CREDIT SUISSE (BRASIL)                                  ;U;4010;0089700008;(-) PARTICIPACOES NO LUCRO                        ;-0000000000002090,00
200505;32062580;BCO CREDIT SUISSE (BRASIL)                                  ;U;4010;0090000003;COMPENSACAO                                       ; 0000114734109854,06
200505;32062580;BCO CREDIT SUISSE (BRASIL)                                  ;U;4010;0090300002;TITULOS E VALORES MOBILIARIOS                     ; 0000000112612486,96
200505;32062580;BCO CREDIT SUISSE (BRASIL)                                  ;U;4010;0090400005;CUSTODIA DE VALORES                               ; 0000000000016001,49
200505;32062580;BCO CREDIT SUISSE (BRASIL)                                  ;U;4010;0090600001;NEGOCIACAO E INTERMEDIACAO DE VALORES             ; 0000000191054937,77
200505;32062580;BCO CREDIT SUISSE (BRASIL)                                  ;U;4010;0090900000;CONTROLE                                          ; 0000114282341617,04
200505;32062580;BCO CREDIT SUISSE (BRASIL)                                  ;U;4010;0091000002;CLASSIFICACAO DA CARTEIRA DE CREDITOS             ; 0000000148084810,80
200505;32062580;BCO CREDIT SUISSE (BRASIL)                                  ;U;4010;0091100005;OPERACOES DE CREDITOS E ARRENDAMENTO MERCANTIL    ; 0000000148084810,80
200505;32062580;BCO CREDIT SUISSE (BRASIL)                                  ;U;4010;0099999995;TOTAL GERAL DO PASSIVO                            ; 0000115937750728,70
200505;32109167;BCO ITAÚ CARTÕES                                            ;I;4010;0010000007;CIRCULANTE E REALIZAVEL A LONGO PRAZO             ; 0000000067041167,17
200505;32109167;BCO ITAÚ CARTÕES                                            ;I;4010;0011000006;DISPONIBILIDADES                                  ; 0000000000011176,41
200505;32109167;BCO ITAÚ CARTÕES                                            ;I;4010;0011200002;DEPOSITOS BANCARIOS                               ; 0000000000011176,41
200505;32109167;BCO ITAÚ CARTÕES                                            ;I;4010;0012000005;APLICACOES INTERFINANCEIRAS DE LIQUIDEZ           ; 0000000061495816,13
200505;32109167;BCO ITAÚ CARTÕES                                            ;I;4010;0012100008;APLICACOES EM OPERACOES COMPROMISSADAS            ; 0000000001381592,59
200505;32109167;BCO ITAÚ CARTÕES                                            ;I;4010;0012200001;APLICACOES EM DEPOSITOS INTERFINANCEIROS          ; 0000000060114223,54
200505;32109167;BCO ITAÚ CARTÕES                                            ;I;4010;0013000004;TITULOS E VAL. MOB. E INST. FINANC. DERIVATIVOS   ; 0000000000991742,49
200505;32109167;BCO ITAÚ CARTÕES                                            ;I;4010;0013100007;LIVRES                                            ; 0000000000991742,49
200505;32109167;BCO ITAÚ CARTÕES                                            ;I;4010;0018000009;OUTROS CREDITOS                                   ; 0000000004542432,14
200505;32109167;BCO ITAÚ CARTÕES                                            ;I;4010;0018800003;DIVERSOS                                          ; 0000000004542432,14
200505;32109167;BCO ITAÚ CARTÕES                                            ;I;4010;0020000004;PERMANENTE                                        ; 0000000023240541,47
200505;32109167;BCO ITAÚ CARTÕES                                            ;I;4010;0021000003;INVESTIMENTOS                                     ; 0000000023240541,47
200505;32109167;BCO ITAÚ CARTÕES                                            ;I;4010;0021200009;PARTICIPACOES EM COLIGADAS E CONTROLADAS NO PAIS  ; 0000000023163827,95
200505;32109167;BCO ITAÚ CARTÕES                                            ;I;4010;0021300002;INVESTIMENTOS POR INCENTIVOS FISCAIS              ; 0000000000074723,32
200505;32109167;BCO ITAÚ CARTÕES                                            ;I;4010;0021400005;TITULOS PATRIMONIAIS                              ; 0000000000001500,00
200505;32109167;BCO ITAÚ CARTÕES                                            ;I;4010;0021900000;OUTROS INVESTIMENTOS                              ; 0000000000000490,20
200505;32109167;BCO ITAÚ CARTÕES                                            ;I;4010;0030000001;COMPENSACAO                                       ; 0000000085110429,85
200505;32109167;BCO ITAÚ CARTÕES                                            ;I;4010;0030100004;COOBRIGACOES E RISCOS EM GARANTIAS PRESTADAS      ; 0000000007592741,29
200505;32109167;BCO ITAÚ CARTÕES                                            ;I;4010;0030300000;TITULOS E VALORES MOBILIARIOS                     ; 0000000001983484,98
200505;32109167;BCO ITAÚ CARTÕES                                            ;I;4010;0030400003;CUSTODIA DE VALORES                               ; 0000000064128645,66
200505;32109167;BCO ITAÚ CARTÕES                                            ;I;4010;0030900008;CONTROLE                                          ; 0000000011405557,92
200505;32109167;BCO ITAÚ CARTÕES                                            ;I;4010;0039999993;TOTAL GERAL DO ATIVO                              ; 0000000175392138,49
200505;32109167;BCO ITAÚ CARTÕES                                            ;I;4010;0040000008;CIRCULANTE EXIGIVEL A LONGO PRAZO                 ; 0000000003440823,57
200505;32109167;BCO ITAÚ CARTÕES                                            ;I;4010;0049000009;OUTRAS OBRIGACOES                                 ; 0000000003440823,57
200505;32109167;BCO ITAÚ CARTÕES                                            ;I;4010;0049300008;SOCIAIS E ESTATUTARIAS                            ; 0000000000093333,32
200505;32109167;BCO ITAÚ CARTÕES                                            ;I;4010;0049400001;FISCAIS E PREVIDENCIARIAS                         ; 0000000003288281,27
200505;32109167;BCO ITAÚ CARTÕES                                            ;I;4010;0049900006;DIVERSAS                                          ; 0000000000059208,98
200505;32109167;BCO ITAÚ CARTÕES                                            ;I;4010;0060000002;PATRIMONIO LIQUIDO                                ; 0000000083246975,03
200505;32109167;BCO ITAÚ CARTÕES                                            ;I;4010;0061000001;PATRIMONIO LIQUIDO                                ; 0000000083246975,03
200505;32109167;BCO ITAÚ CARTÕES                                            ;I;4010;0061100004;CAPITAL SOCIAL                                    ; 0000000059000000,00
200505;32109167;BCO ITAÚ CARTÕES                                            ;I;4010;0061300000;RESERVAS DE CAPITAL                               ; 0000000000524460,53
200505;32109167;BCO ITAÚ CARTÕES                                            ;I;4010;0061500006;RESERVAS DE LUCROS                                ; 0000000023722404,88
200505;32109167;BCO ITAÚ CARTÕES                                            ;I;4010;0061600009;AJUSTES DE AVALIACAO PATRIMONIAL                  ; 0000000000000109,62
200505;32109167;BCO ITAÚ CARTÕES                                            ;I;4010;0070000009;CONTAS DE RESULTADO CREDORAS                      ; 0000000006847129,02
200505;32109167;BCO ITAÚ CARTÕES                                            ;I;4010;0071000008;RECEITAS OPERACIONAIS                             ; 0000000006847129,02
200505;32109167;BCO ITAÚ CARTÕES                                            ;I;4010;0071400000;RENDAS DE APLICACOES INTERFINANCEIRAS DE LIQUIDEZ ; 0000000004360892,10
200505;32109167;BCO ITAÚ CARTÕES                                            ;I;4010;0071500003;RENDAS COM TIT. E VAL. MOB. E INST. FINANC. DERIV.; 0000000000068489,24
200505;32109167;BCO ITAÚ CARTÕES                                            ;I;4010;0071800002;RENDAS DE PARTICIPACOES                           ; 0000000000852311,94
200505;32109167;BCO ITAÚ CARTÕES                                            ;I;4010;0071900005;OUTRAS RECEITAS OPERACIONAIS                      ; 0000000001565435,74
200505;32109167;BCO ITAÚ CARTÕES                                            ;I;4010;0080000006;(-) CONTAS DE RESULTADO DEVEDORAS                 ;-0000000003253218,98
200505;32109167;BCO ITAÚ CARTÕES                                            ;I;4010;0081000005;(-) DESPESAS OPERACIONAIS                         ;-0000000001615891,32
200505;32109167;BCO ITAÚ CARTÕES                                            ;I;4010;0081500000;(-) DESP. COM TIT. E VAL. MOB. E INST. FIN. DERIV.;-0000000000000089,54
200505;32109167;BCO ITAÚ CARTÕES                                            ;I;4010;0081700006;(-) DESPESAS ADMINISTRATIVAS                      ;-0000000000786324,56
200505;32109167;BCO ITAÚ CARTÕES                                            ;I;4010;0081900002;(-) OUTRAS DESPESAS OPERACIONAIS                  ;-0000000000829477,22
200505;32109167;BCO ITAÚ CARTÕES                                            ;I;4010;0083000003;(-) DESPESAS NAO OPERACIONAIS                     ;-0000000000003365,42
200505;32109167;BCO ITAÚ CARTÕES                                            ;I;4010;0083900000;(-) OUTRAS DESPESAS NAO OPERACIONAIS              ;-0000000000003365,42
200505;32109167;BCO ITAÚ CARTÕES                                            ;I;4010;0089000007;(-) APURACAO DE RESULTADO                         ;-0000000001633962,24
200505;32109167;BCO ITAÚ CARTÕES                                            ;I;4010;0089400009;(-) IMPOSTO DE RENDA                              ;-0000000001503295,58
200505;32109167;BCO ITAÚ CARTÕES                                            ;I;4010;0089700008;(-) PARTICIPACOES NO LUCRO                        ;-0000000000130666,66
200505;32109167;BCO ITAÚ CARTÕES                                            ;I;4010;0090000003;COMPENSACAO                                       ; 0000000085110429,85
200505;32109167;BCO ITAÚ CARTÕES                                            ;I;4010;0090100006;COOBRIGACOES E RISCOS EM GARANTIAS PRESTADAS      ; 0000000007592741,29
200505;32109167;BCO ITAÚ CARTÕES                                            ;I;4010;0090300002;TITULOS E VALORES MOBILIARIOS                     ; 0000000001983484,98
200505;32109167;BCO ITAÚ CARTÕES                                            ;I;4010;0090400005;CUSTODIA DE VALORES                               ; 0000000064128645,66
200505;32109167;BCO ITAÚ CARTÕES                                            ;I;4010;0090900000;CONTROLE                                          ; 0000000011405557,92
200505;32109167;BCO ITAÚ CARTÕES                                            ;I;4010;0099999995;TOTAL GERAL DO PASSIVO                            ; 0000000175392138,49
200505;32173023;BCO RURAL DE INVESTIMENTO S.A.                              ;I;4010;0010000007;CIRCULANTE E REALIZAVEL A LONGO PRAZO             ; 0000000047077137,16
200505;32173023;BCO RURAL DE INVESTIMENTO S.A.                              ;I;4010;0011000006;DISPONIBILIDADES                                  ; 0000000000003431,17
200505;32173023;BCO RURAL DE INVESTIMENTO S.A.                              ;I;4010;0011200002;DEPOSITOS BANCARIOS                               ; 0000000000003431,17
200505;32173023;BCO RURAL DE INVESTIMENTO S.A.                              ;I;4010;0012000005;APLICACOES INTERFINANCEIRAS DE LIQUIDEZ           ; 0000000000919656,91
200505;32173023;BCO RURAL DE INVESTIMENTO S.A.                              ;I;4010;0012200001;APLICACOES EM DEPOSITOS INTERFINANCEIROS          ; 0000000000919656,91
200505;32173023;BCO RURAL DE INVESTIMENTO S.A.                              ;I;4010;0018000009;OUTROS CREDITOS                                   ; 0000000046154049,08
200505;32173023;BCO RURAL DE INVESTIMENTO S.A.                              ;I;4010;0018300008;RENDAS A RECEBER                                  ; 0000000002512113,59
200505;32173023;BCO RURAL DE INVESTIMENTO S.A.                              ;I;4010;0018800003;DIVERSOS                                          ; 0000000043692218,79
200505;32173023;BCO RURAL DE INVESTIMENTO S.A.                              ;I;4010;0018900006;(-) PROVISOES PARA OUTROS CREDITOS                ;-0000000000050283,30
200505;32173023;BCO RURAL DE INVESTIMENTO S.A.                              ;I;4010;0020000004;PERMANENTE                                        ; 0000000094443079,56
200505;32173023;BCO RURAL DE INVESTIMENTO S.A.                              ;I;4010;0021000003;INVESTIMENTOS                                     ; 0000000094443079,56
200505;32173023;BCO RURAL DE INVESTIMENTO S.A.                              ;I;4010;0021200009;PARTICIPACOES EM COLIGADAS E CONTROLADAS NO PAIS  ; 0000000094417573,90
200505;32173023;BCO RURAL DE INVESTIMENTO S.A.                              ;I;4010;0021300002;INVESTIMENTOS POR INCENTIVOS FISCAIS              ; 0000000000001211,16
200505;32173023;BCO RURAL DE INVESTIMENTO S.A.                              ;I;4010;0021400005;TITULOS PATRIMONIAIS                              ; 0000000000004000,00
200505;32173023;BCO RURAL DE INVESTIMENTO S.A.                              ;I;4010;0021900000;OUTROS INVESTIMENTOS                              ; 0000000000020294,50
200505;32173023;BCO RURAL DE INVESTIMENTO S.A.                              ;I;4010;0030000001;COMPENSACAO                                       ; 0000000003490500,00
200505;32173023;BCO RURAL DE INVESTIMENTO S.A.                              ;I;4010;0030900008;CONTROLE                                          ; 0000000003490500,00
200505;32173023;BCO RURAL DE INVESTIMENTO S.A.                              ;I;4010;0039999993;TOTAL GERAL DO ATIVO                              ; 0000000145010716,72
200505;32173023;BCO RURAL DE INVESTIMENTO S.A.                              ;I;4010;0040000008;CIRCULANTE EXIGIVEL A LONGO PRAZO                 ; 0000000000402409,99
200505;32173023;BCO RURAL DE INVESTIMENTO S.A.                              ;I;4010;0049000009;OUTRAS OBRIGACOES                                 ; 0000000000402409,99
200505;32173023;BCO RURAL DE INVESTIMENTO S.A.                              ;I;4010;0049400001;FISCAIS E PREVIDENCIARIAS                         ; 0000000000006359,99
200505;32173023;BCO RURAL DE INVESTIMENTO S.A.                              ;I;4010;0049900006;DIVERSAS                                          ; 0000000000396050,00
200505;32173023;BCO RURAL DE INVESTIMENTO S.A.                              ;I;4010;0060000002;PATRIMONIO LIQUIDO                                ; 0000000140095505,95
200505;32173023;BCO RURAL DE INVESTIMENTO S.A.                              ;I;4010;0061000001;PATRIMONIO LIQUIDO                                ; 0000000140095505,95
200505;32173023;BCO RURAL DE INVESTIMENTO S.A.                              ;I;4010;0061100004;CAPITAL SOCIAL                                    ; 0000000086500000,00
200505;32173023;BCO RURAL DE INVESTIMENTO S.A.                              ;I;4010;0061300000;RESERVAS DE CAPITAL                               ; 0000000002578524,39
200505;32173023;BCO RURAL DE INVESTIMENTO S.A.                              ;I;4010;0061500006;RESERVAS DE LUCROS                                ; 0000000004065467,43
200505;32173023;BCO RURAL DE INVESTIMENTO S.A.                              ;I;4010;0061800005;LUCROS OU PREJUIZOS ACUMULADOS                    ; 0000000046951514,13
200505;32173023;BCO RURAL DE INVESTIMENTO S.A.                              ;I;4010;0070000009;CONTAS DE RESULTADO CREDORAS                      ; 0000000003871615,05
200505;32173023;BCO RURAL DE INVESTIMENTO S.A.                              ;I;4010;0071000008;RECEITAS OPERACIONAIS                             ; 0000000003871615,05
200505;32173023;BCO RURAL DE INVESTIMENTO S.A.                              ;I;4010;0071400000;RENDAS DE APLICACOES INTERFINANCEIRAS DE LIQUIDEZ ; 0000000000089791,79
200505;32173023;BCO RURAL DE INVESTIMENTO S.A.                              ;I;4010;0071800002;RENDAS DE PARTICIPACOES                           ; 0000000003724887,02
200505;32173023;BCO RURAL DE INVESTIMENTO S.A.                              ;I;4010;0071900005;OUTRAS RECEITAS OPERACIONAIS                      ; 0000000000056936,24
200505;32173023;BCO RURAL DE INVESTIMENTO S.A.                              ;I;4010;0080000006;(-) CONTAS DE RESULTADO DEVEDORAS                 ;-0000000002849314,27
200505;32173023;BCO RURAL DE INVESTIMENTO S.A.                              ;I;4010;0081000005;(-) DESPESAS OPERACIONAIS                         ;-0000000002844645,57
200505;32173023;BCO RURAL DE INVESTIMENTO S.A.                              ;I;4010;0081600003;(-) DESPESAS DE PARTICIPACOES                     ;-0000000002717219,07
200505;32173023;BCO RURAL DE INVESTIMENTO S.A.                              ;I;4010;0081700006;(-) DESPESAS ADMINISTRATIVAS                      ;-0000000000120620,54
200505;32173023;BCO RURAL DE INVESTIMENTO S.A.                              ;I;4010;0081900002;(-) OUTRAS DESPESAS OPERACIONAIS                  ;-0000000000006805,96
200505;32173023;BCO RURAL DE INVESTIMENTO S.A.                              ;I;4010;0089000007;(-) APURACAO DE RESULTADO                         ;-0000000000004668,70
200505;32173023;BCO RURAL DE INVESTIMENTO S.A.                              ;I;4010;0089400009;(-) IMPOSTO DE RENDA                              ;-0000000000004668,70
200505;32173023;BCO RURAL DE INVESTIMENTO S.A.                              ;I;4010;0090000003;COMPENSACAO                                       ; 0000000003490500,00
200505;32173023;BCO RURAL DE INVESTIMENTO S.A.                              ;I;4010;0090900000;CONTROLE                                          ; 0000000003490500,00
200505;32173023;BCO RURAL DE INVESTIMENTO S.A.                              ;I;4010;0099999995;TOTAL GERAL DO PASSIVO                            ; 0000000145010716,72
200505;32254138;BCO BVA S.A.                                                ;U;4010;0010000007;CIRCULANTE E REALIZAVEL A LONGO PRAZO             ; 0000000477394390,52
200505;32254138;BCO BVA S.A.                                                ;U;4010;0011000006;DISPONIBILIDADES                                  ; 0000000001185319,84
200505;32254138;BCO BVA S.A.                                                ;U;4010;0011100009;CAIXA                                             ; 0000000000093022,58
200505;32254138;BCO BVA S.A.                                                ;U;4010;0011300005;RESERVAS LIVRES                                   ; 0000000000650255,25
200505;32254138;BCO BVA S.A.                                                ;U;4010;0011500001;DISPONIBILIDADES EM MOEDAS ESTRANGEIRAS           ; 0000000000442042,01
200505;32254138;BCO BVA S.A.                                                ;U;4010;0012000005;APLICACOES INTERFINANCEIRAS DE LIQUIDEZ           ; 0000000004100882,50
200505;32254138;BCO BVA S.A.                                                ;U;4010;0012100008;APLICACOES EM OPERACOES COMPROMISSADAS            ; 0000000003199994,44
200505;32254138;BCO BVA S.A.                                                ;U;4010;0012200001;APLICACOES EM DEPOSITOS INTERFINANCEIROS          ; 0000000000900888,06
200505;32254138;BCO BVA S.A.                                                ;U;4010;0013000004;TITULOS E VAL. MOB. E INST. FINANC. DERIVATIVOS   ; 0000000022405154,15
200505;32254138;BCO BVA S.A.                                                ;U;4010;0013100007;LIVRES                                            ; 0000000014406964,82
200505;32254138;BCO BVA S.A.                                                ;U;4010;0013200000;VINCULADOS A OPERACOES COMPROMISSADAS             ; 0000000005000155,74
200505;32254138;BCO BVA S.A.                                                ;U;4010;0013300003;INSTRUMENTOS FINANCEIROS DERIVATIVOS              ; 0000000002427789,43
200505;32254138;BCO BVA S.A.                                                ;U;4010;0013600002;VINCULADOS A PRESTACAO DE GARANTIAS               ; 0000000000570244,16
200505;32254138;BCO BVA S.A.                                                ;U;4010;0014000003;RELACOES INTERFINANCEIRAS                         ; 0000000000266734,34
200505;32254138;BCO BVA S.A.                                                ;U;4010;0014100006;DIREITOS JUNTO A PARTIC. DE SISTEMAS DE LIQUIDAÇÃO; 0000000000185374,19
200505;32254138;BCO BVA S.A.                                                ;U;4010;0014400005;RELACOES COM CORRESPONDENTES                      ; 0000000000081360,15
200505;32254138;BCO BVA S.A.                                                ;U;4010;0015000002;RELACOES INTERDEPENDENCIAS                        ; 0000000000903136,38
200505;32254138;BCO BVA S.A.                                                ;U;4010;0015200008;TRANSFERENCIAS INTERNAS DE RECURSOS               ; 0000000000903136,38
200505;32254138;BCO BVA S.A.                                                ;U;4010;0016000001;OPERACOES DE CREDITO                              ; 0000000386752474,83
200505;32254138;BCO BVA S.A.                                                ;U;4010;0016100004;EMPRESTIMOS E TITULOS DESCONTADOS                 ; 0000000134524500,08
200505;32254138;BCO BVA S.A.                                                ;U;4010;0016200007;FINANCIAMENTOS                                    ; 0000000282531332,10
200505;32254138;BCO BVA S.A.                                                ;U;4010;0016900008;(-) PROVISOES PARA OPERACOES DE CREDITO           ;-0000000030303357,35
200505;32254138;BCO BVA S.A.                                                ;U;4010;0018000009;OUTROS CREDITOS                                   ; 0000000024850809,59
200505;32254138;BCO BVA S.A.                                                ;U;4010;0018300008;RENDAS A RECEBER                                  ; 0000000000652838,87
200505;32254138;BCO BVA S.A.                                                ;U;4010;0018400001;NEGOCIACAO E INTERMEDIACAO DE VALORES             ; 0000000000000193,96
200505;32254138;BCO BVA S.A.                                                ;U;4010;0018800003;DIVERSOS                                          ; 0000000024266240,37
200505;32254138;BCO BVA S.A.                                                ;U;4010;0018900006;(-) PROVISOES PARA OUTROS CREDITOS                ;-0000000000068463,61
200505;32254138;BCO BVA S.A.                                                ;U;4010;0019000008;OUTROS VALORES E BENS                             ; 0000000036929878,89
200505;32254138;BCO BVA S.A.                                                ;U;4010;0019800002;OUTROS VALORES E BENS                             ; 0000000036929878,89
200505;32254138;BCO BVA S.A.                                                ;U;4010;0020000004;PERMANENTE                                        ; 0000000067679335,67
200505;32254138;BCO BVA S.A.                                                ;U;4010;0021000003;INVESTIMENTOS                                     ; 0000000065919244,59
200505;32254138;BCO BVA S.A.                                                ;U;4010;0021200009;PARTICIPACOES EM COLIGADAS E CONTROLADAS NO PAIS  ; 0000000065897515,91
200505;32254138;BCO BVA S.A.                                                ;U;4010;0021300002;INVESTIMENTOS POR INCENTIVOS FISCAIS              ; 0000000000007765,96
200505;32254138;BCO BVA S.A.                                                ;U;4010;0021400005;TITULOS PATRIMONIAIS                              ; 0000000000011526,17
200505;32254138;BCO BVA S.A.                                                ;U;4010;0021900000;OUTROS INVESTIMENTOS                              ; 0000000000002436,55
200505;32254138;BCO BVA S.A.                                                ;U;4010;0022000002;IMOBILIZADO DE USO                                ; 0000000000664370,44
200505;32254138;BCO BVA S.A.                                                ;U;4010;0022400004;INSTALACOES, MOVEIS E EQUIPAMENTOS DE USO         ; 0000000000452765,90
200505;32254138;BCO BVA S.A.                                                ;U;4010;0022900009;OUTROS                                            ; 0000000000211604,54
200505;32254138;BCO BVA S.A.                                                ;U;4010;0024000000;DIFERIDO                                          ; 0000000001095720,64
200505;32254138;BCO BVA S.A.                                                ;U;4010;0024100003;GASTOS DE ORGANIZACAO E EXPANSAO                  ; 0000000001095720,64
200505;32254138;BCO BVA S.A.                                                ;U;4010;0030000001;COMPENSACAO                                       ; 0000001926947398,57
200505;32254138;BCO BVA S.A.                                                ;U;4010;0030100004;COOBRIGACOES E RISCOS EM GARANTIAS PRESTADAS      ; 0000000097506478,54
200505;32254138;BCO BVA S.A.                                                ;U;4010;0030300000;TITULOS E VALORES MOBILIARIOS                     ; 0000000039954729,44
200505;32254138;BCO BVA S.A.                                                ;U;4010;0030400003;CUSTODIA DE VALORES                               ; 0000000175983080,02
200505;32254138;BCO BVA S.A.                                                ;U;4010;0030500006;COBRANCA                                          ; 0000000304560061,29
200505;32254138;BCO BVA S.A.                                                ;U;4010;0030600009;NEGOCIACAO E INTERMEDIACAO DE VALORES             ; 0000000087707429,51
200505;32254138;BCO BVA S.A.                                                ;U;4010;0030800005;CONTRATOS                                         ; 0000000009181019,17
200505;32254138;BCO BVA S.A.                                                ;U;4010;0030900008;CONTROLE                                          ; 0000000787117015,85
200505;32254138;BCO BVA S.A.                                                ;U;4010;0031000000;CLASSIFICACAO DA CARTEIRA DE CREDITOS             ; 0000000424937584,75
200505;32254138;BCO BVA S.A.                                                ;U;4010;0031100003;OPERACOES DE RISCO NIVEL AA                       ; 0000000129932143,84
200505;32254138;BCO BVA S.A.                                                ;U;4010;0031200006;OPERACOES DE RISCO NIVEL A                        ; 0000000074722639,57
200505;32254138;BCO BVA S.A.                                                ;U;4010;0031300009;OPERACOES DE RISCO NIVELB                         ; 0000000051422229,98
200505;32254138;BCO BVA S.A.                                                ;U;4010;0031400002;OPERACOES DE RISCO NIVELC                         ; 0000000064965138,61
200505;32254138;BCO BVA S.A.                                                ;U;4010;0031500005;OPERACOES DE RISCO NIVEL D                        ; 0000000062904740,19
200505;32254138;BCO BVA S.A.                                                ;U;4010;0031600008;OPERACOES DE RISCO NIVEL E                        ; 0000000014468016,28
200505;32254138;BCO BVA S.A.                                                ;U;4010;0031700001;OPERACOES DE RISCO NIVEL F                        ; 0000000017431720,09
200505;32254138;BCO BVA S.A.                                                ;U;4010;0031800004;OPERACOES DE RISCO NIVEL G                        ; 0000000003008878,56
200505;32254138;BCO BVA S.A.                                                ;U;4010;0031900007;OPERACOES DE RISCO NIVEL H                        ; 0000000006082077,63
200505;32254138;BCO BVA S.A.                                                ;U;4010;0039999993;TOTAL GERAL DO ATIVO                              ; 0000002472021124,76
200505;32254138;BCO BVA S.A.                                                ;U;4010;0040000008;CIRCULANTE EXIGIVEL A LONGO PRAZO                 ; 0000000407439097,37
200505;32254138;BCO BVA S.A.                                                ;U;4010;0041000007;DEPOSITOS                                         ; 0000000106448375,52
200505;32254138;BCO BVA S.A.                                                ;U;4010;0041100000;DEPOSITOS A VISTA                                 ; 0000000002693649,43
200505;32254138;BCO BVA S.A.                                                ;U;4010;0041300006;DEPOSITOS INTERFINANCEIROS                        ; 0000000003877837,68
200505;32254138;BCO BVA S.A.                                                ;U;4010;0041500002;DEPOSITOS A PRAZO                                 ; 0000000099871928,45
200505;32254138;BCO BVA S.A.                                                ;U;4010;0041900004;OUTROS DEPOSITOS                                  ; 0000000000004959,96
200505;32254138;BCO BVA S.A.                                                ;U;4010;0042000006;OBRIGACOES POR OPERACOES COMPROMISSADAS           ; 0000000005000155,74
200505;32254138;BCO BVA S.A.                                                ;U;4010;0042100009;CARTEIRA PROPRIA                                  ; 0000000005000155,74
200505;32254138;BCO BVA S.A.                                                ;U;4010;0044000004;RELACOES INTERFINANCEIRAS                         ; 0000000000232702,01
200505;32254138;BCO BVA S.A.                                                ;U;4010;0044100007;OBRIGAÇÕES JUNTO A PARTIC. DE SIST. DE LIQUIDACÃO ; 0000000000232702,01
200505;32254138;BCO BVA S.A.                                                ;U;4010;0045000003;RELACOES INTERDEPENDENCIAS                        ; 0000000000928788,92
200505;32254138;BCO BVA S.A.                                                ;U;4010;0045100006;RECURSOS EM TRANSITO DE TERCEIROS                 ; 0000000000025649,54
200505;32254138;BCO BVA S.A.                                                ;U;4010;0045200009;TRANSFERENCIAS INTERNAS DE RECURSOS               ; 0000000000903139,38
200505;32254138;BCO BVA S.A.                                                ;U;4010;0046000002;OBRIGACOES POR EMPRESTIMOS E REPASSES             ; 0000000274187578,28
200505;32254138;BCO BVA S.A.                                                ;U;4010;0046400004;REPASSES DO PAIS - INSTITUICOES OFICIAIS          ; 0000000274187578,28
200505;32254138;BCO BVA S.A.                                                ;U;4010;0047000001;INSTRUMENTOS FINANCEIROS DERIVATIVOS              ; 0000000000210380,93
200505;32254138;BCO BVA S.A.                                                ;U;4010;0047100004;INSTRUMENTOS FINANCEIROS DERIVATIVOS              ; 0000000000210380,93
200505;32254138;BCO BVA S.A.                                                ;U;4010;0049000009;OUTRAS OBRIGACOES                                 ; 0000000020431115,97
200505;32254138;BCO BVA S.A.                                                ;U;4010;0049400001;FISCAIS E PREVIDENCIARIAS                         ; 0000000017586959,18
200505;32254138;BCO BVA S.A.                                                ;U;4010;0049500004;NEGOCIACAO E INTERMEDIACAO DE VALORES             ; 0000000000605059,74
200505;32254138;BCO BVA S.A.                                                ;U;4010;0049900006;DIVERSAS                                          ; 0000000002239097,05
200505;32254138;BCO BVA S.A.                                                ;U;4010;0050000005;RESULTADOS DE EXERCICIOS FUTUROS                  ; 0000000001465544,41
200505;32254138;BCO BVA S.A.                                                ;U;4010;0051000004;RECEITAS DE EXERCICIOS FUTUROS                    ; 0000000001465544,41
200505;32254138;BCO BVA S.A.                                                ;U;4010;0051100007;RECEITAS DE EXERCICIOS FUTUROS                    ; 0000000001465544,41
200505;32254138;BCO BVA S.A.                                                ;U;4010;0060000002;PATRIMONIO LIQUIDO                                ; 0000000137791633,82
200505;32254138;BCO BVA S.A.                                                ;U;4010;0061000001;PATRIMONIO LIQUIDO                                ; 0000000137791633,82
200505;32254138;BCO BVA S.A.                                                ;U;4010;0061100004;CAPITAL SOCIAL                                    ; 0000000071233222,00
200505;32254138;BCO BVA S.A.                                                ;U;4010;0061400003;RESERVAS DE REAVALIACAO                           ; 0000000016376808,47
200505;32254138;BCO BVA S.A.                                                ;U;4010;0061500006;RESERVAS DE LUCROS                                ; 0000000003513018,01
200505;32254138;BCO BVA S.A.                                                ;U;4010;0061800005;LUCROS OU PREJUIZOS ACUMULADOS                    ; 0000000046668585,34
200505;32254138;BCO BVA S.A.                                                ;U;4010;0070000009;CONTAS DE RESULTADO CREDORAS                      ; 0000000052760372,49
200505;32254138;BCO BVA S.A.                                                ;U;4010;0071000008;RECEITAS OPERACIONAIS                             ; 0000000052760372,49
200505;32254138;BCO BVA S.A.                                                ;U;4010;0071100001;RENDAS DE OPERACOES DE CREDITO                    ; 0000000035689168,01
200505;32254138;BCO BVA S.A.                                                ;U;4010;0071300007;RENDAS DE CAMBIO                                  ; 0000000000653834,60
200505;32254138;BCO BVA S.A.                                                ;U;4010;0071400000;RENDAS DE APLICACOES INTERFINANCEIRAS DE LIQUIDEZ ; 0000000000797334,34
200505;32254138;BCO BVA S.A.                                                ;U;4010;0071500003;RENDAS COM TIT. E VAL. MOB. E INST. FINANC. DERIV.; 0000000010761555,53
200505;32254138;BCO BVA S.A.                                                ;U;4010;0071700009;RENDAS DE PRESTACAO DE SERVICOS                   ; 0000000000196681,03
200505;32254138;BCO BVA S.A.                                                ;U;4010;0071800002;RENDAS DE PARTICIPACOES                           ; 0000000000958384,62
200505;32254138;BCO BVA S.A.                                                ;U;4010;0071900005;OUTRAS RECEITAS OPERACIONAIS                      ; 0000000003703414,36
200505;32254138;BCO BVA S.A.                                                ;U;4010;0080000006;(-) CONTAS DE RESULTADO DEVEDORAS                 ;-0000000054382921,90
200505;32254138;BCO BVA S.A.                                                ;U;4010;0081000005;(-) DESPESAS OPERACIONAIS                         ;-0000000053711068,42
200505;32254138;BCO BVA S.A.                                                ;U;4010;0081100008;(-) DESPESAS DE CAPTACAO                          ;-0000000014740986,66
200505;32254138;BCO BVA S.A.                                                ;U;4010;0081200001;(-) DESP DE OBRIGACOES POR EMPRESTIMOS E REPASSES ;-0000000010591083,43
200505;32254138;BCO BVA S.A.                                                ;U;4010;0081400007;(-) DESPESAS DE CAMBIO                            ;-0000000000587244,52
200505;32254138;BCO BVA S.A.                                                ;U;4010;0081500000;(-) DESP. COM TIT. E VAL. MOB. E INST. FIN. DERIV.;-0000000001973350,10
200505;32254138;BCO BVA S.A.                                                ;U;4010;0081700006;(-) DESPESAS ADMINISTRATIVAS                      ;-0000000011538733,51
200505;32254138;BCO BVA S.A.                                                ;U;4010;0081800009;(-) APROVISIONAMENTOS E AJUSTES PATRIMONIAIS      ;-0000000009090948,87
200505;32254138;BCO BVA S.A.                                                ;U;4010;0081900002;(-) OUTRAS DESPESAS OPERACIONAIS                  ;-0000000005188721,33
200505;32254138;BCO BVA S.A.                                                ;U;4010;0083000003;(-) DESPESAS NAO OPERACIONAIS                     ;-0000000001000828,22
200505;32254138;BCO BVA S.A.                                                ;U;4010;0083100006;(-) PREJUIZOS EM TRANSACOES COM VALORES E BENS    ;-0000000001000828,22
200505;32254138;BCO BVA S.A.                                                ;U;4010;0089000007;(-) APURACAO DE RESULTADO                         ; 0000000000328974,74
200505;32254138;BCO BVA S.A.                                                ;U;4010;0089400009;(-) IMPOSTO DE RENDA                              ; 0000000000787049,86
200505;32254138;BCO BVA S.A.                                                ;U;4010;0089700008;(-) PARTICIPACOES NO LUCRO                        ;-0000000000458075,12
200505;32254138;BCO BVA S.A.                                                ;U;4010;0090000003;COMPENSACAO                                       ; 0000001926947398,57
200505;32254138;BCO BVA S.A.                                                ;U;4010;0090100006;COOBRIGACOES E RISCOS EM GARANTIAS PRESTADAS      ; 0000000097506478,54
200505;32254138;BCO BVA S.A.                                                ;U;4010;0090300002;TITULOS E VALORES MOBILIARIOS                     ; 0000000039954729,44
200505;32254138;BCO BVA S.A.                                                ;U;4010;0090400005;CUSTODIA DE VALORES                               ; 0000000175983080,02
200505;32254138;BCO BVA S.A.                                                ;U;4010;0090500008;COBRANCA                                          ; 0000000304560061,29
200505;32254138;BCO BVA S.A.                                                ;U;4010;0090600001;NEGOCIACAO E INTERMEDIACAO DE VALORES             ; 0000000087707429,51
200505;32254138;BCO BVA S.A.                                                ;U;4010;0090800007;CONTRATOS                                         ; 0000000009181019,17
200505;32254138;BCO BVA S.A.                                                ;U;4010;0090900000;CONTROLE                                          ; 0000000787117015,85
200505;32254138;BCO BVA S.A.                                                ;U;4010;0091000002;CLASSIFICACAO DA CARTEIRA DE CREDITOS             ; 0000000424937584,75
200505;32254138;BCO BVA S.A.                                                ;U;4010;0091100005;OPERACOES DE CREDITOS E ARRENDAMENTO MERCANTIL    ; 0000000424937584,75
200505;32254138;BCO BVA S.A.                                                ;U;4010;0099999995;TOTAL GERAL DO PASSIVO                            ; 0000002472021124,76
200505;33042151;BCO LA NACION ARGENTINA                                     ;B;4010;0010000007;CIRCULANTE E REALIZAVEL A LONGO PRAZO             ; 0000000036901324,61
200505;33042151;BCO LA NACION ARGENTINA                                     ;B;4010;0011000006;DISPONIBILIDADES                                  ; 0000000002732512,77
200505;33042151;BCO LA NACION ARGENTINA                                     ;B;4010;0011100009;CAIXA                                             ; 0000000000101709,66
200505;33042151;BCO LA NACION ARGENTINA                                     ;B;4010;0011200002;DEPOSITOS BANCARIOS                               ; 0000000000001915,45
200505;33042151;BCO LA NACION ARGENTINA                                     ;B;4010;0011300005;RESERVAS LIVRES                                   ; 0000000000060000,00
200505;33042151;BCO LA NACION ARGENTINA                                     ;B;4010;0011500001;DISPONIBILIDADES EM MOEDAS ESTRANGEIRAS           ; 0000000002568887,66
200505;33042151;BCO LA NACION ARGENTINA                                     ;B;4010;0012000005;APLICACOES INTERFINANCEIRAS DE LIQUIDEZ           ; 0000000000252109,68
200505;33042151;BCO LA NACION ARGENTINA                                     ;B;4010;0012200001;APLICACOES EM DEPOSITOS INTERFINANCEIROS          ; 0000000000252109,68
200505;33042151;BCO LA NACION ARGENTINA                                     ;B;4010;0013000004;TITULOS E VAL. MOB. E INST. FINANC. DERIVATIVOS   ; 0000000003300626,46
200505;33042151;BCO LA NACION ARGENTINA                                     ;B;4010;0013100007;LIVRES                                            ; 0000000002999502,74
200505;33042151;BCO LA NACION ARGENTINA                                     ;B;4010;0013200000;VINCULADOS A OPERACOES COMPROMISSADAS             ; 0000000000301123,72
200505;33042151;BCO LA NACION ARGENTINA                                     ;B;4010;0014000003;RELACOES INTERFINANCEIRAS                         ; 0000000005287012,95
200505;33042151;BCO LA NACION ARGENTINA                                     ;B;4010;0014100006;DIREITOS JUNTO A PARTIC. DE SISTEMAS DE LIQUIDAÇÃO; 0000000000003472,00
200505;33042151;BCO LA NACION ARGENTINA                                     ;B;4010;0014200009;CREDITOS VINCULADOS                               ; 0000000000256201,03
200505;33042151;BCO LA NACION ARGENTINA                                     ;B;4010;0014300002;REPASSES INTERFINANCEIROS                         ; 0000000005027339,92
200505;33042151;BCO LA NACION ARGENTINA                                     ;B;4010;0016000001;OPERACOES DE CREDITO                              ; 0000000017859722,49
200505;33042151;BCO LA NACION ARGENTINA                                     ;B;4010;0016100004;EMPRESTIMOS E TITULOS DESCONTADOS                 ; 0000000005432128,57
200505;33042151;BCO LA NACION ARGENTINA                                     ;B;4010;0016200007;FINANCIAMENTOS                                    ; 0000000013054168,37
200505;33042151;BCO LA NACION ARGENTINA                                     ;B;4010;0016900008;(-) PROVISOES PARA OPERACOES DE CREDITO           ;-0000000000626574,45
200505;33042151;BCO LA NACION ARGENTINA                                     ;B;4010;0018000009;OUTROS CREDITOS                                   ; 0000000007453152,11
200505;33042151;BCO LA NACION ARGENTINA                                     ;B;4010;0018200005;CARTEIRA DE CAMBIO                                ; 0000000006796681,74
200505;33042151;BCO LA NACION ARGENTINA                                     ;B;4010;0018300008;RENDAS A RECEBER                                  ; 0000000000001918,15
200505;33042151;BCO LA NACION ARGENTINA                                     ;B;4010;0018800003;DIVERSOS                                          ; 0000000000748708,06
200505;33042151;BCO LA NACION ARGENTINA                                     ;B;4010;0018900006;(-) PROVISOES PARA OUTROS CREDITOS                ;-0000000000094155,84
200505;33042151;BCO LA NACION ARGENTINA                                     ;B;4010;0019000008;OUTROS VALORES E BENS                             ; 0000000000016188,15
200505;33042151;BCO LA NACION ARGENTINA                                     ;B;4010;0019900005;DESPESAS ANTECIPADAS                              ; 0000000000016188,15
200505;33042151;BCO LA NACION ARGENTINA                                     ;B;4010;0020000004;PERMANENTE                                        ; 0000000018246671,62
200505;33042151;BCO LA NACION ARGENTINA                                     ;B;4010;0021000003;INVESTIMENTOS                                     ; 0000000000115252,66
200505;33042151;BCO LA NACION ARGENTINA                                     ;B;4010;0021400005;TITULOS PATRIMONIAIS                              ; 0000000000115252,66
200505;33042151;BCO LA NACION ARGENTINA                                     ;B;4010;0022000002;IMOBILIZADO DE USO                                ; 0000000018104157,87
200505;33042151;BCO LA NACION ARGENTINA                                     ;B;4010;0022300001;IMOVEIS DE USO                                    ; 0000000017626397,30
200505;33042151;BCO LA NACION ARGENTINA                                     ;B;4010;0022400004;INSTALACOES, MOVEIS E EQUIPAMENTOS DE USO         ; 0000000000299900,20
200505;33042151;BCO LA NACION ARGENTINA                                     ;B;4010;0022900009;OUTROS                                            ; 0000000000177860,37
200505;33042151;BCO LA NACION ARGENTINA                                     ;B;4010;0024000000;DIFERIDO                                          ; 0000000000027261,09
200505;33042151;BCO LA NACION ARGENTINA                                     ;B;4010;0024100003;GASTOS DE ORGANIZACAO E EXPANSAO                  ; 0000000000027261,09
200505;33042151;BCO LA NACION ARGENTINA                                     ;B;4010;0030000001;COMPENSACAO                                       ; 0000000136658020,65
200505;33042151;BCO LA NACION ARGENTINA                                     ;B;4010;0030100004;COOBRIGACOES E RISCOS EM GARANTIAS PRESTADAS      ; 0000000004063498,87
200505;33042151;BCO LA NACION ARGENTINA                                     ;B;4010;0030300000;TITULOS E VALORES MOBILIARIOS                     ; 0000000003300626,46
200505;33042151;BCO LA NACION ARGENTINA                                     ;B;4010;0030400003;CUSTODIA DE VALORES                               ; 0000000066960653,25
200505;33042151;BCO LA NACION ARGENTINA                                     ;B;4010;0030500006;COBRANCA                                          ; 0000000014280462,06
200505;33042151;BCO LA NACION ARGENTINA                                     ;B;4010;0030800005;CONTRATOS                                         ; 0000000006197853,28
200505;33042151;BCO LA NACION ARGENTINA                                     ;B;4010;0030900008;CONTROLE                                          ; 0000000016741395,36
200505;33042151;BCO LA NACION ARGENTINA                                     ;B;4010;0031000000;CLASSIFICACAO DA CARTEIRA DE CREDITOS             ; 0000000025113531,37
200505;33042151;BCO LA NACION ARGENTINA                                     ;B;4010;0031100003;OPERACOES DE RISCO NIVEL AA                       ; 0000000022412325,07
200505;33042151;BCO LA NACION ARGENTINA                                     ;B;4010;0031200006;OPERACOES DE RISCO NIVEL A                        ; 0000000000826021,33
200505;33042151;BCO LA NACION ARGENTINA                                     ;B;4010;0031300009;OPERACOES DE RISCO NIVELB                         ; 0000000000010761,59
200505;33042151;BCO LA NACION ARGENTINA                                     ;B;4010;0031400002;OPERACOES DE RISCO NIVELC                         ; 0000000000026604,91
200505;33042151;BCO LA NACION ARGENTINA                                     ;B;4010;0031500005;OPERACOES DE RISCO NIVEL D                        ; 0000000000425053,50
200505;33042151;BCO LA NACION ARGENTINA                                     ;B;4010;0031600008;OPERACOES DE RISCO NIVEL E                        ; 0000000000165967,08
200505;33042151;BCO LA NACION ARGENTINA                                     ;B;4010;0031700001;OPERACOES DE RISCO NIVEL F                        ; 0000000001246797,89
200505;33042151;BCO LA NACION ARGENTINA                                     ;B;4010;0039999993;TOTAL GERAL DO ATIVO                              ; 0000000191806016,88
200505;33042151;BCO LA NACION ARGENTINA                                     ;B;4010;0040000008;CIRCULANTE EXIGIVEL A LONGO PRAZO                 ; 0000000022042125,22
200505;33042151;BCO LA NACION ARGENTINA                                     ;B;4010;0041000007;DEPOSITOS                                         ; 0000000001582863,64
200505;33042151;BCO LA NACION ARGENTINA                                     ;B;4010;0041100000;DEPOSITOS A VISTA                                 ; 0000000000796865,80
200505;33042151;BCO LA NACION ARGENTINA                                     ;B;4010;0041500002;DEPOSITOS A PRAZO                                 ; 0000000000785997,84
200505;33042151;BCO LA NACION ARGENTINA                                     ;B;4010;0042000006;OBRIGACOES POR OPERACOES COMPROMISSADAS           ; 0000000000300908,42
200505;33042151;BCO LA NACION ARGENTINA                                     ;B;4010;0042100009;CARTEIRA PROPRIA                                  ; 0000000000300908,42
200505;33042151;BCO LA NACION ARGENTINA                                     ;B;4010;0044000004;RELACOES INTERFINANCEIRAS                         ; 0000000000055478,22
200505;33042151;BCO LA NACION ARGENTINA                                     ;B;4010;0044100007;OBRIGAÇÕES JUNTO A PARTIC. DE SIST. DE LIQUIDACÃO ; 0000000000055478,22
200505;33042151;BCO LA NACION ARGENTINA                                     ;B;4010;0045000003;RELACOES INTERDEPENDENCIAS                        ; 0000000000504070,27
200505;33042151;BCO LA NACION ARGENTINA                                     ;B;4010;0045100006;RECURSOS EM TRANSITO DE TERCEIROS                 ; 0000000000504070,27
200505;33042151;BCO LA NACION ARGENTINA                                     ;B;4010;0046000002;OBRIGACOES POR EMPRESTIMOS E REPASSES             ; 0000000016892466,77
200505;33042151;BCO LA NACION ARGENTINA                                     ;B;4010;0046300001;EMPRESTIMOS NO EXTERIOR                           ; 0000000016892466,77
200505;33042151;BCO LA NACION ARGENTINA                                     ;B;4010;0049000009;OUTRAS OBRIGACOES                                 ; 0000000002706337,90
200505;33042151;BCO LA NACION ARGENTINA                                     ;B;4010;0049100002;COBRANCA E ARRECADACAO DE TRIBUTOS E ASSEMELHADOS ; 0000000000000283,68
200505;33042151;BCO LA NACION ARGENTINA                                     ;B;4010;0049200005;CARTEIRA DE CAMBIO                                ; 0000000000554098,86
200505;33042151;BCO LA NACION ARGENTINA                                     ;B;4010;0049400001;FISCAIS E PREVIDENCIARIAS                         ; 0000000001767507,88
200505;33042151;BCO LA NACION ARGENTINA                                     ;B;4010;0049900006;DIVERSAS                                          ; 0000000000384447,48
200505;33042151;BCO LA NACION ARGENTINA                                     ;B;4010;0060000002;PATRIMONIO LIQUIDO                                ; 0000000034687400,95
200505;33042151;BCO LA NACION ARGENTINA                                     ;B;4010;0061000001;PATRIMONIO LIQUIDO                                ; 0000000034687400,95
200505;33042151;BCO LA NACION ARGENTINA                                     ;B;4010;0061100004;CAPITAL SOCIAL                                    ; 0000000024213562,18
200505;33042151;BCO LA NACION ARGENTINA                                     ;B;4010;0061400003;RESERVAS DE REAVALIACAO                           ; 0000000014288739,41
200505;33042151;BCO LA NACION ARGENTINA                                     ;B;4010;0061500006;RESERVAS DE LUCROS                                ; 0000000000522612,13
200505;33042151;BCO LA NACION ARGENTINA                                     ;B;4010;0061800005;LUCROS OU PREJUIZOS ACUMULADOS                    ;-0000000004337512,77
200505;33042151;BCO LA NACION ARGENTINA                                     ;B;4010;0070000009;CONTAS DE RESULTADO CREDORAS                      ; 0000000002158086,08
200505;33042151;BCO LA NACION ARGENTINA                                     ;B;4010;0071000008;RECEITAS OPERACIONAIS                             ; 0000000002053151,01
200505;33042151;BCO LA NACION ARGENTINA                                     ;B;4010;0071100001;RENDAS DE OPERACOES DE CREDITO                    ; 0000000000658405,03
200505;33042151;BCO LA NACION ARGENTINA                                     ;B;4010;0071300007;RENDAS DE CAMBIO                                  ; 0000000000671443,63
200505;33042151;BCO LA NACION ARGENTINA                                     ;B;4010;0071400000;RENDAS DE APLICACOES INTERFINANCEIRAS DE LIQUIDEZ ; 0000000000116063,51
200505;33042151;BCO LA NACION ARGENTINA                                     ;B;4010;0071500003;RENDAS COM TIT. E VAL. MOB. E INST. FINANC. DERIV.; 0000000000222793,83
200505;33042151;BCO LA NACION ARGENTINA                                     ;B;4010;0071700009;RENDAS DE PRESTACAO DE SERVICOS                   ; 0000000000017751,15
200505;33042151;BCO LA NACION ARGENTINA                                     ;B;4010;0071900005;OUTRAS RECEITAS OPERACIONAIS                      ; 0000000000366693,86
200505;33042151;BCO LA NACION ARGENTINA                                     ;B;4010;0073000006;RECEITAS NAO OPERACIONAIS                         ; 0000000000104935,07
200505;33042151;BCO LA NACION ARGENTINA                                     ;B;4010;0073900003;OUTRAS RECEITAS NAO OPERACIONAIS                  ; 0000000000104935,07
200505;33042151;BCO LA NACION ARGENTINA                                     ;B;4010;0080000006;(-) CONTAS DE RESULTADO DEVEDORAS                 ;-0000000003739616,02
200505;33042151;BCO LA NACION ARGENTINA                                     ;B;4010;0081000005;(-) DESPESAS OPERACIONAIS                         ;-0000000003739616,02
200505;33042151;BCO LA NACION ARGENTINA                                     ;B;4010;0081100008;(-) DESPESAS DE CAPTACAO                          ;-0000000000051401,64
200505;33042151;BCO LA NACION ARGENTINA                                     ;B;4010;0081200001;(-) DESP DE OBRIGACOES POR EMPRESTIMOS E REPASSES ;-0000000000321965,97
200505;33042151;BCO LA NACION ARGENTINA                                     ;B;4010;0081400007;(-) DESPESAS DE CAMBIO                            ;-0000000001197113,45
200505;33042151;BCO LA NACION ARGENTINA                                     ;B;4010;0081700006;(-) DESPESAS ADMINISTRATIVAS                      ;-0000000001855487,95
200505;33042151;BCO LA NACION ARGENTINA                                     ;B;4010;0081800009;(-) APROVISIONAMENTOS E AJUSTES PATRIMONIAIS      ;-0000000000252686,70
200505;33042151;BCO LA NACION ARGENTINA                                     ;B;4010;0081900002;(-) OUTRAS DESPESAS OPERACIONAIS                  ;-0000000000060960,31
200505;33042151;BCO LA NACION ARGENTINA                                     ;B;4010;0090000003;COMPENSACAO                                       ; 0000000136658020,65
200505;33042151;BCO LA NACION ARGENTINA                                     ;B;4010;0090100006;COOBRIGACOES E RISCOS EM GARANTIAS PRESTADAS      ; 0000000004063498,87
200505;33042151;BCO LA NACION ARGENTINA                                     ;B;4010;0090300002;TITULOS E VALORES MOBILIARIOS                     ; 0000000003300626,46
200505;33042151;BCO LA NACION ARGENTINA                                     ;B;4010;0090400005;CUSTODIA DE VALORES                               ; 0000000066960653,25
200505;33042151;BCO LA NACION ARGENTINA                                     ;B;4010;0090500008;COBRANCA                                          ; 0000000014280462,06
200505;33042151;BCO LA NACION ARGENTINA                                     ;B;4010;0090800007;CONTRATOS                                         ; 0000000006197853,28
200505;33042151;BCO LA NACION ARGENTINA                                     ;B;4010;0090900000;CONTROLE                                          ; 0000000016741395,36
200505;33042151;BCO LA NACION ARGENTINA                                     ;B;4010;0091000002;CLASSIFICACAO DA CARTEIRA DE CREDITOS             ; 0000000025113531,37
200505;33042151;BCO LA NACION ARGENTINA                                     ;B;4010;0091100005;OPERACOES DE CREDITOS E ARRENDAMENTO MERCANTIL    ; 0000000025113531,37
200505;33042151;BCO LA NACION ARGENTINA                                     ;B;4010;0099999995;TOTAL GERAL DO PASSIVO                            ; 0000000191806016,88
200505;33042953;CITIBANK N.A.                                               ;B;4010;0010000007;CIRCULANTE E REALIZAVEL A LONGO PRAZO             ; 0000005300422945,02
200505;33042953;CITIBANK N.A.                                               ;B;4010;0011000006;DISPONIBILIDADES                                  ; 0000000003543911,23
200505;33042953;CITIBANK N.A.                                               ;B;4010;0011500001;DISPONIBILIDADES EM MOEDAS ESTRANGEIRAS           ; 0000000003543911,23
200505;33042953;CITIBANK N.A.                                               ;B;4010;0012000005;APLICACOES INTERFINANCEIRAS DE LIQUIDEZ           ; 0000000201867320,64
200505;33042953;CITIBANK N.A.                                               ;B;4010;0012100008;APLICACOES EM OPERACOES COMPROMISSADAS            ; 0000000051416033,49
200505;33042953;CITIBANK N.A.                                               ;B;4010;0012200001;APLICACOES EM DEPOSITOS INTERFINANCEIROS          ; 0000000150451287,15
200505;33042953;CITIBANK N.A.                                               ;B;4010;0013000004;TITULOS E VAL. MOB. E INST. FINANC. DERIVATIVOS   ; 0000001958252577,63
200505;33042953;CITIBANK N.A.                                               ;B;4010;0013100007;LIVRES                                            ; 0000000344279091,21
200505;33042953;CITIBANK N.A.                                               ;B;4010;0013200000;VINCULADOS A OPERACOES COMPROMISSADAS             ; 0000000160537022,47
200505;33042953;CITIBANK N.A.                                               ;B;4010;0013300003;INSTRUMENTOS FINANCEIROS DERIVATIVOS              ; 0000001036362964,59
200505;33042953;CITIBANK N.A.                                               ;B;4010;0013600002;VINCULADOS A PRESTACAO DE GARANTIAS               ; 0000000417073499,36
200505;33042953;CITIBANK N.A.                                               ;B;4010;0014000003;RELACOES INTERFINANCEIRAS                         ; 0000002277616392,48
200505;33042953;CITIBANK N.A.                                               ;B;4010;0014100006;DIREITOS JUNTO A PARTIC. DE SISTEMAS DE LIQUIDAÇÃO; 0000000000008083,59
200505;33042953;CITIBANK N.A.                                               ;B;4010;0014200009;CREDITOS VINCULADOS                               ; 0000000000000206,21
200505;33042953;CITIBANK N.A.                                               ;B;4010;0014300002;REPASSES INTERFINANCEIROS                         ; 0000000001191750,40
200505;33042953;CITIBANK N.A.                                               ;B;4010;0014400005;RELACOES COM CORRESPONDENTES                      ; 0000002276416352,28
200505;33042953;CITIBANK N.A.                                               ;B;4010;0016000001;OPERACOES DE CREDITO                              ; 0000000755072457,17
200505;33042953;CITIBANK N.A.                                               ;B;4010;0016100004;EMPRESTIMOS E TITULOS DESCONTADOS                 ; 0000000682974663,30
200505;33042953;CITIBANK N.A.                                               ;B;4010;0016200007;FINANCIAMENTOS                                    ; 0000000078048192,75
200505;33042953;CITIBANK N.A.                                               ;B;4010;0016900008;(-) PROVISOES PARA OPERACOES DE CREDITO           ;-0000000005950398,88
200505;33042953;CITIBANK N.A.                                               ;B;4010;0018000009;OUTROS CREDITOS                                   ; 0000000102660667,46
200505;33042953;CITIBANK N.A.                                               ;B;4010;0018300008;RENDAS A RECEBER                                  ; 0000000003576144,63
200505;33042953;CITIBANK N.A.                                               ;B;4010;0018400001;NEGOCIACAO E INTERMEDIACAO DE VALORES             ; 0000000036284295,26
200505;33042953;CITIBANK N.A.                                               ;B;4010;0018800003;DIVERSOS                                          ; 0000000062800227,57
200505;33042953;CITIBANK N.A.                                               ;B;4010;0019000008;OUTROS VALORES E BENS                             ; 0000000001409618,41
200505;33042953;CITIBANK N.A.                                               ;B;4010;0019800002;OUTROS VALORES E BENS                             ; 0000000000633000,00
200505;33042953;CITIBANK N.A.                                               ;B;4010;0019900005;DESPESAS ANTECIPADAS                              ; 0000000000776618,41
200505;33042953;CITIBANK N.A.                                               ;B;4010;0020000004;PERMANENTE                                        ; 0000000047476428,93
200505;33042953;CITIBANK N.A.                                               ;B;4010;0021000003;INVESTIMENTOS                                     ; 0000000001762422,81
200505;33042953;CITIBANK N.A.                                               ;B;4010;0021400005;TITULOS PATRIMONIAIS                              ; 0000000000201035,55
200505;33042953;CITIBANK N.A.                                               ;B;4010;0021900000;OUTROS INVESTIMENTOS                              ; 0000000001561387,26
200505;33042953;CITIBANK N.A.                                               ;B;4010;0022000002;IMOBILIZADO DE USO                                ; 0000000042072110,80
200505;33042953;CITIBANK N.A.                                               ;B;4010;0022200008;IMOBILIZACOES EM CURSO                            ; 0000000001588120,25
200505;33042953;CITIBANK N.A.                                               ;B;4010;0022300001;IMOVEIS DE USO                                    ; 0000000038272634,87
200505;33042953;CITIBANK N.A.                                               ;B;4010;0022400004;INSTALACOES, MOVEIS E EQUIPAMENTOS DE USO         ; 0000000000168733,13
200505;33042953;CITIBANK N.A.                                               ;B;4010;0022900009;OUTROS                                            ; 0000000002042622,55
200505;33042953;CITIBANK N.A.                                               ;B;4010;0024000000;DIFERIDO                                          ; 0000000003641895,32
200505;33042953;CITIBANK N.A.                                               ;B;4010;0024100003;GASTOS DE ORGANIZACAO E EXPANSAO                  ; 0000000003641895,32
200505;33042953;CITIBANK N.A.                                               ;B;4010;0030000001;COMPENSACAO                                       ; 0000029138587251,92
200505;33042953;CITIBANK N.A.                                               ;B;4010;0030100004;COOBRIGACOES E RISCOS EM GARANTIAS PRESTADAS      ; 0000000042290811,24
200505;33042953;CITIBANK N.A.                                               ;B;4010;0030300000;TITULOS E VALORES MOBILIARIOS                     ; 0000002880142190,67
200505;33042953;CITIBANK N.A.                                               ;B;4010;0030400003;CUSTODIA DE VALORES                               ; 0000004932605368,45
200505;33042953;CITIBANK N.A.                                               ;B;4010;0030500006;COBRANCA                                          ; 0000000013514570,92
200505;33042953;CITIBANK N.A.                                               ;B;4010;0030600009;NEGOCIACAO E INTERMEDIACAO DE VALORES             ; 0000015764322479,47
200505;33042953;CITIBANK N.A.                                               ;B;4010;0030900008;CONTROLE                                          ; 0000004743491236,02
200505;33042953;CITIBANK N.A.                                               ;B;4010;0031000000;CLASSIFICACAO DA CARTEIRA DE CREDITOS             ; 0000000762220595,15
200505;33042953;CITIBANK N.A.                                               ;B;4010;0031100003;OPERACOES DE RISCO NIVEL AA                       ; 0000000053254642,80
200505;33042953;CITIBANK N.A.                                               ;B;4010;0031200006;OPERACOES DE RISCO NIVEL A                        ; 0000000635851364,78
200505;33042953;CITIBANK N.A.                                               ;B;4010;0031400002;OPERACOES DE RISCO NIVELC                         ; 0000000072445343,05
200505;33042953;CITIBANK N.A.                                               ;B;4010;0031700001;OPERACOES DE RISCO NIVEL F                        ; 0000000000130948,11
200505;33042953;CITIBANK N.A.                                               ;B;4010;0031900007;OPERACOES DE RISCO NIVEL H                        ; 0000000000538296,41
200505;33042953;CITIBANK N.A.                                               ;B;4010;0039999993;TOTAL GERAL DO ATIVO                              ; 0000034486486625,87
200505;33042953;CITIBANK N.A.                                               ;B;4010;0040000008;CIRCULANTE EXIGIVEL A LONGO PRAZO                 ; 0000005172681026,81
200505;33042953;CITIBANK N.A.                                               ;B;4010;0041000007;DEPOSITOS                                         ; 0000000460685079,65
200505;33042953;CITIBANK N.A.                                               ;B;4010;0041300006;DEPOSITOS INTERFINANCEIROS                        ; 0000000444483480,34
200505;33042953;CITIBANK N.A.                                               ;B;4010;0041500002;DEPOSITOS A PRAZO                                 ; 0000000016201599,31
200505;33042953;CITIBANK N.A.                                               ;B;4010;0042000006;OBRIGACOES POR OPERACOES COMPROMISSADAS           ; 0000000150321642,46
200505;33042953;CITIBANK N.A.                                               ;B;4010;0042100009;CARTEIRA PROPRIA                                  ; 0000000150321642,46
200505;33042953;CITIBANK N.A.                                               ;B;4010;0044000004;RELACOES INTERFINANCEIRAS                         ; 0000000000007784,54
200505;33042953;CITIBANK N.A.                                               ;B;4010;0044100007;OBRIGAÇÕES JUNTO A PARTIC. DE SIST. DE LIQUIDACÃO ; 0000000000007784,54
200505;33042953;CITIBANK N.A.                                               ;B;4010;0045000003;RELACOES INTERDEPENDENCIAS                        ; 0000000000527905,46
200505;33042953;CITIBANK N.A.                                               ;B;4010;0045100006;RECURSOS EM TRANSITO DE TERCEIROS                 ; 0000000000527905,46
200505;33042953;CITIBANK N.A.                                               ;B;4010;0046000002;OBRIGACOES POR EMPRESTIMOS E REPASSES             ; 0000001491509497,73
200505;33042953;CITIBANK N.A.                                               ;B;4010;0046300001;EMPRESTIMOS NO EXTERIOR                           ; 0000000478197000,00
200505;33042953;CITIBANK N.A.                                               ;B;4010;0046600000;REPASSES DO EXTERIOR                              ; 0000001013312497,73
200505;33042953;CITIBANK N.A.                                               ;B;4010;0047000001;INSTRUMENTOS FINANCEIROS DERIVATIVOS              ; 0000000456186931,44
200505;33042953;CITIBANK N.A.                                               ;B;4010;0047100004;INSTRUMENTOS FINANCEIROS DERIVATIVOS              ; 0000000456186931,44
200505;33042953;CITIBANK N.A.                                               ;B;4010;0049000009;OUTRAS OBRIGACOES                                 ; 0000002613442185,53
200505;33042953;CITIBANK N.A.                                               ;B;4010;0049300008;SOCIAIS E ESTATUTARIAS                            ; 0000000061981882,57
200505;33042953;CITIBANK N.A.                                               ;B;4010;0049400001;FISCAIS E PREVIDENCIARIAS                         ; 0000000032913971,26
200505;33042953;CITIBANK N.A.                                               ;B;4010;0049500004;NEGOCIACAO E INTERMEDIACAO DE VALORES             ; 0000000002380391,05
200505;33042953;CITIBANK N.A.                                               ;B;4010;0049900006;DIVERSAS                                          ; 0000002516165940,65
200505;33042953;CITIBANK N.A.                                               ;B;4010;0050000005;RESULTADOS DE EXERCICIOS FUTUROS                  ; 0000000000684043,66
200505;33042953;CITIBANK N.A.                                               ;B;4010;0051000004;RECEITAS DE EXERCICIOS FUTUROS                    ; 0000000000684043,66
200505;33042953;CITIBANK N.A.                                               ;B;4010;0051100007;RECEITAS DE EXERCICIOS FUTUROS                    ; 0000000000684043,66
200505;33042953;CITIBANK N.A.                                               ;B;4010;0060000002;PATRIMONIO LIQUIDO                                ; 0000000194298013,40
200505;33042953;CITIBANK N.A.                                               ;B;4010;0061000001;PATRIMONIO LIQUIDO                                ; 0000000194298013,40
200505;33042953;CITIBANK N.A.                                               ;B;4010;0061100004;CAPITAL SOCIAL                                    ; 0000000304601737,43
200505;33042953;CITIBANK N.A.                                               ;B;4010;0061300000;RESERVAS DE CAPITAL                               ; 0000000000042858,12
200505;33042953;CITIBANK N.A.                                               ;B;4010;0061500006;RESERVAS DE LUCROS                                ; 0000000026655437,49
200505;33042953;CITIBANK N.A.                                               ;B;4010;0061600009;AJUSTES DE AVALIACAO PATRIMONIAL                  ;-0000000000062564,69
200505;33042953;CITIBANK N.A.                                               ;B;4010;0061800005;LUCROS OU PREJUIZOS ACUMULADOS                    ;-0000000136939454,95
200505;33042953;CITIBANK N.A.                                               ;B;4010;0070000009;CONTAS DE RESULTADO CREDORAS                      ; 0000002011535874,30
200505;33042953;CITIBANK N.A.                                               ;B;4010;0071000008;RECEITAS OPERACIONAIS                             ; 0000002010335409,23
200505;33042953;CITIBANK N.A.                                               ;B;4010;0071100001;RENDAS DE OPERACOES DE CREDITO                    ; 0000000015199467,89
200505;33042953;CITIBANK N.A.                                               ;B;4010;0071300007;RENDAS DE CAMBIO                                  ; 0000000044687410,21
200505;33042953;CITIBANK N.A.                                               ;B;4010;0071400000;RENDAS DE APLICACOES INTERFINANCEIRAS DE LIQUIDEZ ; 0000000024384470,37
200505;33042953;CITIBANK N.A.                                               ;B;4010;0071500003;RENDAS COM TIT. E VAL. MOB. E INST. FINANC. DERIV.; 0000001656851919,01
200505;33042953;CITIBANK N.A.                                               ;B;4010;0071700009;RENDAS DE PRESTACAO DE SERVICOS                   ; 0000000043238413,71
200505;33042953;CITIBANK N.A.                                               ;B;4010;0071900005;OUTRAS RECEITAS OPERACIONAIS                      ; 0000000225973728,04
200505;33042953;CITIBANK N.A.                                               ;B;4010;0073000006;RECEITAS NAO OPERACIONAIS                         ; 0000000001200465,07
200505;33042953;CITIBANK N.A.                                               ;B;4010;0073900003;OUTRAS RECEITAS NAO OPERACIONAIS                  ; 0000000001200465,07
200505;33042953;CITIBANK N.A.                                               ;B;4010;0080000006;(-) CONTAS DE RESULTADO DEVEDORAS                 ;-0000002031299584,22
200505;33042953;CITIBANK N.A.                                               ;B;4010;0081000005;(-) DESPESAS OPERACIONAIS                         ;-0000002031118791,73
200505;33042953;CITIBANK N.A.                                               ;B;4010;0081100008;(-) DESPESAS DE CAPTACAO                          ;-0000000061476437,94
200505;33042953;CITIBANK N.A.                                               ;B;4010;0081200001;(-) DESP DE OBRIGACOES POR EMPRESTIMOS E REPASSES ;-0000000017521317,54
200505;33042953;CITIBANK N.A.                                               ;B;4010;0081400007;(-) DESPESAS DE CAMBIO                            ;-0000000005091334,75
200505;33042953;CITIBANK N.A.                                               ;B;4010;0081500000;(-) DESP. COM TIT. E VAL. MOB. E INST. FIN. DERIV.;-0000001536753223,73
200505;33042953;CITIBANK N.A.                                               ;B;4010;0081700006;(-) DESPESAS ADMINISTRATIVAS                      ;-0000000054524747,95
200505;33042953;CITIBANK N.A.                                               ;B;4010;0081800009;(-) APROVISIONAMENTOS E AJUSTES PATRIMONIAIS      ;-0000000004977043,96
200505;33042953;CITIBANK N.A.                                               ;B;4010;0081900002;(-) OUTRAS DESPESAS OPERACIONAIS                  ;-0000000350774685,86
200505;33042953;CITIBANK N.A.                                               ;B;4010;0083000003;(-) DESPESAS NAO OPERACIONAIS                     ;-0000000000000131,40
200505;33042953;CITIBANK N.A.                                               ;B;4010;0083100006;(-) PREJUIZOS EM TRANSACOES COM VALORES E BENS    ;-0000000000000131,40
200505;33042953;CITIBANK N.A.                                               ;B;4010;0089000007;(-) APURACAO DE RESULTADO                         ;-0000000000180661,09
200505;33042953;CITIBANK N.A.                                               ;B;4010;0089700008;(-) PARTICIPACOES NO LUCRO                        ;-0000000000180661,09
200505;33042953;CITIBANK N.A.                                               ;B;4010;0090000003;COMPENSACAO                                       ; 0000029138587251,92
200505;33042953;CITIBANK N.A.                                               ;B;4010;0090100006;COOBRIGACOES E RISCOS EM GARANTIAS PRESTADAS      ; 0000000042290811,24
200505;33042953;CITIBANK N.A.                                               ;B;4010;0090300002;TITULOS E VALORES MOBILIARIOS                     ; 0000002880142190,67
200505;33042953;CITIBANK N.A.                                               ;B;4010;0090400005;CUSTODIA DE VALORES                               ; 0000004932605368,45
200505;33042953;CITIBANK N.A.                                               ;B;4010;0090500008;COBRANCA                                          ; 0000000013514570,92
200505;33042953;CITIBANK N.A.                                               ;B;4010;0090600001;NEGOCIACAO E INTERMEDIACAO DE VALORES             ; 0000015764322479,47
200505;33042953;CITIBANK N.A.                                               ;B;4010;0090900000;CONTROLE                                          ; 0000004743491236,02
200505;33042953;CITIBANK N.A.                                               ;B;4010;0091000002;CLASSIFICACAO DA CARTEIRA DE CREDITOS             ; 0000000762220595,15
200505;33042953;CITIBANK N.A.                                               ;B;4010;0091100005;OPERACOES DE CREDITOS E ARRENDAMENTO MERCANTIL    ; 0000000762220595,15
200505;33042953;CITIBANK N.A.                                               ;B;4010;0099999995;TOTAL GERAL DO PASSIVO                            ; 0000034486486625,87
200505;33066408;BCO ABN AMRO REAL S.A.                                      ;U;4010;0010000007;CIRCULANTE E REALIZAVEL A LONGO PRAZO             ; 0000053060629210,85
200505;33066408;BCO ABN AMRO REAL S.A.                                      ;U;4010;0011000006;DISPONIBILIDADES                                  ; 0000001005861075,51
200505;33066408;BCO ABN AMRO REAL S.A.                                      ;U;4010;0011100009;CAIXA                                             ; 0000000682813062,83
200505;33066408;BCO ABN AMRO REAL S.A.                                      ;U;4010;0011400008;APLICACOES EM OURO                                ; 0000000000013419,81
200505;33066408;BCO ABN AMRO REAL S.A.                                      ;U;4010;0011500001;DISPONIBILIDADES EM MOEDAS ESTRANGEIRAS           ; 0000000323034592,87
200505;33066408;BCO ABN AMRO REAL S.A.                                      ;U;4010;0012000005;APLICACOES INTERFINANCEIRAS DE LIQUIDEZ           ; 0000001705984214,74
200505;33066408;BCO ABN AMRO REAL S.A.                                      ;U;4010;0012100008;APLICACOES EM OPERACOES COMPROMISSADAS            ; 0000000145098925,48
200505;33066408;BCO ABN AMRO REAL S.A.                                      ;U;4010;0012200001;APLICACOES EM DEPOSITOS INTERFINANCEIROS          ; 0000001372915266,47
200505;33066408;BCO ABN AMRO REAL S.A.                                      ;U;4010;0012600003;APLICA OES EM MOEDAS ESTRANGEIRAS                 ; 0000000187970022,79
200505;33066408;BCO ABN AMRO REAL S.A.                                      ;U;4010;0013000004;TITULOS E VAL. MOB. E INST. FINANC. DERIVATIVOS   ; 0000013265148400,52
200505;33066408;BCO ABN AMRO REAL S.A.                                      ;U;4010;0013100007;LIVRES                                            ; 0000002824967728,98
200505;33066408;BCO ABN AMRO REAL S.A.                                      ;U;4010;0013200000;VINCULADOS A OPERACOES COMPROMISSADAS             ; 0000003324344174,78
200505;33066408;BCO ABN AMRO REAL S.A.                                      ;U;4010;0013300003;INSTRUMENTOS FINANCEIROS DERIVATIVOS              ; 0000001973677405,41
200505;33066408;BCO ABN AMRO REAL S.A.                                      ;U;4010;0013400006;VINCULADOS AO BANCO CENTRAL                       ; 0000003246896082,18
200505;33066408;BCO ABN AMRO REAL S.A.                                      ;U;4010;0013600002;VINCULADOS A PRESTACAO DE GARANTIAS               ; 0000001895263009,17
200505;33066408;BCO ABN AMRO REAL S.A.                                      ;U;4010;0014000003;RELACOES INTERFINANCEIRAS                         ; 0000004996461661,13
200505;33066408;BCO ABN AMRO REAL S.A.                                      ;U;4010;0014100006;DIREITOS JUNTO A PARTIC. DE SISTEMAS DE LIQUIDAÇÃO; 0000000560823089,96
200505;33066408;BCO ABN AMRO REAL S.A.                                      ;U;4010;0014200009;CREDITOS VINCULADOS                               ; 0000004418896803,92
200505;33066408;BCO ABN AMRO REAL S.A.                                      ;U;4010;0014300002;REPASSES INTERFINANCEIROS                         ; 0000000012889329,25
200505;33066408;BCO ABN AMRO REAL S.A.                                      ;U;4010;0014400005;RELACOES COM CORRESPONDENTES                      ; 0000000003852438,00
200505;33066408;BCO ABN AMRO REAL S.A.                                      ;U;4010;0015000002;RELACOES INTERDEPENDENCIAS                        ; 0000000081562084,47
200505;33066408;BCO ABN AMRO REAL S.A.                                      ;U;4010;0015100005;RECURSOS EM TRANSITO DE TERCEIROS                 ; 0000000003953331,13
200505;33066408;BCO ABN AMRO REAL S.A.                                      ;U;4010;0015200008;TRANSFERENCIAS INTERNAS DE RECURSOS               ; 0000000077608753,34
200505;33066408;BCO ABN AMRO REAL S.A.                                      ;U;4010;0016000001;OPERACOES DE CREDITO                              ; 0000022873248024,65
200505;33066408;BCO ABN AMRO REAL S.A.                                      ;U;4010;0016100004;EMPRESTIMOS E TITULOS DESCONTADOS                 ; 0000011916923097,47
200505;33066408;BCO ABN AMRO REAL S.A.                                      ;U;4010;0016200007;FINANCIAMENTOS                                    ; 0000009759827579,05
200505;33066408;BCO ABN AMRO REAL S.A.                                      ;U;4010;0016300000;FINANCIAMENTOS RURAIS E AGROINDUSTRIAIS           ; 0000001228289604,19
200505;33066408;BCO ABN AMRO REAL S.A.                                      ;U;4010;0016400003;FINANCIAMENTOS IMOBILIARIOS                       ; 0000000976682389,10
200505;33066408;BCO ABN AMRO REAL S.A.                                      ;U;4010;0016900008;(-) PROVISOES PARA OPERACOES DE CREDITO           ;-0000001008474645,16
200505;33066408;BCO ABN AMRO REAL S.A.                                      ;U;4010;0018000009;OUTROS CREDITOS                                   ; 0000009007817904,39
200505;33066408;BCO ABN AMRO REAL S.A.                                      ;U;4010;0018100002;AVAIS E FIANCAS HONRADOS                          ; 0000000000569152,00
200505;33066408;BCO ABN AMRO REAL S.A.                                      ;U;4010;0018200005;CARTEIRA DE CAMBIO                                ; 0000006763781933,33
200505;33066408;BCO ABN AMRO REAL S.A.                                      ;U;4010;0018300008;RENDAS A RECEBER                                  ; 0000000070936890,02
200505;33066408;BCO ABN AMRO REAL S.A.                                      ;U;4010;0018400001;NEGOCIACAO E INTERMEDIACAO DE VALORES             ; 0000000069917139,36
200505;33066408;BCO ABN AMRO REAL S.A.                                      ;U;4010;0018800003;DIVERSOS                                          ; 0000002160063960,22
200505;33066408;BCO ABN AMRO REAL S.A.                                      ;U;4010;0018900006;(-) PROVISOES PARA OUTROS CREDITOS                ;-0000000057451170,54
200505;33066408;BCO ABN AMRO REAL S.A.                                      ;U;4010;0019000008;OUTROS VALORES E BENS                             ; 0000000124545845,44
200505;33066408;BCO ABN AMRO REAL S.A.                                      ;U;4010;0019100001;INVESTIMENTOS TEMPORARIOS                         ; 0000000001320000,00
200505;33066408;BCO ABN AMRO REAL S.A.                                      ;U;4010;0019800002;OUTROS VALORES E BENS                             ; 0000000014357527,03
200505;33066408;BCO ABN AMRO REAL S.A.                                      ;U;4010;0019900005;DESPESAS ANTECIPADAS                              ; 0000000108868318,41
200505;33066408;BCO ABN AMRO REAL S.A.                                      ;U;4010;0020000004;PERMANENTE                                        ; 0000009260313416,74
200505;33066408;BCO ABN AMRO REAL S.A.                                      ;U;4010;0021000003;INVESTIMENTOS                                     ; 0000007947039837,11
200505;33066408;BCO ABN AMRO REAL S.A.                                      ;U;4010;0021100006;INVESTIMENTOS NO EXTERIOR                         ; 0000002731043007,46
200505;33066408;BCO ABN AMRO REAL S.A.                                      ;U;4010;0021200009;PARTICIPACOES EM COLIGADAS E CONTROLADAS NO PAIS  ; 0000005177126532,03
200505;33066408;BCO ABN AMRO REAL S.A.                                      ;U;4010;0021300002;INVESTIMENTOS POR INCENTIVOS FISCAIS              ; 0000000000435651,09
200505;33066408;BCO ABN AMRO REAL S.A.                                      ;U;4010;0021400005;TITULOS PATRIMONIAIS                              ; 0000000004587475,15
200505;33066408;BCO ABN AMRO REAL S.A.                                      ;U;4010;0021500008;ACOES E COTAS                                     ; 0000000032058306,35
200505;33066408;BCO ABN AMRO REAL S.A.                                      ;U;4010;0021900000;OUTROS INVESTIMENTOS                              ; 0000000001788865,03
200505;33066408;BCO ABN AMRO REAL S.A.                                      ;U;4010;0022000002;IMOBILIZADO DE USO                                ; 0000000485982792,45
200505;33066408;BCO ABN AMRO REAL S.A.                                      ;U;4010;0022200008;IMOBILIZACOES EM CURSO                            ; 0000000006397784,83
200505;33066408;BCO ABN AMRO REAL S.A.                                      ;U;4010;0022300001;IMOVEIS DE USO                                    ; 0000000159080784,14
200505;33066408;BCO ABN AMRO REAL S.A.                                      ;U;4010;0022400004;INSTALACOES, MOVEIS E EQUIPAMENTOS DE USO         ; 0000000102080267,90
200505;33066408;BCO ABN AMRO REAL S.A.                                      ;U;4010;0022900009;OUTROS                                            ; 0000000218423955,58
200505;33066408;BCO ABN AMRO REAL S.A.                                      ;U;4010;0024000000;DIFERIDO                                          ; 0000000827290787,18
200505;33066408;BCO ABN AMRO REAL S.A.                                      ;U;4010;0024100003;GASTOS DE ORGANIZACAO E EXPANSAO                  ; 0000000827290787,18
200505;33066408;BCO ABN AMRO REAL S.A.                                      ;U;4010;0030000001;COMPENSACAO                                       ; 0006964020312178,34
200505;33066408;BCO ABN AMRO REAL S.A.                                      ;U;4010;0030100004;COOBRIGACOES E RISCOS EM GARANTIAS PRESTADAS      ; 0000005093645344,29
200505;33066408;BCO ABN AMRO REAL S.A.                                      ;U;4010;0030300000;TITULOS E VALORES MOBILIARIOS                     ; 0000022613183838,18
200505;33066408;BCO ABN AMRO REAL S.A.                                      ;U;4010;0030400003;CUSTODIA DE VALORES                               ; 0006690497836096,50
200505;33066408;BCO ABN AMRO REAL S.A.                                      ;U;4010;0030500006;COBRANCA                                          ; 0000017915581494,00
200505;33066408;BCO ABN AMRO REAL S.A.                                      ;U;4010;0030600009;NEGOCIACAO E INTERMEDIACAO DE VALORES             ; 0000064405640245,19
200505;33066408;BCO ABN AMRO REAL S.A.                                      ;U;4010;0030800005;CONTRATOS                                         ; 0000032567217383,24
200505;33066408;BCO ABN AMRO REAL S.A.                                      ;U;4010;0030900008;CONTROLE                                          ; 0000105998328777,33
200505;33066408;BCO ABN AMRO REAL S.A.                                      ;U;4010;0031000000;CLASSIFICACAO DA CARTEIRA DE CREDITOS             ; 0000024928878999,61
200505;33066408;BCO ABN AMRO REAL S.A.                                      ;U;4010;0031100003;OPERACOES DE RISCO NIVEL AA                       ; 0000004629363212,86
200505;33066408;BCO ABN AMRO REAL S.A.                                      ;U;4010;0031200006;OPERACOES DE RISCO NIVEL A                        ; 0000010289014040,77
200505;33066408;BCO ABN AMRO REAL S.A.                                      ;U;4010;0031300009;OPERACOES DE RISCO NIVELB                         ; 0000006939602367,63
200505;33066408;BCO ABN AMRO REAL S.A.                                      ;U;4010;0031400002;OPERACOES DE RISCO NIVELC                         ; 0000001682022548,76
200505;33066408;BCO ABN AMRO REAL S.A.                                      ;U;4010;0031500005;OPERACOES DE RISCO NIVEL D                        ; 0000000355464079,86
200505;33066408;BCO ABN AMRO REAL S.A.                                      ;U;4010;0031600008;OPERACOES DE RISCO NIVEL E                        ; 0000000163946502,06
200505;33066408;BCO ABN AMRO REAL S.A.                                      ;U;4010;0031700001;OPERACOES DE RISCO NIVEL F                        ; 0000000112047900,44
200505;33066408;BCO ABN AMRO REAL S.A.                                      ;U;4010;0031800004;OPERACOES DE RISCO NIVEL G                        ; 0000000113963509,23
200505;33066408;BCO ABN AMRO REAL S.A.                                      ;U;4010;0031900007;OPERACOES DE RISCO NIVEL H                        ; 0000000643454838,00
200505;33066408;BCO ABN AMRO REAL S.A.                                      ;U;4010;0039999993;TOTAL GERAL DO ATIVO                              ; 0007026341254805,93
200505;33066408;BCO ABN AMRO REAL S.A.                                      ;U;4010;0040000008;CIRCULANTE EXIGIVEL A LONGO PRAZO                 ; 0000053557292408,73
200505;33066408;BCO ABN AMRO REAL S.A.                                      ;U;4010;0041000007;DEPOSITOS                                         ; 0000031524250234,45
200505;33066408;BCO ABN AMRO REAL S.A.                                      ;U;4010;0041100000;DEPOSITOS A VISTA                                 ; 0000003680643758,64
200505;33066408;BCO ABN AMRO REAL S.A.                                      ;U;4010;0041200003;DEPOSITOS DE POUPANCA                             ; 0000005376197973,82
200505;33066408;BCO ABN AMRO REAL S.A.                                      ;U;4010;0041300006;DEPOSITOS INTERFINANCEIROS                        ; 0000003862159782,62
200505;33066408;BCO ABN AMRO REAL S.A.                                      ;U;4010;0041500002;DEPOSITOS A PRAZO                                 ; 0000018587720099,08
200505;33066408;BCO ABN AMRO REAL S.A.                                      ;U;4010;0041800001;DEPOSITOS EM MOEDAS ESTRANGEIRAS                  ; 0000000003774138,68
200505;33066408;BCO ABN AMRO REAL S.A.                                      ;U;4010;0041900004;OUTROS DEPOSITOS                                  ; 0000000013754481,61
200505;33066408;BCO ABN AMRO REAL S.A.                                      ;U;4010;0042000006;OBRIGACOES POR OPERACOES COMPROMISSADAS           ; 0000003352321714,68
200505;33066408;BCO ABN AMRO REAL S.A.                                      ;U;4010;0042100009;CARTEIRA PROPRIA                                  ; 0000003317321907,23
200505;33066408;BCO ABN AMRO REAL S.A.                                      ;U;4010;0042200002;CARTEIRA DE TERCEIROS                             ; 0000000034999807,45
200505;33066408;BCO ABN AMRO REAL S.A.                                      ;U;4010;0043000005;RECURSOS ACEITES CAMB,LI E HIP.,DEBENT.E SIMILARES; 0000004395857459,56
200505;33066408;BCO ABN AMRO REAL S.A.                                      ;U;4010;0043300004;RECURSOS DE LETRAS HIPOTECARIAS                   ; 0000000234384787,59
200505;33066408;BCO ABN AMRO REAL S.A.                                      ;U;4010;0043500000;OBRIGACOES P/TITULOS E VALS.MOBILIARIOS EXTERIOR  ; 0000004161472671,97
200505;33066408;BCO ABN AMRO REAL S.A.                                      ;U;4010;0044000004;RELACOES INTERFINANCEIRAS                         ; 0000000554226820,42
200505;33066408;BCO ABN AMRO REAL S.A.                                      ;U;4010;0044100007;OBRIGAÇÕES JUNTO A PARTIC. DE SIST. DE LIQUIDACÃO ; 0000000513598478,18
200505;33066408;BCO ABN AMRO REAL S.A.                                      ;U;4010;0044400006;RELACOES COM CORRESPONDENTES                      ; 0000000040628342,24
200505;33066408;BCO ABN AMRO REAL S.A.                                      ;U;4010;0045000003;RELACOES INTERDEPENDENCIAS                        ; 0000000800981403,35
200505;33066408;BCO ABN AMRO REAL S.A.                                      ;U;4010;0045100006;RECURSOS EM TRANSITO DE TERCEIROS                 ; 0000000800311486,85
200505;33066408;BCO ABN AMRO REAL S.A.                                      ;U;4010;0045200009;TRANSFERENCIAS INTERNAS DE RECURSOS               ; 0000000000669916,50
200505;33066408;BCO ABN AMRO REAL S.A.                                      ;U;4010;0046000002;OBRIGACOES POR EMPRESTIMOS E REPASSES             ; 0000002898997474,55
200505;33066408;BCO ABN AMRO REAL S.A.                                      ;U;4010;0046300001;EMPRESTIMOS NO EXTERIOR                           ; 0000001426079719,28
200505;33066408;BCO ABN AMRO REAL S.A.                                      ;U;4010;0046400004;REPASSES DO PAIS - INSTITUICOES OFICIAIS          ; 0000000848343907,50
200505;33066408;BCO ABN AMRO REAL S.A.                                      ;U;4010;0046600000;REPASSES DO EXTERIOR                              ; 0000000624573847,77
200505;33066408;BCO ABN AMRO REAL S.A.                                      ;U;4010;0047000001;INSTRUMENTOS FINANCEIROS DERIVATIVOS              ; 0000000916094260,88
200505;33066408;BCO ABN AMRO REAL S.A.                                      ;U;4010;0047100004;INSTRUMENTOS FINANCEIROS DERIVATIVOS              ; 0000000916094260,88
200505;33066408;BCO ABN AMRO REAL S.A.                                      ;U;4010;0049000009;OUTRAS OBRIGACOES                                 ; 0000009114563040,84
200505;33066408;BCO ABN AMRO REAL S.A.                                      ;U;4010;0049100002;COBRANCA E ARRECADACAO DE TRIBUTOS E ASSEMELHADOS ; 0000000418010485,71
200505;33066408;BCO ABN AMRO REAL S.A.                                      ;U;4010;0049200005;CARTEIRA DE CAMBIO                                ; 0000005985722836,62
200505;33066408;BCO ABN AMRO REAL S.A.                                      ;U;4010;0049300008;SOCIAIS E ESTATUTARIAS                            ; 0000000189971458,87
200505;33066408;BCO ABN AMRO REAL S.A.                                      ;U;4010;0049400001;FISCAIS E PREVIDENCIARIAS                         ; 0000000642084561,10
200505;33066408;BCO ABN AMRO REAL S.A.                                      ;U;4010;0049500004;NEGOCIACAO E INTERMEDIACAO DE VALORES             ; 0000000036678857,81
200505;33066408;BCO ABN AMRO REAL S.A.                                      ;U;4010;0049900006;DIVERSAS                                          ; 0000001842094840,73
200505;33066408;BCO ABN AMRO REAL S.A.                                      ;U;4010;0050000005;RESULTADOS DE EXERCICIOS FUTUROS                  ; 0000000008524801,32
200505;33066408;BCO ABN AMRO REAL S.A.                                      ;U;4010;0051000004;RECEITAS DE EXERCICIOS FUTUROS                    ; 0000000008524801,32
200505;33066408;BCO ABN AMRO REAL S.A.                                      ;U;4010;0051100007;RECEITAS DE EXERCICIOS FUTUROS                    ; 0000000008524801,32
200505;33066408;BCO ABN AMRO REAL S.A.                                      ;U;4010;0060000002;PATRIMONIO LIQUIDO                                ; 0000008510229449,65
200505;33066408;BCO ABN AMRO REAL S.A.                                      ;U;4010;0061000001;PATRIMONIO LIQUIDO                                ; 0000008510229449,65
200505;33066408;BCO ABN AMRO REAL S.A.                                      ;U;4010;0061100004;CAPITAL SOCIAL                                    ; 0000007458165601,52
200505;33066408;BCO ABN AMRO REAL S.A.                                      ;U;4010;0061300000;RESERVAS DE CAPITAL                               ; 0000000054103619,94
200505;33066408;BCO ABN AMRO REAL S.A.                                      ;U;4010;0061400003;RESERVAS DE REAVALIACAO                           ; 0000000006356136,50
200505;33066408;BCO ABN AMRO REAL S.A.                                      ;U;4010;0061500006;RESERVAS DE LUCROS                                ; 0000000795082832,79
200505;33066408;BCO ABN AMRO REAL S.A.                                      ;U;4010;0061600009;AJUSTES DE AVALIACAO PATRIMONIAL                  ;-0000000040708186,98
200505;33066408;BCO ABN AMRO REAL S.A.                                      ;U;4010;0061800005;LUCROS OU PREJUIZOS ACUMULADOS                    ; 0000000237229445,88
200505;33066408;BCO ABN AMRO REAL S.A.                                      ;U;4010;0070000009;CONTAS DE RESULTADO CREDORAS                      ; 0000019532446315,13
200505;33066408;BCO ABN AMRO REAL S.A.                                      ;U;4010;0071000008;RECEITAS OPERACIONAIS                             ; 0000017784647056,07
200505;33066408;BCO ABN AMRO REAL S.A.                                      ;U;4010;0071100001;RENDAS DE OPERACOES DE CREDITO                    ; 0000002673716200,05
200505;33066408;BCO ABN AMRO REAL S.A.                                      ;U;4010;0071300007;RENDAS DE CAMBIO                                  ; 0000000352101607,76
200505;33066408;BCO ABN AMRO REAL S.A.                                      ;U;4010;0071400000;RENDAS DE APLICACOES INTERFINANCEIRAS DE LIQUIDEZ ; 0000000097221960,65
200505;33066408;BCO ABN AMRO REAL S.A.                                      ;U;4010;0071500003;RENDAS COM TIT. E VAL. MOB. E INST. FINANC. DERIV.; 0000012440472227,78
200505;33066408;BCO ABN AMRO REAL S.A.                                      ;U;4010;0071700009;RENDAS DE PRESTACAO DE SERVICOS                   ; 0000000688087991,91
200505;33066408;BCO ABN AMRO REAL S.A.                                      ;U;4010;0071800002;RENDAS DE PARTICIPACOES                           ; 0000000327210574,29
200505;33066408;BCO ABN AMRO REAL S.A.                                      ;U;4010;0071900005;OUTRAS RECEITAS OPERACIONAIS                      ; 0000001205836493,63
200505;33066408;BCO ABN AMRO REAL S.A.                                      ;U;4010;0073000006;RECEITAS NAO OPERACIONAIS                         ; 0000000012853386,86
200505;33066408;BCO ABN AMRO REAL S.A.                                      ;U;4010;0073100009;LUCROS EM TRANSACOES COM VALORES E BENS           ; 0000000004683975,09
200505;33066408;BCO ABN AMRO REAL S.A.                                      ;U;4010;0073900003;OUTRAS RECEITAS NAO OPERACIONAIS                  ; 0000000008169411,77
200505;33066408;BCO ABN AMRO REAL S.A.                                      ;U;4010;0078000001;RATEIO DE RESULTADOS INTERNOS                     ; 0000001734945872,20
200505;33066408;BCO ABN AMRO REAL S.A.                                      ;U;4010;0078100004;RATEIO DE RESULTADOS INTERNOS                     ; 0000001734945872,20
200505;33066408;BCO ABN AMRO REAL S.A.                                      ;U;4010;0080000006;(-) CONTAS DE RESULTADO DEVEDORAS                 ;-0000019287550347,24
200505;33066408;BCO ABN AMRO REAL S.A.                                      ;U;4010;0081000005;(-) DESPESAS OPERACIONAIS                         ;-0000017263609925,77
200505;33066408;BCO ABN AMRO REAL S.A.                                      ;U;4010;0081100008;(-) DESPESAS DE CAPTACAO                          ;-0000001914058195,22
200505;33066408;BCO ABN AMRO REAL S.A.                                      ;U;4010;0081200001;(-) DESP DE OBRIGACOES POR EMPRESTIMOS E REPASSES ;-0000000062682660,15
200505;33066408;BCO ABN AMRO REAL S.A.                                      ;U;4010;0081400007;(-) DESPESAS DE CAMBIO                            ;-0000000345629369,03
200505;33066408;BCO ABN AMRO REAL S.A.                                      ;U;4010;0081500000;(-) DESP. COM TIT. E VAL. MOB. E INST. FIN. DERIV.;-0000011578799051,74
200505;33066408;BCO ABN AMRO REAL S.A.                                      ;U;4010;0081600003;(-) DESPESAS DE PARTICIPACOES                     ;-0000000356355797,88
200505;33066408;BCO ABN AMRO REAL S.A.                                      ;U;4010;0081700006;(-) DESPESAS ADMINISTRATIVAS                      ;-0000001551922849,18
200505;33066408;BCO ABN AMRO REAL S.A.                                      ;U;4010;0081800009;(-) APROVISIONAMENTOS E AJUSTES PATRIMONIAIS      ;-0000000939537648,56
200505;33066408;BCO ABN AMRO REAL S.A.                                      ;U;4010;0081900002;(-) OUTRAS DESPESAS OPERACIONAIS                  ;-0000000514624354,01
200505;33066408;BCO ABN AMRO REAL S.A.                                      ;U;4010;0083000003;(-) DESPESAS NAO OPERACIONAIS                     ;-0000000028730131,46
200505;33066408;BCO ABN AMRO REAL S.A.                                      ;U;4010;0083100006;(-) PREJUIZOS EM TRANSACOES COM VALORES E BENS    ;-0000000000146420,77
200505;33066408;BCO ABN AMRO REAL S.A.                                      ;U;4010;0083900000;(-) OUTRAS DESPESAS NAO OPERACIONAIS              ;-0000000028583710,69
200505;33066408;BCO ABN AMRO REAL S.A.                                      ;U;4010;0088000008;(-) RATEIO DE RESULTADOS INTERNOS                 ;-0000001734945872,20
200505;33066408;BCO ABN AMRO REAL S.A.                                      ;U;4010;0088100001;(-) RATEIO DE RESULTADOS INTERNOS                 ;-0000001734945872,20
200505;33066408;BCO ABN AMRO REAL S.A.                                      ;U;4010;0089000007;(-) APURACAO DE RESULTADO                         ;-0000000260264417,81
200505;33066408;BCO ABN AMRO REAL S.A.                                      ;U;4010;0089400009;(-) IMPOSTO DE RENDA                              ;-0000000184452612,56
200505;33066408;BCO ABN AMRO REAL S.A.                                      ;U;4010;0089700008;(-) PARTICIPACOES NO LUCRO                        ;-0000000075811805,25
200505;33066408;BCO ABN AMRO REAL S.A.                                      ;U;4010;0090000003;COMPENSACAO                                       ; 0006964020312178,34
200505;33066408;BCO ABN AMRO REAL S.A.                                      ;U;4010;0090100006;COOBRIGACOES E RISCOS EM GARANTIAS PRESTADAS      ; 0000005093645344,29
200505;33066408;BCO ABN AMRO REAL S.A.                                      ;U;4010;0090300002;TITULOS E VALORES MOBILIARIOS                     ; 0000022613183838,18
200505;33066408;BCO ABN AMRO REAL S.A.                                      ;U;4010;0090400005;CUSTODIA DE VALORES                               ; 0006690497836096,50
200505;33066408;BCO ABN AMRO REAL S.A.                                      ;U;4010;0090500008;COBRANCA                                          ; 0000017915581494,00
200505;33066408;BCO ABN AMRO REAL S.A.                                      ;U;4010;0090600001;NEGOCIACAO E INTERMEDIACAO DE VALORES             ; 0000064405640245,19
200505;33066408;BCO ABN AMRO REAL S.A.                                      ;U;4010;0090800007;CONTRATOS                                         ; 0000032567217383,24
200505;33066408;BCO ABN AMRO REAL S.A.                                      ;U;4010;0090900000;CONTROLE                                          ; 0000105998328777,33
200505;33066408;BCO ABN AMRO REAL S.A.                                      ;U;4010;0091000002;CLASSIFICACAO DA CARTEIRA DE CREDITOS             ; 0000024928878999,61
200505;33066408;BCO ABN AMRO REAL S.A.                                      ;U;4010;0091100005;OPERACOES DE CREDITOS E ARRENDAMENTO MERCANTIL    ; 0000024928878999,61
200505;33066408;BCO ABN AMRO REAL S.A.                                      ;U;4010;0099999995;TOTAL GERAL DO PASSIVO                            ; 0007026341254805,93
200505;33074683;BANCO RURAL MAIS S.A.                                       ;U;4010;0010000007;CIRCULANTE E REALIZAVEL A LONGO PRAZO             ; 0000000167224902,95
200505;33074683;BANCO RURAL MAIS S.A.                                       ;U;4010;0012000005;APLICACOES INTERFINANCEIRAS DE LIQUIDEZ           ; 0000000073958741,23
200505;33074683;BANCO RURAL MAIS S.A.                                       ;U;4010;0012200001;APLICACOES EM DEPOSITOS INTERFINANCEIROS          ; 0000000073958741,23
200505;33074683;BANCO RURAL MAIS S.A.                                       ;U;4010;0013000004;TITULOS E VAL. MOB. E INST. FINANC. DERIVATIVOS   ; 0000000077572445,21
200505;33074683;BANCO RURAL MAIS S.A.                                       ;U;4010;0013100007;LIVRES                                            ; 0000000001284036,61
200505;33074683;BANCO RURAL MAIS S.A.                                       ;U;4010;0013200000;VINCULADOS A OPERACOES COMPROMISSADAS             ; 0000000069489040,03
200505;33074683;BANCO RURAL MAIS S.A.                                       ;U;4010;0013300003;INSTRUMENTOS FINANCEIROS DERIVATIVOS              ; 0000000006799368,57
200505;33074683;BANCO RURAL MAIS S.A.                                       ;U;4010;0014000003;RELACOES INTERFINANCEIRAS                         ; 0000000000106268,57
200505;33074683;BANCO RURAL MAIS S.A.                                       ;U;4010;0014200009;CREDITOS VINCULADOS                               ; 0000000000106268,57
200505;33074683;BANCO RURAL MAIS S.A.                                       ;U;4010;0018000009;OUTROS CREDITOS                                   ; 0000000015587447,94
200505;33074683;BANCO RURAL MAIS S.A.                                       ;U;4010;0018800003;DIVERSOS                                          ; 0000000015587447,94
200505;33074683;BANCO RURAL MAIS S.A.                                       ;U;4010;0020000004;PERMANENTE                                        ; 0000000012097021,86
200505;33074683;BANCO RURAL MAIS S.A.                                       ;U;4010;0021000003;INVESTIMENTOS                                     ; 0000000012097021,86
200505;33074683;BANCO RURAL MAIS S.A.                                       ;U;4010;0021200009;PARTICIPACOES EM COLIGADAS E CONTROLADAS NO PAIS  ; 0000000012097021,86
200505;33074683;BANCO RURAL MAIS S.A.                                       ;U;4010;0030000001;COMPENSACAO                                       ; 0000000328842402,40
200505;33074683;BANCO RURAL MAIS S.A.                                       ;U;4010;0030100004;COOBRIGACOES E RISCOS EM GARANTIAS PRESTADAS      ; 0000000003715676,49
200505;33074683;BANCO RURAL MAIS S.A.                                       ;U;4010;0030300000;TITULOS E VALORES MOBILIARIOS                     ; 0000000141547031,28
200505;33074683;BANCO RURAL MAIS S.A.                                       ;U;4010;0030400003;CUSTODIA DE VALORES                               ; 0000000080911101,50
200505;33074683;BANCO RURAL MAIS S.A.                                       ;U;4010;0030600009;NEGOCIACAO E INTERMEDIACAO DE VALORES             ; 0000000094340181,28
200505;33074683;BANCO RURAL MAIS S.A.                                       ;U;4010;0030900008;CONTROLE                                          ; 0000000008328411,85
200505;33074683;BANCO RURAL MAIS S.A.                                       ;U;4010;0039999993;TOTAL GERAL DO ATIVO                              ; 0000000508164327,21
200505;33074683;BANCO RURAL MAIS S.A.                                       ;U;4010;0040000008;CIRCULANTE EXIGIVEL A LONGO PRAZO                 ; 0000000090065389,95
200505;33074683;BANCO RURAL MAIS S.A.                                       ;U;4010;0041000007;DEPOSITOS                                         ; 0000000008695085,70
200505;33074683;BANCO RURAL MAIS S.A.                                       ;U;4010;0041300006;DEPOSITOS INTERFINANCEIROS                        ; 0000000000150000,00
200505;33074683;BANCO RURAL MAIS S.A.                                       ;U;4010;0041500002;DEPOSITOS A PRAZO                                 ; 0000000008545085,70
200505;33074683;BANCO RURAL MAIS S.A.                                       ;U;4010;0042000006;OBRIGACOES POR OPERACOES COMPROMISSADAS           ; 0000000066259539,46
200505;33074683;BANCO RURAL MAIS S.A.                                       ;U;4010;0042100009;CARTEIRA PROPRIA                                  ; 0000000066259539,46
200505;33074683;BANCO RURAL MAIS S.A.                                       ;U;4010;0049000009;OUTRAS OBRIGACOES                                 ; 0000000015110764,79
200505;33074683;BANCO RURAL MAIS S.A.                                       ;U;4010;0049300008;SOCIAIS E ESTATUTARIAS                            ; 0000000002210000,03
200505;33074683;BANCO RURAL MAIS S.A.                                       ;U;4010;0049400001;FISCAIS E PREVIDENCIARIAS                         ; 0000000001666182,25
200505;33074683;BANCO RURAL MAIS S.A.                                       ;U;4010;0049900006;DIVERSAS                                          ; 0000000011234582,51
200505;33074683;BANCO RURAL MAIS S.A.                                       ;U;4010;0060000002;PATRIMONIO LIQUIDO                                ; 0000000083812197,24
200505;33074683;BANCO RURAL MAIS S.A.                                       ;U;4010;0061000001;PATRIMONIO LIQUIDO                                ; 0000000083812197,24
200505;33074683;BANCO RURAL MAIS S.A.                                       ;U;4010;0061100004;CAPITAL SOCIAL                                    ; 0000000068539732,70
200505;33074683;BANCO RURAL MAIS S.A.                                       ;U;4010;0061500006;RESERVAS DE LUCROS                                ; 0000000001565652,52
200505;33074683;BANCO RURAL MAIS S.A.                                       ;U;4010;0061800005;LUCROS OU PREJUIZOS ACUMULADOS                    ; 0000000013706812,02
200505;33074683;BANCO RURAL MAIS S.A.                                       ;U;4010;0070000009;CONTAS DE RESULTADO CREDORAS                      ; 0000000025880927,31
200505;33074683;BANCO RURAL MAIS S.A.                                       ;U;4010;0071000008;RECEITAS OPERACIONAIS                             ; 0000000025880927,31
200505;33074683;BANCO RURAL MAIS S.A.                                       ;U;4010;0071400000;RENDAS DE APLICACOES INTERFINANCEIRAS DE LIQUIDEZ ; 0000000005477057,18
200505;33074683;BANCO RURAL MAIS S.A.                                       ;U;4010;0071500003;RENDAS COM TIT. E VAL. MOB. E INST. FINANC. DERIV.; 0000000019447129,49
200505;33074683;BANCO RURAL MAIS S.A.                                       ;U;4010;0071800002;RENDAS DE PARTICIPACOES                           ; 0000000000552857,87
200505;33074683;BANCO RURAL MAIS S.A.                                       ;U;4010;0071900005;OUTRAS RECEITAS OPERACIONAIS                      ; 0000000000403882,77
200505;33074683;BANCO RURAL MAIS S.A.                                       ;U;4010;0080000006;(-) CONTAS DE RESULTADO DEVEDORAS                 ;-0000000020436589,69
200505;33074683;BANCO RURAL MAIS S.A.                                       ;U;4010;0081000005;(-) DESPESAS OPERACIONAIS                         ;-0000000018844104,77
200505;33074683;BANCO RURAL MAIS S.A.                                       ;U;4010;0081100008;(-) DESPESAS DE CAPTACAO                          ;-0000000005532579,63
200505;33074683;BANCO RURAL MAIS S.A.                                       ;U;4010;0081500000;(-) DESP. COM TIT. E VAL. MOB. E INST. FIN. DERIV.;-0000000007644174,69
200505;33074683;BANCO RURAL MAIS S.A.                                       ;U;4010;0081700006;(-) DESPESAS ADMINISTRATIVAS                      ;-0000000000116053,96
200505;33074683;BANCO RURAL MAIS S.A.                                       ;U;4010;0081900002;(-) OUTRAS DESPESAS OPERACIONAIS                  ;-0000000005551296,49
200505;33074683;BANCO RURAL MAIS S.A.                                       ;U;4010;0089000007;(-) APURACAO DE RESULTADO                         ;-0000000001592484,92
200505;33074683;BANCO RURAL MAIS S.A.                                       ;U;4010;0089400009;(-) IMPOSTO DE RENDA                              ;-0000000001592484,92
200505;33074683;BANCO RURAL MAIS S.A.                                       ;U;4010;0090000003;COMPENSACAO                                       ; 0000000328842402,40
200505;33074683;BANCO RURAL MAIS S.A.                                       ;U;4010;0090100006;COOBRIGACOES E RISCOS EM GARANTIAS PRESTADAS      ; 0000000003715676,49
200505;33074683;BANCO RURAL MAIS S.A.                                       ;U;4010;0090300002;TITULOS E VALORES MOBILIARIOS                     ; 0000000141547031,28
200505;33074683;BANCO RURAL MAIS S.A.                                       ;U;4010;0090400005;CUSTODIA DE VALORES                               ; 0000000080911101,50
200505;33074683;BANCO RURAL MAIS S.A.                                       ;U;4010;0090600001;NEGOCIACAO E INTERMEDIACAO DE VALORES             ; 0000000094340181,28
200505;33074683;BANCO RURAL MAIS S.A.                                       ;U;4010;0090900000;CONTROLE                                          ; 0000000008328411,85
200505;33074683;BANCO RURAL MAIS S.A.                                       ;U;4010;0099999995;TOTAL GERAL DO PASSIVO                            ; 0000000508164327,21
200505;33098518;BCO FININVEST S.A.                                          ;U;4010;0010000007;CIRCULANTE E REALIZAVEL A LONGO PRAZO             ; 0000002141869060,14
200505;33098518;BCO FININVEST S.A.                                          ;U;4010;0011000006;DISPONIBILIDADES                                  ; 0000000001196581,57
200505;33098518;BCO FININVEST S.A.                                          ;U;4010;0011200002;DEPOSITOS BANCARIOS                               ; 0000000001144219,92
200505;33098518;BCO FININVEST S.A.                                          ;U;4010;0011300005;RESERVAS LIVRES                                   ; 0000000000039502,41
200505;33098518;BCO FININVEST S.A.                                          ;U;4010;0011500001;DISPONIBILIDADES EM MOEDAS ESTRANGEIRAS           ; 0000000000012859,24
200505;33098518;BCO FININVEST S.A.                                          ;U;4010;0012000005;APLICACOES INTERFINANCEIRAS DE LIQUIDEZ           ; 0000000012798265,72
200505;33098518;BCO FININVEST S.A.                                          ;U;4010;0012100008;APLICACOES EM OPERACOES COMPROMISSADAS            ; 0000000001429125,43
200505;33098518;BCO FININVEST S.A.                                          ;U;4010;0012200001;APLICACOES EM DEPOSITOS INTERFINANCEIROS          ; 0000000011369140,29
200505;33098518;BCO FININVEST S.A.                                          ;U;4010;0013000004;TITULOS E VAL. MOB. E INST. FINANC. DERIVATIVOS   ; 0000000001213227,31
200505;33098518;BCO FININVEST S.A.                                          ;U;4010;0013100007;LIVRES                                            ; 0000000000917723,27
200505;33098518;BCO FININVEST S.A.                                          ;U;4010;0013300003;INSTRUMENTOS FINANCEIROS DERIVATIVOS              ; 0000000000203071,85
200505;33098518;BCO FININVEST S.A.                                          ;U;4010;0013600002;VINCULADOS A PRESTACAO DE GARANTIAS               ; 0000000000092432,19
200505;33098518;BCO FININVEST S.A.                                          ;U;4010;0014000003;RELACOES INTERFINANCEIRAS                         ; 0000000006274577,24
200505;33098518;BCO FININVEST S.A.                                          ;U;4010;0014100006;DIREITOS JUNTO A PARTIC. DE SISTEMAS DE LIQUIDAÇÃO; 0000000001886757,85
200505;33098518;BCO FININVEST S.A.                                          ;U;4010;0014200009;CREDITOS VINCULADOS                               ; 0000000000261107,40
200505;33098518;BCO FININVEST S.A.                                          ;U;4010;0014400005;RELACOES COM CORRESPONDENTES                      ; 0000000004126711,99
200505;33098518;BCO FININVEST S.A.                                          ;U;4010;0015000002;RELACOES INTERDEPENDENCIAS                        ; 0000000000000100,00
200505;33098518;BCO FININVEST S.A.                                          ;U;4010;0015200008;TRANSFERENCIAS INTERNAS DE RECURSOS               ; 0000000000000100,00
200505;33098518;BCO FININVEST S.A.                                          ;U;4010;0016000001;OPERACOES DE CREDITO                              ; 0000001158124000,35
200505;33098518;BCO FININVEST S.A.                                          ;U;4010;0016100004;EMPRESTIMOS E TITULOS DESCONTADOS                 ; 0000000934422128,15
200505;33098518;BCO FININVEST S.A.                                          ;U;4010;0016200007;FINANCIAMENTOS                                    ; 0000000334085013,85
200505;33098518;BCO FININVEST S.A.                                          ;U;4010;0016900008;(-) PROVISOES PARA OPERACOES DE CREDITO           ;-0000000110383141,65
200505;33098518;BCO FININVEST S.A.                                          ;U;4010;0018000009;OUTROS CREDITOS                                   ; 0000000937560273,46
200505;33098518;BCO FININVEST S.A.                                          ;U;4010;0018300008;RENDAS A RECEBER                                  ; 0000000000957277,20
200505;33098518;BCO FININVEST S.A.                                          ;U;4010;0018800003;DIVERSOS                                          ; 0000000968472293,42
200505;33098518;BCO FININVEST S.A.                                          ;U;4010;0018900006;(-) PROVISOES PARA OUTROS CREDITOS                ;-0000000031869297,16
200505;33098518;BCO FININVEST S.A.                                          ;U;4010;0019000008;OUTROS VALORES E BENS                             ; 0000000024702034,49
200505;33098518;BCO FININVEST S.A.                                          ;U;4010;0019900005;DESPESAS ANTECIPADAS                              ; 0000000024702034,49
200505;33098518;BCO FININVEST S.A.                                          ;U;4010;0020000004;PERMANENTE                                        ; 0000000749058727,70
200505;33098518;BCO FININVEST S.A.                                          ;U;4010;0021000003;INVESTIMENTOS                                     ; 0000000685416997,18
200505;33098518;BCO FININVEST S.A.                                          ;U;4010;0021200009;PARTICIPACOES EM COLIGADAS E CONTROLADAS NO PAIS  ; 0000000684345505,13
200505;33098518;BCO FININVEST S.A.                                          ;U;4010;0021300002;INVESTIMENTOS POR INCENTIVOS FISCAIS              ; 0000000000101904,27
200505;33098518;BCO FININVEST S.A.                                          ;U;4010;0021400005;TITULOS PATRIMONIAIS                              ; 0000000000374210,62
200505;33098518;BCO FININVEST S.A.                                          ;U;4010;0021500008;ACOES E COTAS                                     ; 0000000000091938,30
200505;33098518;BCO FININVEST S.A.                                          ;U;4010;0021900000;OUTROS INVESTIMENTOS                              ; 0000000000503438,86
200505;33098518;BCO FININVEST S.A.                                          ;U;4010;0022000002;IMOBILIZADO DE USO                                ; 0000000000834640,26
200505;33098518;BCO FININVEST S.A.                                          ;U;4010;0022200008;IMOBILIZACOES EM CURSO                            ; 0000000000006720,00
200505;33098518;BCO FININVEST S.A.                                          ;U;4010;0022400004;INSTALACOES, MOVEIS E EQUIPAMENTOS DE USO         ; 0000000000216481,20
200505;33098518;BCO FININVEST S.A.                                          ;U;4010;0022900009;OUTROS                                            ; 0000000000611439,06
200505;33098518;BCO FININVEST S.A.                                          ;U;4010;0024000000;DIFERIDO                                          ; 0000000062807090,26
200505;33098518;BCO FININVEST S.A.                                          ;U;4010;0024100003;GASTOS DE ORGANIZACAO E EXPANSAO                  ; 0000000062807090,26
200505;33098518;BCO FININVEST S.A.                                          ;U;4010;0030000001;COMPENSACAO                                       ; 0000011299777982,22
200505;33098518;BCO FININVEST S.A.                                          ;U;4010;0030300000;TITULOS E VALORES MOBILIARIOS                     ; 0000000002020310,92
200505;33098518;BCO FININVEST S.A.                                          ;U;4010;0030400003;CUSTODIA DE VALORES                               ; 0000000316193575,20
200505;33098518;BCO FININVEST S.A.                                          ;U;4010;0030500006;COBRANCA                                          ; 0000004505242510,03
200505;33098518;BCO FININVEST S.A.                                          ;U;4010;0030600009;NEGOCIACAO E INTERMEDIACAO DE VALORES             ; 0000000596453205,82
200505;33098518;BCO FININVEST S.A.                                          ;U;4010;0030900008;CONTROLE                                          ; 0000003967105566,65
200505;33098518;BCO FININVEST S.A.                                          ;U;4010;0031000000;CLASSIFICACAO DA CARTEIRA DE CREDITOS             ; 0000001912762813,60
200505;33098518;BCO FININVEST S.A.                                          ;U;4010;0031200006;OPERACOES DE RISCO NIVEL A                        ; 0000001401573948,01
200505;33098518;BCO FININVEST S.A.                                          ;U;4010;0031300009;OPERACOES DE RISCO NIVELB                         ; 0000000118090860,90
200505;33098518;BCO FININVEST S.A.                                          ;U;4010;0031400002;OPERACOES DE RISCO NIVELC                         ; 0000000100765118,30
200505;33098518;BCO FININVEST S.A.                                          ;U;4010;0031500005;OPERACOES DE RISCO NIVEL D                        ; 0000000078162202,69
200505;33098518;BCO FININVEST S.A.                                          ;U;4010;0031600008;OPERACOES DE RISCO NIVEL E                        ; 0000000074141974,44
200505;33098518;BCO FININVEST S.A.                                          ;U;4010;0031700001;OPERACOES DE RISCO NIVEL F                        ; 0000000060116804,27
200505;33098518;BCO FININVEST S.A.                                          ;U;4010;0031800004;OPERACOES DE RISCO NIVEL G                        ; 0000000039147900,87
200505;33098518;BCO FININVEST S.A.                                          ;U;4010;0031900007;OPERACOES DE RISCO NIVEL H                        ; 0000000040764004,12
200505;33098518;BCO FININVEST S.A.                                          ;U;4010;0039999993;TOTAL GERAL DO ATIVO                              ; 0000014190705770,06
200505;33098518;BCO FININVEST S.A.                                          ;U;4010;0040000008;CIRCULANTE EXIGIVEL A LONGO PRAZO                 ; 0000002222809461,00
200505;33098518;BCO FININVEST S.A.                                          ;U;4010;0041000007;DEPOSITOS                                         ; 0000001561823453,08
200505;33098518;BCO FININVEST S.A.                                          ;U;4010;0041100000;DEPOSITOS A VISTA                                 ; 0000000004337691,71
200505;33098518;BCO FININVEST S.A.                                          ;U;4010;0041300006;DEPOSITOS INTERFINANCEIROS                        ; 0000001557485761,37
200505;33098518;BCO FININVEST S.A.                                          ;U;4010;0044000004;RELACOES INTERFINANCEIRAS                         ; 0000000000127074,33
200505;33098518;BCO FININVEST S.A.                                          ;U;4010;0044100007;OBRIGAÇÕES JUNTO A PARTIC. DE SIST. DE LIQUIDACÃO ; 0000000000127074,33
200505;33098518;BCO FININVEST S.A.                                          ;U;4010;0045000003;RELACOES INTERDEPENDENCIAS                        ; 0000000001074141,29
200505;33098518;BCO FININVEST S.A.                                          ;U;4010;0045200009;TRANSFERENCIAS INTERNAS DE RECURSOS               ; 0000000001074141,29
200505;33098518;BCO FININVEST S.A.                                          ;U;4010;0046000002;OBRIGACOES POR EMPRESTIMOS E REPASSES             ; 0000000000146687,46
200505;33098518;BCO FININVEST S.A.                                          ;U;4010;0046300001;EMPRESTIMOS NO EXTERIOR                           ; 0000000000146687,46
200505;33098518;BCO FININVEST S.A.                                          ;U;4010;0047000001;INSTRUMENTOS FINANCEIROS DERIVATIVOS              ; 0000000000539614,88
200505;33098518;BCO FININVEST S.A.                                          ;U;4010;0047100004;INSTRUMENTOS FINANCEIROS DERIVATIVOS              ; 0000000000539614,88
200505;33098518;BCO FININVEST S.A.                                          ;U;4010;0049000009;OUTRAS OBRIGACOES                                 ; 0000000659098489,96
200505;33098518;BCO FININVEST S.A.                                          ;U;4010;0049100002;COBRANCA E ARRECADACAO DE TRIBUTOS E ASSEMELHADOS ; 0000000001455970,61
200505;33098518;BCO FININVEST S.A.                                          ;U;4010;0049300008;SOCIAIS E ESTATUTARIAS                            ; 0000000009466009,12
200505;33098518;BCO FININVEST S.A.                                          ;U;4010;0049400001;FISCAIS E PREVIDENCIARIAS                         ; 0000000154854642,58
200505;33098518;BCO FININVEST S.A.                                          ;U;4010;0049500004;NEGOCIACAO E INTERMEDIACAO DE VALORES             ; 0000000000033925,70
200505;33098518;BCO FININVEST S.A.                                          ;U;4010;0049900006;DIVERSAS                                          ; 0000000493287941,95
200505;33098518;BCO FININVEST S.A.                                          ;U;4010;0060000002;PATRIMONIO LIQUIDO                                ; 0000000645275056,98
200505;33098518;BCO FININVEST S.A.                                          ;U;4010;0061000001;PATRIMONIO LIQUIDO                                ; 0000000645275056,98
200505;33098518;BCO FININVEST S.A.                                          ;U;4010;0061100004;CAPITAL SOCIAL                                    ; 0000000087679470,54
200505;33098518;BCO FININVEST S.A.                                          ;U;4010;0061300000;RESERVAS DE CAPITAL                               ; 0000000529793464,55
200505;33098518;BCO FININVEST S.A.                                          ;U;4010;0061500006;RESERVAS DE LUCROS                                ; 0000000027539392,72
200505;33098518;BCO FININVEST S.A.                                          ;U;4010;0061600009;AJUSTES DE AVALIACAO PATRIMONIAL                  ; 0000000000262729,17
200505;33098518;BCO FININVEST S.A.                                          ;U;4010;0070000009;CONTAS DE RESULTADO CREDORAS                      ; 0000000629113825,31
200505;33098518;BCO FININVEST S.A.                                          ;U;4010;0071000008;RECEITAS OPERACIONAIS                             ; 0000000629113825,31
200505;33098518;BCO FININVEST S.A.                                          ;U;4010;0071100001;RENDAS DE OPERACOES DE CREDITO                    ; 0000000565621153,17
200505;33098518;BCO FININVEST S.A.                                          ;U;4010;0071300007;RENDAS DE CAMBIO                                  ; 0000000000050421,84
200505;33098518;BCO FININVEST S.A.                                          ;U;4010;0071400000;RENDAS DE APLICACOES INTERFINANCEIRAS DE LIQUIDEZ ; 0000000000523366,88
200505;33098518;BCO FININVEST S.A.                                          ;U;4010;0071500003;RENDAS COM TIT. E VAL. MOB. E INST. FINANC. DERIV.; 0000000000466520,60
200505;33098518;BCO FININVEST S.A.                                          ;U;4010;0071700009;RENDAS DE PRESTACAO DE SERVICOS                   ; 0000000004801489,56
200505;33098518;BCO FININVEST S.A.                                          ;U;4010;0071800002;RENDAS DE PARTICIPACOES                           ; 0000000006787285,15
200505;33098518;BCO FININVEST S.A.                                          ;U;4010;0071900005;OUTRAS RECEITAS OPERACIONAIS                      ; 0000000050863588,11
200505;33098518;BCO FININVEST S.A.                                          ;U;4010;0080000006;(-) CONTAS DE RESULTADO DEVEDORAS                 ;-0000000606270555,45
200505;33098518;BCO FININVEST S.A.                                          ;U;4010;0081000005;(-) DESPESAS OPERACIONAIS                         ;-0000000591667626,90
200505;33098518;BCO FININVEST S.A.                                          ;U;4010;0081100008;(-) DESPESAS DE CAPTACAO                          ;-0000000086184757,09
200505;33098518;BCO FININVEST S.A.                                          ;U;4010;0081200001;(-) DESP DE OBRIGACOES POR EMPRESTIMOS E REPASSES ;-0000000000005244,36
200505;33098518;BCO FININVEST S.A.                                          ;U;4010;0081400007;(-) DESPESAS DE CAMBIO                            ;-0000000000035988,26
200505;33098518;BCO FININVEST S.A.                                          ;U;4010;0081500000;(-) DESP. COM TIT. E VAL. MOB. E INST. FIN. DERIV.;-0000000000251086,00
200505;33098518;BCO FININVEST S.A.                                          ;U;4010;0081600003;(-) DESPESAS DE PARTICIPACOES                     ;-0000000010077871,47
200505;33098518;BCO FININVEST S.A.                                          ;U;4010;0081700006;(-) DESPESAS ADMINISTRATIVAS                      ;-0000000125161845,82
200505;33098518;BCO FININVEST S.A.                                          ;U;4010;0081800009;(-) APROVISIONAMENTOS E AJUSTES PATRIMONIAIS      ;-0000000252498837,88
200505;33098518;BCO FININVEST S.A.                                          ;U;4010;0081900002;(-) OUTRAS DESPESAS OPERACIONAIS                  ;-0000000117451996,02
200505;33098518;BCO FININVEST S.A.                                          ;U;4010;0089000007;(-) APURACAO DE RESULTADO                         ;-0000000014602928,55
200505;33098518;BCO FININVEST S.A.                                          ;U;4010;0089400009;(-) IMPOSTO DE RENDA                              ;-0000000013747928,55
200505;33098518;BCO FININVEST S.A.                                          ;U;4010;0089700008;(-) PARTICIPACOES NO LUCRO                        ;-0000000000855000,00
200505;33098518;BCO FININVEST S.A.                                          ;U;4010;0090000003;COMPENSACAO                                       ; 0000011299777982,22
200505;33098518;BCO FININVEST S.A.                                          ;U;4010;0090300002;TITULOS E VALORES MOBILIARIOS                     ; 0000000002020310,92
200505;33098518;BCO FININVEST S.A.                                          ;U;4010;0090400005;CUSTODIA DE VALORES                               ; 0000000316193575,20
200505;33098518;BCO FININVEST S.A.                                          ;U;4010;0090500008;COBRANCA                                          ; 0000004505242510,03
200505;33098518;BCO FININVEST S.A.                                          ;U;4010;0090600001;NEGOCIACAO E INTERMEDIACAO DE VALORES             ; 0000000596453205,82
200505;33098518;BCO FININVEST S.A.                                          ;U;4010;0090900000;CONTROLE                                          ; 0000003967105566,65
200505;33098518;BCO FININVEST S.A.                                          ;U;4010;0091000002;CLASSIFICACAO DA CARTEIRA DE CREDITOS             ; 0000001912762813,60
200505;33098518;BCO FININVEST S.A.                                          ;U;4010;0091100005;OPERACOES DE CREDITOS E ARRENDAMENTO MERCANTIL    ; 0000001912762813,60
200505;33098518;BCO FININVEST S.A.                                          ;U;4010;0099999995;TOTAL GERAL DO PASSIVO                            ; 0000014190705770,06
200505;33124959;BCO RURAL S.A.                                              ;U;4010;0010000007;CIRCULANTE E REALIZAVEL A LONGO PRAZO             ; 0000003806539161,70
200505;33124959;BCO RURAL S.A.                                              ;U;4010;0011000006;DISPONIBILIDADES                                  ; 0000000029461133,18
200505;33124959;BCO RURAL S.A.                                              ;U;4010;0011100009;CAIXA                                             ; 0000000011732882,55
200505;33124959;BCO RURAL S.A.                                              ;U;4010;0011400008;APLICACOES EM OURO                                ; 0000000005533892,34
200505;33124959;BCO RURAL S.A.                                              ;U;4010;0011500001;DISPONIBILIDADES EM MOEDAS ESTRANGEIRAS           ; 0000000012194358,29
200505;33124959;BCO RURAL S.A.                                              ;U;4010;0012000005;APLICACOES INTERFINANCEIRAS DE LIQUIDEZ           ; 0000000370806892,22
200505;33124959;BCO RURAL S.A.                                              ;U;4010;0012100008;APLICACOES EM OPERACOES COMPROMISSADAS            ; 0000000086259226,42
200505;33124959;BCO RURAL S.A.                                              ;U;4010;0012200001;APLICACOES EM DEPOSITOS INTERFINANCEIROS          ; 0000000254690390,80
200505;33124959;BCO RURAL S.A.                                              ;U;4010;0012600003;APLICA OES EM MOEDAS ESTRANGEIRAS                 ; 0000000029857275,00
200505;33124959;BCO RURAL S.A.                                              ;U;4010;0013000004;TITULOS E VAL. MOB. E INST. FINANC. DERIVATIVOS   ; 0000000382323626,50
200505;33124959;BCO RURAL S.A.                                              ;U;4010;0013100007;LIVRES                                            ; 0000000149341789,27
200505;33124959;BCO RURAL S.A.                                              ;U;4010;0013200000;VINCULADOS A OPERACOES COMPROMISSADAS             ; 0000000207772906,00
200505;33124959;BCO RURAL S.A.                                              ;U;4010;0013300003;INSTRUMENTOS FINANCEIROS DERIVATIVOS              ; 0000000018076934,60
200505;33124959;BCO RURAL S.A.                                              ;U;4010;0013600002;VINCULADOS A PRESTACAO DE GARANTIAS               ; 0000000007131996,63
200505;33124959;BCO RURAL S.A.                                              ;U;4010;0014000003;RELACOES INTERFINANCEIRAS                         ; 0000000207483482,32
200505;33124959;BCO RURAL S.A.                                              ;U;4010;0014100006;DIREITOS JUNTO A PARTIC. DE SISTEMAS DE LIQUIDAÇÃO; 0000000051996487,05
200505;33124959;BCO RURAL S.A.                                              ;U;4010;0014200009;CREDITOS VINCULADOS                               ; 0000000155486995,27
200505;33124959;BCO RURAL S.A.                                              ;U;4010;0015000002;RELACOES INTERDEPENDENCIAS                        ; 0000000000202582,58
200505;33124959;BCO RURAL S.A.                                              ;U;4010;0015200008;TRANSFERENCIAS INTERNAS DE RECURSOS               ; 0000000000202582,58
200505;33124959;BCO RURAL S.A.                                              ;U;4010;0016000001;OPERACOES DE CREDITO                              ; 0000002241372123,70
200505;33124959;BCO RURAL S.A.                                              ;U;4010;0016100004;EMPRESTIMOS E TITULOS DESCONTADOS                 ; 0000001990307429,62
200505;33124959;BCO RURAL S.A.                                              ;U;4010;0016200007;FINANCIAMENTOS                                    ; 0000000241660326,55
200505;33124959;BCO RURAL S.A.                                              ;U;4010;0016300000;FINANCIAMENTOS RURAIS E AGROINDUSTRIAIS           ; 0000000090601797,65
200505;33124959;BCO RURAL S.A.                                              ;U;4010;0016400003;FINANCIAMENTOS IMOBILIARIOS                       ; 0000000002454393,24
200505;33124959;BCO RURAL S.A.                                              ;U;4010;0016900008;(-) PROVISOES PARA OPERACOES DE CREDITO           ;-0000000083651823,36
200505;33124959;BCO RURAL S.A.                                              ;U;4010;0018000009;OUTROS CREDITOS                                   ; 0000000536549902,85
200505;33124959;BCO RURAL S.A.                                              ;U;4010;0018200005;CARTEIRA DE CAMBIO                                ; 0000000387067089,07
200505;33124959;BCO RURAL S.A.                                              ;U;4010;0018300008;RENDAS A RECEBER                                  ; 0000000000224537,11
200505;33124959;BCO RURAL S.A.                                              ;U;4010;0018400001;NEGOCIACAO E INTERMEDIACAO DE VALORES             ; 0000000000479338,29
200505;33124959;BCO RURAL S.A.                                              ;U;4010;0018500004;CREDITOS ESPECIFICOS                              ; 0000000004535698,75
200505;33124959;BCO RURAL S.A.                                              ;U;4010;0018800003;DIVERSOS                                          ; 0000000148408295,57
200505;33124959;BCO RURAL S.A.                                              ;U;4010;0018900006;(-) PROVISOES PARA OUTROS CREDITOS                ;-0000000004165055,94
200505;33124959;BCO RURAL S.A.                                              ;U;4010;0019000008;OUTROS VALORES E BENS                             ; 0000000038339418,35
200505;33124959;BCO RURAL S.A.                                              ;U;4010;0019800002;OUTROS VALORES E BENS                             ; 0000000022646457,27
200505;33124959;BCO RURAL S.A.                                              ;U;4010;0019900005;DESPESAS ANTECIPADAS                              ; 0000000015692961,08
200505;33124959;BCO RURAL S.A.                                              ;U;4010;0020000004;PERMANENTE                                        ; 0000000758418614,85
200505;33124959;BCO RURAL S.A.                                              ;U;4010;0021000003;INVESTIMENTOS                                     ; 0000000709675600,09
200505;33124959;BCO RURAL S.A.                                              ;U;4010;0021100006;INVESTIMENTOS NO EXTERIOR                         ; 0000000263496931,76
200505;33124959;BCO RURAL S.A.                                              ;U;4010;0021200009;PARTICIPACOES EM COLIGADAS E CONTROLADAS NO PAIS  ; 0000000440974529,72
200505;33124959;BCO RURAL S.A.                                              ;U;4010;0021300002;INVESTIMENTOS POR INCENTIVOS FISCAIS              ; 0000000001322716,42
200505;33124959;BCO RURAL S.A.                                              ;U;4010;0021400005;TITULOS PATRIMONIAIS                              ; 0000000003486177,22
200505;33124959;BCO RURAL S.A.                                              ;U;4010;0021900000;OUTROS INVESTIMENTOS                              ; 0000000000395244,97
200505;33124959;BCO RURAL S.A.                                              ;U;4010;0022000002;IMOBILIZADO DE USO                                ; 0000000034517919,68
200505;33124959;BCO RURAL S.A.                                              ;U;4010;0022300001;IMOVEIS DE USO                                    ; 0000000012866023,73
200505;33124959;BCO RURAL S.A.                                              ;U;4010;0022400004;INSTALACOES, MOVEIS E EQUIPAMENTOS DE USO         ; 0000000008147208,89
200505;33124959;BCO RURAL S.A.                                              ;U;4010;0022900009;OUTROS                                            ; 0000000013504687,06
200505;33124959;BCO RURAL S.A.                                              ;U;4010;0024000000;DIFERIDO                                          ; 0000000014225095,08
200505;33124959;BCO RURAL S.A.                                              ;U;4010;0024100003;GASTOS DE ORGANIZACAO E EXPANSAO                  ; 0000000014225095,08
200505;33124959;BCO RURAL S.A.                                              ;U;4010;0030000001;COMPENSACAO                                       ; 0000018063980320,72
200505;33124959;BCO RURAL S.A.                                              ;U;4010;0030100004;COOBRIGACOES E RISCOS EM GARANTIAS PRESTADAS      ; 0000000254530271,48
200505;33124959;BCO RURAL S.A.                                              ;U;4010;0030300000;TITULOS E VALORES MOBILIARIOS                     ; 0000000728493383,80
200505;33124959;BCO RURAL S.A.                                              ;U;4010;0030400003;CUSTODIA DE VALORES                               ; 0000003628513691,65
200505;33124959;BCO RURAL S.A.                                              ;U;4010;0030500006;COBRANCA                                          ; 0000002716590410,42
200505;33124959;BCO RURAL S.A.                                              ;U;4010;0030600009;NEGOCIACAO E INTERMEDIACAO DE VALORES             ; 0000000242080818,54
200505;33124959;BCO RURAL S.A.                                              ;U;4010;0030800005;CONTRATOS                                         ; 0000000319048051,05
200505;33124959;BCO RURAL S.A.                                              ;U;4010;0030900008;CONTROLE                                          ; 0000007621899560,77
200505;33124959;BCO RURAL S.A.                                              ;U;4010;0031000000;CLASSIFICACAO DA CARTEIRA DE CREDITOS             ; 0000002552824133,01
200505;33124959;BCO RURAL S.A.                                              ;U;4010;0031100003;OPERACOES DE RISCO NIVEL AA                       ; 0000000936816268,52
200505;33124959;BCO RURAL S.A.                                              ;U;4010;0031200006;OPERACOES DE RISCO NIVEL A                        ; 0000001203354011,59
200505;33124959;BCO RURAL S.A.                                              ;U;4010;0031300009;OPERACOES DE RISCO NIVELB                         ; 0000000170083297,67
200505;33124959;BCO RURAL S.A.                                              ;U;4010;0031400002;OPERACOES DE RISCO NIVELC                         ; 0000000103295295,06
200505;33124959;BCO RURAL S.A.                                              ;U;4010;0031500005;OPERACOES DE RISCO NIVEL D                        ; 0000000035019636,64
200505;33124959;BCO RURAL S.A.                                              ;U;4010;0031600008;OPERACOES DE RISCO NIVEL E                        ; 0000000024895799,56
200505;33124959;BCO RURAL S.A.                                              ;U;4010;0031700001;OPERACOES DE RISCO NIVEL F                        ; 0000000023873111,05
200505;33124959;BCO RURAL S.A.                                              ;U;4010;0031800004;OPERACOES DE RISCO NIVEL G                        ; 0000000013865546,31
200505;33124959;BCO RURAL S.A.                                              ;U;4010;0031900007;OPERACOES DE RISCO NIVEL H                        ; 0000000041621166,61
200505;33124959;BCO RURAL S.A.                                              ;U;4010;0039999993;TOTAL GERAL DO ATIVO                              ; 0000022628938097,27
200505;33124959;BCO RURAL S.A.                                              ;U;4010;0040000008;CIRCULANTE EXIGIVEL A LONGO PRAZO                 ; 0000003825910119,58
200505;33124959;BCO RURAL S.A.                                              ;U;4010;0041000007;DEPOSITOS                                         ; 0000002106222243,94
200505;33124959;BCO RURAL S.A.                                              ;U;4010;0041100000;DEPOSITOS A VISTA                                 ; 0000000287793061,55
200505;33124959;BCO RURAL S.A.                                              ;U;4010;0041200003;DEPOSITOS DE POUPANCA                             ; 0000000024405592,49
200505;33124959;BCO RURAL S.A.                                              ;U;4010;0041300006;DEPOSITOS INTERFINANCEIROS                        ; 0000000150781974,91
200505;33124959;BCO RURAL S.A.                                              ;U;4010;0041500002;DEPOSITOS A PRAZO                                 ; 0000001638845695,28
200505;33124959;BCO RURAL S.A.                                              ;U;4010;0041900004;OUTROS DEPOSITOS                                  ; 0000000004395919,71
200505;33124959;BCO RURAL S.A.                                              ;U;4010;0042000006;OBRIGACOES POR OPERACOES COMPROMISSADAS           ; 0000000199825769,61
200505;33124959;BCO RURAL S.A.                                              ;U;4010;0042100009;CARTEIRA PROPRIA                                  ; 0000000199825769,61
200505;33124959;BCO RURAL S.A.                                              ;U;4010;0043000005;RECURSOS ACEITES CAMB,LI E HIP.,DEBENT.E SIMILARES; 0000000061336574,84
200505;33124959;BCO RURAL S.A.                                              ;U;4010;0043500000;OBRIGACOES P/TITULOS E VALS.MOBILIARIOS EXTERIOR  ; 0000000061336574,84
200505;33124959;BCO RURAL S.A.                                              ;U;4010;0044000004;RELACOES INTERFINANCEIRAS                         ; 0000000054374865,02
200505;33124959;BCO RURAL S.A.                                              ;U;4010;0044100007;OBRIGAÇÕES JUNTO A PARTIC. DE SIST. DE LIQUIDACÃO ; 0000000054374865,02
200505;33124959;BCO RURAL S.A.                                              ;U;4010;0045000003;RELACOES INTERDEPENDENCIAS                        ; 0000000022394157,66
200505;33124959;BCO RURAL S.A.                                              ;U;4010;0045100006;RECURSOS EM TRANSITO DE TERCEIROS                 ; 0000000022394157,66
200505;33124959;BCO RURAL S.A.                                              ;U;4010;0046000002;OBRIGACOES POR EMPRESTIMOS E REPASSES             ; 0000001015000859,35
200505;33124959;BCO RURAL S.A.                                              ;U;4010;0046300001;EMPRESTIMOS NO EXTERIOR                           ; 0000000812227440,58
200505;33124959;BCO RURAL S.A.                                              ;U;4010;0046400004;REPASSES DO PAIS - INSTITUICOES OFICIAIS          ; 0000000098701703,66
200505;33124959;BCO RURAL S.A.                                              ;U;4010;0046600000;REPASSES DO EXTERIOR                              ; 0000000104071715,11
200505;33124959;BCO RURAL S.A.                                              ;U;4010;0047000001;INSTRUMENTOS FINANCEIROS DERIVATIVOS              ; 0000000000005177,77
200505;33124959;BCO RURAL S.A.                                              ;U;4010;0047100004;INSTRUMENTOS FINANCEIROS DERIVATIVOS              ; 0000000000005177,77
200505;33124959;BCO RURAL S.A.                                              ;U;4010;0049000009;OUTRAS OBRIGACOES                                 ; 0000000366750471,39
200505;33124959;BCO RURAL S.A.                                              ;U;4010;0049100002;COBRANCA E ARRECADACAO DE TRIBUTOS E ASSEMELHADOS ; 0000000011672926,25
200505;33124959;BCO RURAL S.A.                                              ;U;4010;0049200005;CARTEIRA DE CAMBIO                                ; 0000000223330816,08
200505;33124959;BCO RURAL S.A.                                              ;U;4010;0049300008;SOCIAIS E ESTATUTARIAS                            ; 0000000027972942,83
200505;33124959;BCO RURAL S.A.                                              ;U;4010;0049400001;FISCAIS E PREVIDENCIARIAS                         ; 0000000044033247,79
200505;33124959;BCO RURAL S.A.                                              ;U;4010;0049900006;DIVERSAS                                          ; 0000000059740538,44
200505;33124959;BCO RURAL S.A.                                              ;U;4010;0050000005;RESULTADOS DE EXERCICIOS FUTUROS                  ; 0000000026518004,74
200505;33124959;BCO RURAL S.A.                                              ;U;4010;0051000004;RECEITAS DE EXERCICIOS FUTUROS                    ; 0000000026518004,74
200505;33124959;BCO RURAL S.A.                                              ;U;4010;0051100007;RECEITAS DE EXERCICIOS FUTUROS                    ; 0000000026518004,74
200505;33124959;BCO RURAL S.A.                                              ;U;4010;0060000002;PATRIMONIO LIQUIDO                                ; 0000000678649406,33
200505;33124959;BCO RURAL S.A.                                              ;U;4010;0061000001;PATRIMONIO LIQUIDO                                ; 0000000678649406,33
200505;33124959;BCO RURAL S.A.                                              ;U;4010;0061100004;CAPITAL SOCIAL                                    ; 0000000177704440,13
200505;33124959;BCO RURAL S.A.                                              ;U;4010;0061300000;RESERVAS DE CAPITAL                               ; 0000000010853535,55
200505;33124959;BCO RURAL S.A.                                              ;U;4010;0061400003;RESERVAS DE REAVALIACAO                           ; 0000000000159617,20
200505;33124959;BCO RURAL S.A.                                              ;U;4010;0061500006;RESERVAS DE LUCROS                                ; 0000000191538140,39
200505;33124959;BCO RURAL S.A.                                              ;U;4010;0061600009;AJUSTES DE AVALIACAO PATRIMONIAL                  ; 0000000000137141,82
200505;33124959;BCO RURAL S.A.                                              ;U;4010;0061800005;LUCROS OU PREJUIZOS ACUMULADOS                    ; 0000000298256531,24
200505;33124959;BCO RURAL S.A.                                              ;U;4010;0070000009;CONTAS DE RESULTADO CREDORAS                      ; 0000000603477662,23
200505;33124959;BCO RURAL S.A.                                              ;U;4010;0071000008;RECEITAS OPERACIONAIS                             ; 0000000590232108,03
200505;33124959;BCO RURAL S.A.                                              ;U;4010;0071100001;RENDAS DE OPERACOES DE CREDITO                    ; 0000000312349639,00
200505;33124959;BCO RURAL S.A.                                              ;U;4010;0071300007;RENDAS DE CAMBIO                                  ; 0000000082163349,71
200505;33124959;BCO RURAL S.A.                                              ;U;4010;0071400000;RENDAS DE APLICACOES INTERFINANCEIRAS DE LIQUIDEZ ; 0000000033420035,42
200505;33124959;BCO RURAL S.A.                                              ;U;4010;0071500003;RENDAS COM TIT. E VAL. MOB. E INST. FINANC. DERIV.; 0000000026777919,94
200505;33124959;BCO RURAL S.A.                                              ;U;4010;0071700009;RENDAS DE PRESTACAO DE SERVICOS                   ; 0000000018161720,38
200505;33124959;BCO RURAL S.A.                                              ;U;4010;0071800002;RENDAS DE PARTICIPACOES                           ; 0000000042312975,70
200505;33124959;BCO RURAL S.A.                                              ;U;4010;0071900005;OUTRAS RECEITAS OPERACIONAIS                      ; 0000000075046467,88
200505;33124959;BCO RURAL S.A.                                              ;U;4010;0073000006;RECEITAS NAO OPERACIONAIS                         ; 0000000007981078,73
200505;33124959;BCO RURAL S.A.                                              ;U;4010;0073100009;LUCROS EM TRANSACOES COM VALORES E BENS           ; 0000000000385665,77
200505;33124959;BCO RURAL S.A.                                              ;U;4010;0073900003;OUTRAS RECEITAS NAO OPERACIONAIS                  ; 0000000007595412,96
200505;33124959;BCO RURAL S.A.                                              ;U;4010;0078000001;RATEIO DE RESULTADOS INTERNOS                     ; 0000000005264475,47
200505;33124959;BCO RURAL S.A.                                              ;U;4010;0078100004;RATEIO DE RESULTADOS INTERNOS                     ; 0000000005264475,47
200505;33124959;BCO RURAL S.A.                                              ;U;4010;0080000006;(-) CONTAS DE RESULTADO DEVEDORAS                 ;-0000000569597416,33
200505;33124959;BCO RURAL S.A.                                              ;U;4010;0081000005;(-) DESPESAS OPERACIONAIS                         ;-0000000537748870,36
200505;33124959;BCO RURAL S.A.                                              ;U;4010;0081100008;(-) DESPESAS DE CAPTACAO                          ;-0000000155408737,22
200505;33124959;BCO RURAL S.A.                                              ;U;4010;0081200001;(-) DESP DE OBRIGACOES POR EMPRESTIMOS E REPASSES ;-0000000034880561,00
200505;33124959;BCO RURAL S.A.                                              ;U;4010;0081400007;(-) DESPESAS DE CAMBIO                            ;-0000000025709050,15
200505;33124959;BCO RURAL S.A.                                              ;U;4010;0081500000;(-) DESP. COM TIT. E VAL. MOB. E INST. FIN. DERIV.;-0000000020810780,48
200505;33124959;BCO RURAL S.A.                                              ;U;4010;0081600003;(-) DESPESAS DE PARTICIPACOES                     ;-0000000050024409,35
200505;33124959;BCO RURAL S.A.                                              ;U;4010;0081700006;(-) DESPESAS ADMINISTRATIVAS                      ;-0000000148857591,74
200505;33124959;BCO RURAL S.A.                                              ;U;4010;0081800009;(-) APROVISIONAMENTOS E AJUSTES PATRIMONIAIS      ;-0000000040231260,82
200505;33124959;BCO RURAL S.A.                                              ;U;4010;0081900002;(-) OUTRAS DESPESAS OPERACIONAIS                  ;-0000000061826479,60
200505;33124959;BCO RURAL S.A.                                              ;U;4010;0083000003;(-) DESPESAS NAO OPERACIONAIS                     ;-0000000005207084,28
200505;33124959;BCO RURAL S.A.                                              ;U;4010;0083100006;(-) PREJUIZOS EM TRANSACOES COM VALORES E BENS    ;-0000000001871210,76
200505;33124959;BCO RURAL S.A.                                              ;U;4010;0083900000;(-) OUTRAS DESPESAS NAO OPERACIONAIS              ;-0000000003335873,52
200505;33124959;BCO RURAL S.A.                                              ;U;4010;0088000008;(-) RATEIO DE RESULTADOS INTERNOS                 ;-0000000005264475,47
200505;33124959;BCO RURAL S.A.                                              ;U;4010;0088100001;(-) RATEIO DE RESULTADOS INTERNOS                 ;-0000000005264475,47
200505;33124959;BCO RURAL S.A.                                              ;U;4010;0089000007;(-) APURACAO DE RESULTADO                         ;-0000000021376986,22
200505;33124959;BCO RURAL S.A.                                              ;U;4010;0089400009;(-) IMPOSTO DE RENDA                              ;-0000000006036065,30
200505;33124959;BCO RURAL S.A.                                              ;U;4010;0089700008;(-) PARTICIPACOES NO LUCRO                        ;-0000000015340920,92
200505;33124959;BCO RURAL S.A.                                              ;U;4010;0090000003;COMPENSACAO                                       ; 0000018063980320,72
200505;33124959;BCO RURAL S.A.                                              ;U;4010;0090100006;COOBRIGACOES E RISCOS EM GARANTIAS PRESTADAS      ; 0000000254530271,48
200505;33124959;BCO RURAL S.A.                                              ;U;4010;0090300002;TITULOS E VALORES MOBILIARIOS                     ; 0000000728493383,80
200505;33124959;BCO RURAL S.A.                                              ;U;4010;0090400005;CUSTODIA DE VALORES                               ; 0000003628513691,65
200505;33124959;BCO RURAL S.A.                                              ;U;4010;0090500008;COBRANCA                                          ; 0000002716590410,42
200505;33124959;BCO RURAL S.A.                                              ;U;4010;0090600001;NEGOCIACAO E INTERMEDIACAO DE VALORES             ; 0000000242080818,54
200505;33124959;BCO RURAL S.A.                                              ;U;4010;0090800007;CONTRATOS                                         ; 0000000319048051,05
200505;33124959;BCO RURAL S.A.                                              ;U;4010;0090900000;CONTROLE                                          ; 0000007621899560,77
200505;33124959;BCO RURAL S.A.                                              ;U;4010;0091000002;CLASSIFICACAO DA CARTEIRA DE CREDITOS             ; 0000002552824133,01
200505;33124959;BCO RURAL S.A.                                              ;U;4010;0091100005;OPERACOES DE CREDITOS E ARRENDAMENTO MERCANTIL    ; 0000002552824133,01
200505;33124959;BCO RURAL S.A.                                              ;U;4010;0099999995;TOTAL GERAL DO PASSIVO                            ; 0000022628938097,27
200505;33132044;BCO CEDULA S.A.                                             ;U;4010;0010000007;CIRCULANTE E REALIZAVEL A LONGO PRAZO             ; 0000000103658988,77
200505;33132044;BCO CEDULA S.A.                                             ;U;4010;0011000006;DISPONIBILIDADES                                  ; 0000000000478442,30
200505;33132044;BCO CEDULA S.A.                                             ;U;4010;0011100009;CAIXA                                             ; 0000000000287630,66
200505;33132044;BCO CEDULA S.A.                                             ;U;4010;0011300005;RESERVAS LIVRES                                   ; 0000000000190811,64
200505;33132044;BCO CEDULA S.A.                                             ;U;4010;0012000005;APLICACOES INTERFINANCEIRAS DE LIQUIDEZ           ; 0000000012187300,27
200505;33132044;BCO CEDULA S.A.                                             ;U;4010;0012100008;APLICACOES EM OPERACOES COMPROMISSADAS            ; 0000000010998530,14
200505;33132044;BCO CEDULA S.A.                                             ;U;4010;0012200001;APLICACOES EM DEPOSITOS INTERFINANCEIROS          ; 0000000001188770,13
200505;33132044;BCO CEDULA S.A.                                             ;U;4010;0013000004;TITULOS E VAL. MOB. E INST. FINANC. DERIVATIVOS   ; 0000000004103304,80
200505;33132044;BCO CEDULA S.A.                                             ;U;4010;0013100007;LIVRES                                            ; 0000000004103304,80
200505;33132044;BCO CEDULA S.A.                                             ;U;4010;0014000003;RELACOES INTERFINANCEIRAS                         ; 0000000001257110,93
200505;33132044;BCO CEDULA S.A.                                             ;U;4010;0014100006;DIREITOS JUNTO A PARTIC. DE SISTEMAS DE LIQUIDAÇÃO; 0000000000695784,40
200505;33132044;BCO CEDULA S.A.                                             ;U;4010;0014200009;CREDITOS VINCULADOS                               ; 0000000000232560,82
200505;33132044;BCO CEDULA S.A.                                             ;U;4010;0014400005;RELACOES COM CORRESPONDENTES                      ; 0000000000328765,71
200505;33132044;BCO CEDULA S.A.                                             ;U;4010;0016000001;OPERACOES DE CREDITO                              ; 0000000084530294,85
200505;33132044;BCO CEDULA S.A.                                             ;U;4010;0016100004;EMPRESTIMOS E TITULOS DESCONTADOS                 ; 0000000083192222,07
200505;33132044;BCO CEDULA S.A.                                             ;U;4010;0016200007;FINANCIAMENTOS                                    ; 0000000002881227,51
200505;33132044;BCO CEDULA S.A.                                             ;U;4010;0016900008;(-) PROVISOES PARA OPERACOES DE CREDITO           ;-0000000001543154,73
200505;33132044;BCO CEDULA S.A.                                             ;U;4010;0018000009;OUTROS CREDITOS                                   ; 0000000000977105,71
200505;33132044;BCO CEDULA S.A.                                             ;U;4010;0018300008;RENDAS A RECEBER                                  ; 0000000000343286,14
200505;33132044;BCO CEDULA S.A.                                             ;U;4010;0018800003;DIVERSOS                                          ; 0000000000633819,57
200505;33132044;BCO CEDULA S.A.                                             ;U;4010;0019000008;OUTROS VALORES E BENS                             ; 0000000000125429,91
200505;33132044;BCO CEDULA S.A.                                             ;U;4010;0019800002;OUTROS VALORES E BENS                             ; 0000000000101319,43
200505;33132044;BCO CEDULA S.A.                                             ;U;4010;0019900005;DESPESAS ANTECIPADAS                              ; 0000000000024110,48
200505;33132044;BCO CEDULA S.A.                                             ;U;4010;0020000004;PERMANENTE                                        ; 0000000003400716,66
200505;33132044;BCO CEDULA S.A.                                             ;U;4010;0021000003;INVESTIMENTOS                                     ; 0000000000296794,13
200505;33132044;BCO CEDULA S.A.                                             ;U;4010;0021400005;TITULOS PATRIMONIAIS                              ; 0000000000192105,31
200505;33132044;BCO CEDULA S.A.                                             ;U;4010;0021900000;OUTROS INVESTIMENTOS                              ; 0000000000104688,82
200505;33132044;BCO CEDULA S.A.                                             ;U;4010;0022000002;IMOBILIZADO DE USO                                ; 0000000003103922,53
200505;33132044;BCO CEDULA S.A.                                             ;U;4010;0022300001;IMOVEIS DE USO                                    ; 0000000002481667,40
200505;33132044;BCO CEDULA S.A.                                             ;U;4010;0022400004;INSTALACOES, MOVEIS E EQUIPAMENTOS DE USO         ; 0000000000183704,64
200505;33132044;BCO CEDULA S.A.                                             ;U;4010;0022900009;OUTROS                                            ; 0000000000438550,49
200505;33132044;BCO CEDULA S.A.                                             ;U;4010;0030000001;COMPENSACAO                                       ; 0000000345236645,52
200505;33132044;BCO CEDULA S.A.                                             ;U;4010;0030300000;TITULOS E VALORES MOBILIARIOS                     ; 0000000008206609,60
200505;33132044;BCO CEDULA S.A.                                             ;U;4010;0030400003;CUSTODIA DE VALORES                               ; 0000000066118715,57
200505;33132044;BCO CEDULA S.A.                                             ;U;4010;0030500006;COBRANCA                                          ; 0000000018703885,88
200505;33132044;BCO CEDULA S.A.                                             ;U;4010;0030800005;CONTRATOS                                         ; 0000000004688624,00
200505;33132044;BCO CEDULA S.A.                                             ;U;4010;0030900008;CONTROLE                                          ; 0000000161445360,89
200505;33132044;BCO CEDULA S.A.                                             ;U;4010;0031000000;CLASSIFICACAO DA CARTEIRA DE CREDITOS             ; 0000000086073449,58
200505;33132044;BCO CEDULA S.A.                                             ;U;4010;0031100003;OPERACOES DE RISCO NIVEL AA                       ; 0000000047782259,72
200505;33132044;BCO CEDULA S.A.                                             ;U;4010;0031200006;OPERACOES DE RISCO NIVEL A                        ; 0000000014565502,68
200505;33132044;BCO CEDULA S.A.                                             ;U;4010;0031300009;OPERACOES DE RISCO NIVELB                         ; 0000000018071335,28
200505;33132044;BCO CEDULA S.A.                                             ;U;4010;0031400002;OPERACOES DE RISCO NIVELC                         ; 0000000001835799,20
200505;33132044;BCO CEDULA S.A.                                             ;U;4010;0031500005;OPERACOES DE RISCO NIVEL D                        ; 0000000001973213,14
200505;33132044;BCO CEDULA S.A.                                             ;U;4010;0031600008;OPERACOES DE RISCO NIVEL E                        ; 0000000000638723,11
200505;33132044;BCO CEDULA S.A.                                             ;U;4010;0031700001;OPERACOES DE RISCO NIVEL F                        ; 0000000000433355,89
200505;33132044;BCO CEDULA S.A.                                             ;U;4010;0031800004;OPERACOES DE RISCO NIVEL G                        ; 0000000000480895,97
200505;33132044;BCO CEDULA S.A.                                             ;U;4010;0031900007;OPERACOES DE RISCO NIVEL H                        ; 0000000000292364,59
200505;33132044;BCO CEDULA S.A.                                             ;U;4010;0039999993;TOTAL GERAL DO ATIVO                              ; 0000000452296350,95
200505;33132044;BCO CEDULA S.A.                                             ;U;4010;0040000008;CIRCULANTE EXIGIVEL A LONGO PRAZO                 ; 0000000067175788,63
200505;33132044;BCO CEDULA S.A.                                             ;U;4010;0041000007;DEPOSITOS                                         ; 0000000064246989,25
200505;33132044;BCO CEDULA S.A.                                             ;U;4010;0041100000;DEPOSITOS A VISTA                                 ; 0000000004266383,18
200505;33132044;BCO CEDULA S.A.                                             ;U;4010;0041500002;DEPOSITOS A PRAZO                                 ; 0000000059980606,07
200505;33132044;BCO CEDULA S.A.                                             ;U;4010;0044000004;RELACOES INTERFINANCEIRAS                         ; 0000000000298154,46
200505;33132044;BCO CEDULA S.A.                                             ;U;4010;0044100007;OBRIGAÇÕES JUNTO A PARTIC. DE SIST. DE LIQUIDACÃO ; 0000000000298154,46
200505;33132044;BCO CEDULA S.A.                                             ;U;4010;0045000003;RELACOES INTERDEPENDENCIAS                        ; 0000000000307656,19
200505;33132044;BCO CEDULA S.A.                                             ;U;4010;0045100006;RECURSOS EM TRANSITO DE TERCEIROS                 ; 0000000000307656,19
200505;33132044;BCO CEDULA S.A.                                             ;U;4010;0049000009;OUTRAS OBRIGACOES                                 ; 0000000002322988,73
200505;33132044;BCO CEDULA S.A.                                             ;U;4010;0049300008;SOCIAIS E ESTATUTARIAS                            ; 0000000000038666,28
200505;33132044;BCO CEDULA S.A.                                             ;U;4010;0049400001;FISCAIS E PREVIDENCIARIAS                         ; 0000000002090457,33
200505;33132044;BCO CEDULA S.A.                                             ;U;4010;0049900006;DIVERSAS                                          ; 0000000000193865,12
200505;33132044;BCO CEDULA S.A.                                             ;U;4010;0060000002;PATRIMONIO LIQUIDO                                ; 0000000038044340,46
200505;33132044;BCO CEDULA S.A.                                             ;U;4010;0061000001;PATRIMONIO LIQUIDO                                ; 0000000038044340,46
200505;33132044;BCO CEDULA S.A.                                             ;U;4010;0061100004;CAPITAL SOCIAL                                    ; 0000000031958600,00
200505;33132044;BCO CEDULA S.A.                                             ;U;4010;0061300000;RESERVAS DE CAPITAL                               ; 0000000000066146,31
200505;33132044;BCO CEDULA S.A.                                             ;U;4010;0061400003;RESERVAS DE REAVALIACAO                           ; 0000000001461352,52
200505;33132044;BCO CEDULA S.A.                                             ;U;4010;0061500006;RESERVAS DE LUCROS                                ; 0000000000218608,58
200505;33132044;BCO CEDULA S.A.                                             ;U;4010;0061600009;AJUSTES DE AVALIACAO PATRIMONIAL                  ; 0000000000704934,47
200505;33132044;BCO CEDULA S.A.                                             ;U;4010;0061800005;LUCROS OU PREJUIZOS ACUMULADOS                    ; 0000000003634698,58
200505;33132044;BCO CEDULA S.A.                                             ;U;4010;0070000009;CONTAS DE RESULTADO CREDORAS                      ; 0000000015668279,15
200505;33132044;BCO CEDULA S.A.                                             ;U;4010;0071000008;RECEITAS OPERACIONAIS                             ; 0000000015668279,15
200505;33132044;BCO CEDULA S.A.                                             ;U;4010;0071100001;RENDAS DE OPERACOES DE CREDITO                    ; 0000000012550554,41
200505;33132044;BCO CEDULA S.A.                                             ;U;4010;0071400000;RENDAS DE APLICACOES INTERFINANCEIRAS DE LIQUIDEZ ; 0000000001345269,64
200505;33132044;BCO CEDULA S.A.                                             ;U;4010;0071500003;RENDAS COM TIT. E VAL. MOB. E INST. FINANC. DERIV.; 0000000000875464,02
200505;33132044;BCO CEDULA S.A.                                             ;U;4010;0071700009;RENDAS DE PRESTACAO DE SERVICOS                   ; 0000000000666376,09
200505;33132044;BCO CEDULA S.A.                                             ;U;4010;0071900005;OUTRAS RECEITAS OPERACIONAIS                      ; 0000000000230614,99
200505;33132044;BCO CEDULA S.A.                                             ;U;4010;0080000006;(-) CONTAS DE RESULTADO DEVEDORAS                 ;-0000000013828702,81
200505;33132044;BCO CEDULA S.A.                                             ;U;4010;0081000005;(-) DESPESAS OPERACIONAIS                         ;-0000000012700450,73
200505;33132044;BCO CEDULA S.A.                                             ;U;4010;0081100008;(-) DESPESAS DE CAPTACAO                          ;-0000000004447372,52
200505;33132044;BCO CEDULA S.A.                                             ;U;4010;0081500000;(-) DESP. COM TIT. E VAL. MOB. E INST. FIN. DERIV.;-0000000000029446,21
200505;33132044;BCO CEDULA S.A.                                             ;U;4010;0081700006;(-) DESPESAS ADMINISTRATIVAS                      ;-0000000005469761,95
200505;33132044;BCO CEDULA S.A.                                             ;U;4010;0081800009;(-) APROVISIONAMENTOS E AJUSTES PATRIMONIAIS      ;-0000000001043255,78
200505;33132044;BCO CEDULA S.A.                                             ;U;4010;0081900002;(-) OUTRAS DESPESAS OPERACIONAIS                  ;-0000000001710614,27
200505;33132044;BCO CEDULA S.A.                                             ;U;4010;0089000007;(-) APURACAO DE RESULTADO                         ;-0000000001128252,08
200505;33132044;BCO CEDULA S.A.                                             ;U;4010;0089400009;(-) IMPOSTO DE RENDA                              ;-0000000001128252,08
200505;33132044;BCO CEDULA S.A.                                             ;U;4010;0090000003;COMPENSACAO                                       ; 0000000345236645,52
200505;33132044;BCO CEDULA S.A.                                             ;U;4010;0090300002;TITULOS E VALORES MOBILIARIOS                     ; 0000000008206609,60
200505;33132044;BCO CEDULA S.A.                                             ;U;4010;0090400005;CUSTODIA DE VALORES                               ; 0000000066118715,57
200505;33132044;BCO CEDULA S.A.                                             ;U;4010;0090500008;COBRANCA                                          ; 0000000018703885,88
200505;33132044;BCO CEDULA S.A.                                             ;U;4010;0090800007;CONTRATOS                                         ; 0000000004688624,00
200505;33132044;BCO CEDULA S.A.                                             ;U;4010;0090900000;CONTROLE                                          ; 0000000161445360,89
200505;33132044;BCO CEDULA S.A.                                             ;U;4010;0091000002;CLASSIFICACAO DA CARTEIRA DE CREDITOS             ; 0000000086073449,58
200505;33132044;BCO CEDULA S.A.                                             ;U;4010;0091100005;OPERACOES DE CREDITOS E ARRENDAMENTO MERCANTIL    ; 0000000086073449,58
200505;33132044;BCO CEDULA S.A.                                             ;U;4010;0099999995;TOTAL GERAL DO PASSIVO                            ; 0000000452296350,95
200505;33140666;BANKBOSTON ADMINISTRAÇÃO                                    ;B;4010;0010000007;CIRCULANTE E REALIZAVEL A LONGO PRAZO             ; 0000002825590008,99
200505;33140666;BANKBOSTON ADMINISTRAÇÃO                                    ;B;4010;0011000006;DISPONIBILIDADES                                  ; 0000000005043423,02
200505;33140666;BANKBOSTON ADMINISTRAÇÃO                                    ;B;4010;0011400008;APLICACOES EM OURO                                ; 0000000000003243,47
200505;33140666;BANKBOSTON ADMINISTRAÇÃO                                    ;B;4010;0011500001;DISPONIBILIDADES EM MOEDAS ESTRANGEIRAS           ; 0000000005040179,55
200505;33140666;BANKBOSTON ADMINISTRAÇÃO                                    ;B;4010;0012000005;APLICACOES INTERFINANCEIRAS DE LIQUIDEZ           ; 0000000951935262,77
200505;33140666;BANKBOSTON ADMINISTRAÇÃO                                    ;B;4010;0012100008;APLICACOES EM OPERACOES COMPROMISSADAS            ; 0000000951935262,77
200505;33140666;BANKBOSTON ADMINISTRAÇÃO                                    ;B;4010;0013000004;TITULOS E VAL. MOB. E INST. FINANC. DERIVATIVOS   ; 0000000552205615,40
200505;33140666;BANKBOSTON ADMINISTRAÇÃO                                    ;B;4010;0013100007;LIVRES                                            ; 0000000298282711,43
200505;33140666;BANKBOSTON ADMINISTRAÇÃO                                    ;B;4010;0013200000;VINCULADOS A OPERACOES COMPROMISSADAS             ; 0000000122566566,02
200505;33140666;BANKBOSTON ADMINISTRAÇÃO                                    ;B;4010;0013300003;INSTRUMENTOS FINANCEIROS DERIVATIVOS              ; 0000000043136269,26
200505;33140666;BANKBOSTON ADMINISTRAÇÃO                                    ;B;4010;0013600002;VINCULADOS A PRESTACAO DE GARANTIAS               ; 0000000088220068,69
200505;33140666;BANKBOSTON ADMINISTRAÇÃO                                    ;B;4010;0014000003;RELACOES INTERFINANCEIRAS                         ; 0000000000801766,81
200505;33140666;BANKBOSTON ADMINISTRAÇÃO                                    ;B;4010;0014200009;CREDITOS VINCULADOS                               ; 0000000000102113,88
200505;33140666;BANKBOSTON ADMINISTRAÇÃO                                    ;B;4010;0014400005;RELACOES COM CORRESPONDENTES                      ; 0000000000699652,93
200505;33140666;BANKBOSTON ADMINISTRAÇÃO                                    ;B;4010;0015000002;RELACOES INTERDEPENDENCIAS                        ; 0000000000041105,18
200505;33140666;BANKBOSTON ADMINISTRAÇÃO                                    ;B;4010;0015200008;TRANSFERENCIAS INTERNAS DE RECURSOS               ; 0000000000041105,18
200505;33140666;BANKBOSTON ADMINISTRAÇÃO                                    ;B;4010;0016000001;OPERACOES DE CREDITO                              ; 0000000519992787,17
200505;33140666;BANKBOSTON ADMINISTRAÇÃO                                    ;B;4010;0016100004;EMPRESTIMOS E TITULOS DESCONTADOS                 ; 0000000395597975,73
200505;33140666;BANKBOSTON ADMINISTRAÇÃO                                    ;B;4010;0016200007;FINANCIAMENTOS                                    ; 0000000125706896,82
200505;33140666;BANKBOSTON ADMINISTRAÇÃO                                    ;B;4010;0016300000;FINANCIAMENTOS RURAIS E AGROINDUSTRIAIS           ; 0000000006046664,79
200505;33140666;BANKBOSTON ADMINISTRAÇÃO                                    ;B;4010;0016900008;(-) PROVISOES PARA OPERACOES DE CREDITO           ;-0000000007358750,17
200505;33140666;BANKBOSTON ADMINISTRAÇÃO                                    ;B;4010;0018000009;OUTROS CREDITOS                                   ; 0000000795193410,66
200505;33140666;BANKBOSTON ADMINISTRAÇÃO                                    ;B;4010;0018200005;CARTEIRA DE CAMBIO                                ; 0000000643678910,00
200505;33140666;BANKBOSTON ADMINISTRAÇÃO                                    ;B;4010;0018300008;RENDAS A RECEBER                                  ; 0000000001727429,93
200505;33140666;BANKBOSTON ADMINISTRAÇÃO                                    ;B;4010;0018400001;NEGOCIACAO E INTERMEDIACAO DE VALORES             ; 0000000017521397,46
200505;33140666;BANKBOSTON ADMINISTRAÇÃO                                    ;B;4010;0018500004;CREDITOS ESPECIFICOS                              ; 0000000000106373,77
200505;33140666;BANKBOSTON ADMINISTRAÇÃO                                    ;B;4010;0018800003;DIVERSOS                                          ; 0000000133067997,09
200505;33140666;BANKBOSTON ADMINISTRAÇÃO                                    ;B;4010;0018900006;(-) PROVISOES PARA OUTROS CREDITOS                ;-0000000000908697,59
200505;33140666;BANKBOSTON ADMINISTRAÇÃO                                    ;B;4010;0019000008;OUTROS VALORES E BENS                             ; 0000000000376637,98
200505;33140666;BANKBOSTON ADMINISTRAÇÃO                                    ;B;4010;0019900005;DESPESAS ANTECIPADAS                              ; 0000000000376637,98
200505;33140666;BANKBOSTON ADMINISTRAÇÃO                                    ;B;4010;0020000004;PERMANENTE                                        ; 0000000008649010,57
200505;33140666;BANKBOSTON ADMINISTRAÇÃO                                    ;B;4010;0021000003;INVESTIMENTOS                                     ; 0000000000588980,97
200505;33140666;BANKBOSTON ADMINISTRAÇÃO                                    ;B;4010;0021300002;INVESTIMENTOS POR INCENTIVOS FISCAIS              ; 0000000000200000,00
200505;33140666;BANKBOSTON ADMINISTRAÇÃO                                    ;B;4010;0021400005;TITULOS PATRIMONIAIS                              ; 0000000000039123,53
200505;33140666;BANKBOSTON ADMINISTRAÇÃO                                    ;B;4010;0021900000;OUTROS INVESTIMENTOS                              ; 0000000000349857,44
200505;33140666;BANKBOSTON ADMINISTRAÇÃO                                    ;B;4010;0022000002;IMOBILIZADO DE USO                                ; 0000000007986166,40
200505;33140666;BANKBOSTON ADMINISTRAÇÃO                                    ;B;4010;0022200008;IMOBILIZACOES EM CURSO                            ; 0000000001057628,71
200505;33140666;BANKBOSTON ADMINISTRAÇÃO                                    ;B;4010;0022300001;IMOVEIS DE USO                                    ; 0000000003215056,61
200505;33140666;BANKBOSTON ADMINISTRAÇÃO                                    ;B;4010;0022400004;INSTALACOES, MOVEIS E EQUIPAMENTOS DE USO         ; 0000000000058642,68
200505;33140666;BANKBOSTON ADMINISTRAÇÃO                                    ;B;4010;0022900009;OUTROS                                            ; 0000000003654838,40
200505;33140666;BANKBOSTON ADMINISTRAÇÃO                                    ;B;4010;0024000000;DIFERIDO                                          ; 0000000000073863,20
200505;33140666;BANKBOSTON ADMINISTRAÇÃO                                    ;B;4010;0024100003;GASTOS DE ORGANIZACAO E EXPANSAO                  ; 0000000000073863,20
200505;33140666;BANKBOSTON ADMINISTRAÇÃO                                    ;B;4010;0030000001;COMPENSACAO                                       ; 0000141010949528,67
200505;33140666;BANKBOSTON ADMINISTRAÇÃO                                    ;B;4010;0030100004;COOBRIGACOES E RISCOS EM GARANTIAS PRESTADAS      ; 0000000024800901,41
200505;33140666;BANKBOSTON ADMINISTRAÇÃO                                    ;B;4010;0030300000;TITULOS E VALORES MOBILIARIOS                     ; 0000001018138692,28
200505;33140666;BANKBOSTON ADMINISTRAÇÃO                                    ;B;4010;0030400003;CUSTODIA DE VALORES                               ; 0000134337676045,21
200505;33140666;BANKBOSTON ADMINISTRAÇÃO                                    ;B;4010;0030500006;COBRANCA                                          ; 0000000006454429,30
200505;33140666;BANKBOSTON ADMINISTRAÇÃO                                    ;B;4010;0030600009;NEGOCIACAO E INTERMEDIACAO DE VALORES             ; 0000004698356153,82
200505;33140666;BANKBOSTON ADMINISTRAÇÃO                                    ;B;4010;0030900008;CONTROLE                                          ; 0000000397263071,72
200505;33140666;BANKBOSTON ADMINISTRAÇÃO                                    ;B;4010;0031000000;CLASSIFICACAO DA CARTEIRA DE CREDITOS             ; 0000000528260234,93
200505;33140666;BANKBOSTON ADMINISTRAÇÃO                                    ;B;4010;0031100003;OPERACOES DE RISCO NIVEL AA                       ; 0000000202460132,43
200505;33140666;BANKBOSTON ADMINISTRAÇÃO                                    ;B;4010;0031200006;OPERACOES DE RISCO NIVEL A                        ; 0000000024857433,36
200505;33140666;BANKBOSTON ADMINISTRAÇÃO                                    ;B;4010;0031300009;OPERACOES DE RISCO NIVELB                         ; 0000000209866072,45
200505;33140666;BANKBOSTON ADMINISTRAÇÃO                                    ;B;4010;0031400002;OPERACOES DE RISCO NIVELC                         ; 0000000087299291,52
200505;33140666;BANKBOSTON ADMINISTRAÇÃO                                    ;B;4010;0031600008;OPERACOES DE RISCO NIVEL E                        ; 0000000000147620,78
200505;33140666;BANKBOSTON ADMINISTRAÇÃO                                    ;B;4010;0031700001;OPERACOES DE RISCO NIVEL F                        ; 0000000000496896,74
200505;33140666;BANKBOSTON ADMINISTRAÇÃO                                    ;B;4010;0031900007;OPERACOES DE RISCO NIVEL H                        ; 0000000003132787,65
200505;33140666;BANKBOSTON ADMINISTRAÇÃO                                    ;B;4010;0039999993;TOTAL GERAL DO ATIVO                              ; 0000143845188548,23
200505;33140666;BANKBOSTON ADMINISTRAÇÃO                                    ;B;4010;0040000008;CIRCULANTE EXIGIVEL A LONGO PRAZO                 ; 0000002153343900,17
200505;33140666;BANKBOSTON ADMINISTRAÇÃO                                    ;B;4010;0041000007;DEPOSITOS                                         ; 0000000238199558,02
200505;33140666;BANKBOSTON ADMINISTRAÇÃO                                    ;B;4010;0041300006;DEPOSITOS INTERFINANCEIROS                        ; 0000000001700002,42
200505;33140666;BANKBOSTON ADMINISTRAÇÃO                                    ;B;4010;0041500002;DEPOSITOS A PRAZO                                 ; 0000000236499555,60
200505;33140666;BANKBOSTON ADMINISTRAÇÃO                                    ;B;4010;0042000006;OBRIGACOES POR OPERACOES COMPROMISSADAS           ; 0000000305720497,45
200505;33140666;BANKBOSTON ADMINISTRAÇÃO                                    ;B;4010;0042100009;CARTEIRA PROPRIA                                  ; 0000000135720818,99
200505;33140666;BANKBOSTON ADMINISTRAÇÃO                                    ;B;4010;0042200002;CARTEIRA DE TERCEIROS                             ; 0000000169999678,46
200505;33140666;BANKBOSTON ADMINISTRAÇÃO                                    ;B;4010;0045000003;RELACOES INTERDEPENDENCIAS                        ; 0000000001422569,84
200505;33140666;BANKBOSTON ADMINISTRAÇÃO                                    ;B;4010;0045100006;RECURSOS EM TRANSITO DE TERCEIROS                 ; 0000000001422569,84
200505;33140666;BANKBOSTON ADMINISTRAÇÃO                                    ;B;4010;0046000002;OBRIGACOES POR EMPRESTIMOS E REPASSES             ; 0000000443172108,54
200505;33140666;BANKBOSTON ADMINISTRAÇÃO                                    ;B;4010;0046300001;EMPRESTIMOS NO EXTERIOR                           ; 0000000112328137,47
200505;33140666;BANKBOSTON ADMINISTRAÇÃO                                    ;B;4010;0046400004;REPASSES DO PAIS - INSTITUICOES OFICIAIS          ; 0000000102304125,42
200505;33140666;BANKBOSTON ADMINISTRAÇÃO                                    ;B;4010;0046600000;REPASSES DO EXTERIOR                              ; 0000000228539845,65
200505;33140666;BANKBOSTON ADMINISTRAÇÃO                                    ;B;4010;0047000001;INSTRUMENTOS FINANCEIROS DERIVATIVOS              ; 0000000049717850,39
200505;33140666;BANKBOSTON ADMINISTRAÇÃO                                    ;B;4010;0047100004;INSTRUMENTOS FINANCEIROS DERIVATIVOS              ; 0000000049717850,39
200505;33140666;BANKBOSTON ADMINISTRAÇÃO                                    ;B;4010;0049000009;OUTRAS OBRIGACOES                                 ; 0000001115111315,93
200505;33140666;BANKBOSTON ADMINISTRAÇÃO                                    ;B;4010;0049200005;CARTEIRA DE CAMBIO                                ; 0000000643292270,16
200505;33140666;BANKBOSTON ADMINISTRAÇÃO                                    ;B;4010;0049300008;SOCIAIS E ESTATUTARIAS                            ; 0000000001984273,91
200505;33140666;BANKBOSTON ADMINISTRAÇÃO                                    ;B;4010;0049400001;FISCAIS E PREVIDENCIARIAS                         ; 0000000115269047,31
200505;33140666;BANKBOSTON ADMINISTRAÇÃO                                    ;B;4010;0049500004;NEGOCIACAO E INTERMEDIACAO DE VALORES             ; 0000000023370418,01
200505;33140666;BANKBOSTON ADMINISTRAÇÃO                                    ;B;4010;0049900006;DIVERSAS                                          ; 0000000331195306,54
200505;33140666;BANKBOSTON ADMINISTRAÇÃO                                    ;B;4010;0050000005;RESULTADOS DE EXERCICIOS FUTUROS                  ; 0000000000224014,83
200505;33140666;BANKBOSTON ADMINISTRAÇÃO                                    ;B;4010;0051000004;RECEITAS DE EXERCICIOS FUTUROS                    ; 0000000000224014,83
200505;33140666;BANKBOSTON ADMINISTRAÇÃO                                    ;B;4010;0051100007;RECEITAS DE EXERCICIOS FUTUROS                    ; 0000000000224014,83
200505;33140666;BANKBOSTON ADMINISTRAÇÃO                                    ;B;4010;0060000002;PATRIMONIO LIQUIDO                                ; 0000000667408037,62
200505;33140666;BANKBOSTON ADMINISTRAÇÃO                                    ;B;4010;0061000001;PATRIMONIO LIQUIDO                                ; 0000000667408037,62
200505;33140666;BANKBOSTON ADMINISTRAÇÃO                                    ;B;4010;0061100004;CAPITAL SOCIAL                                    ; 0000000283325183,94
200505;33140666;BANKBOSTON ADMINISTRAÇÃO                                    ;B;4010;0061300000;RESERVAS DE CAPITAL                               ; 0000000015934887,01
200505;33140666;BANKBOSTON ADMINISTRAÇÃO                                    ;B;4010;0061500006;RESERVAS DE LUCROS                                ; 0000000350738207,22
200505;33140666;BANKBOSTON ADMINISTRAÇÃO                                    ;B;4010;0061600009;AJUSTES DE AVALIACAO PATRIMONIAL                  ;-0000000002451458,18
200505;33140666;BANKBOSTON ADMINISTRAÇÃO                                    ;B;4010;0061800005;LUCROS OU PREJUIZOS ACUMULADOS                    ; 0000000019861217,63
200505;33140666;BANKBOSTON ADMINISTRAÇÃO                                    ;B;4010;0070000009;CONTAS DE RESULTADO CREDORAS                      ; 0000001566083529,84
200505;33140666;BANKBOSTON ADMINISTRAÇÃO                                    ;B;4010;0071000008;RECEITAS OPERACIONAIS                             ; 0000001565799283,08
200505;33140666;BANKBOSTON ADMINISTRAÇÃO                                    ;B;4010;0071100001;RENDAS DE OPERACOES DE CREDITO                    ; 0000000007521187,11
200505;33140666;BANKBOSTON ADMINISTRAÇÃO                                    ;B;4010;0071300007;RENDAS DE CAMBIO                                  ; 0000000031447136,91
200505;33140666;BANKBOSTON ADMINISTRAÇÃO                                    ;B;4010;0071400000;RENDAS DE APLICACOES INTERFINANCEIRAS DE LIQUIDEZ ; 0000000061527119,15
200505;33140666;BANKBOSTON ADMINISTRAÇÃO                                    ;B;4010;0071500003;RENDAS COM TIT. E VAL. MOB. E INST. FINANC. DERIV.; 0000001341072377,06
200505;33140666;BANKBOSTON ADMINISTRAÇÃO                                    ;B;4010;0071700009;RENDAS DE PRESTACAO DE SERVICOS                   ; 0000000005723840,72
200505;33140666;BANKBOSTON ADMINISTRAÇÃO                                    ;B;4010;0071900005;OUTRAS RECEITAS OPERACIONAIS                      ; 0000000118507622,13
200505;33140666;BANKBOSTON ADMINISTRAÇÃO                                    ;B;4010;0073000006;RECEITAS NAO OPERACIONAIS                         ; 0000000000284246,76
200505;33140666;BANKBOSTON ADMINISTRAÇÃO                                    ;B;4010;0073100009;LUCROS EM TRANSACOES COM VALORES E BENS           ; 0000000000284246,76
200505;33140666;BANKBOSTON ADMINISTRAÇÃO                                    ;B;4010;0080000006;(-) CONTAS DE RESULTADO DEVEDORAS                 ;-0000001552820462,90
200505;33140666;BANKBOSTON ADMINISTRAÇÃO                                    ;B;4010;0081000005;(-) DESPESAS OPERACIONAIS                         ;-0000001542308893,80
200505;33140666;BANKBOSTON ADMINISTRAÇÃO                                    ;B;4010;0081100008;(-) DESPESAS DE CAPTACAO                          ;-0000000018460111,26
200505;33140666;BANKBOSTON ADMINISTRAÇÃO                                    ;B;4010;0081200001;(-) DESP DE OBRIGACOES POR EMPRESTIMOS E REPASSES ;-0000000019789506,99
200505;33140666;BANKBOSTON ADMINISTRAÇÃO                                    ;B;4010;0081400007;(-) DESPESAS DE CAMBIO                            ;-0000000021075072,62
200505;33140666;BANKBOSTON ADMINISTRAÇÃO                                    ;B;4010;0081500000;(-) DESP. COM TIT. E VAL. MOB. E INST. FIN. DERIV.;-0000001327600475,54
200505;33140666;BANKBOSTON ADMINISTRAÇÃO                                    ;B;4010;0081700006;(-) DESPESAS ADMINISTRATIVAS                      ;-0000000085609718,63
200505;33140666;BANKBOSTON ADMINISTRAÇÃO                                    ;B;4010;0081800009;(-) APROVISIONAMENTOS E AJUSTES PATRIMONIAIS      ;-0000000003301907,06
200505;33140666;BANKBOSTON ADMINISTRAÇÃO                                    ;B;4010;0081900002;(-) OUTRAS DESPESAS OPERACIONAIS                  ;-0000000066472101,70
200505;33140666;BANKBOSTON ADMINISTRAÇÃO                                    ;B;4010;0083000003;(-) DESPESAS NAO OPERACIONAIS                     ;-0000000000071885,30
200505;33140666;BANKBOSTON ADMINISTRAÇÃO                                    ;B;4010;0083100006;(-) PREJUIZOS EM TRANSACOES COM VALORES E BENS    ;-0000000000071885,30
200505;33140666;BANKBOSTON ADMINISTRAÇÃO                                    ;B;4010;0089000007;(-) APURACAO DE RESULTADO                         ;-0000000010439683,80
200505;33140666;BANKBOSTON ADMINISTRAÇÃO                                    ;B;4010;0089400009;(-) IMPOSTO DE RENDA                              ;-0000000008277401,67
200505;33140666;BANKBOSTON ADMINISTRAÇÃO                                    ;B;4010;0089700008;(-) PARTICIPACOES NO LUCRO                        ;-0000000002162282,13
200505;33140666;BANKBOSTON ADMINISTRAÇÃO                                    ;B;4010;0090000003;COMPENSACAO                                       ; 0000141010949528,67
200505;33140666;BANKBOSTON ADMINISTRAÇÃO                                    ;B;4010;0090100006;COOBRIGACOES E RISCOS EM GARANTIAS PRESTADAS      ; 0000000024800901,41
200505;33140666;BANKBOSTON ADMINISTRAÇÃO                                    ;B;4010;0090300002;TITULOS E VALORES MOBILIARIOS                     ; 0000001018138692,28
200505;33140666;BANKBOSTON ADMINISTRAÇÃO                                    ;B;4010;0090400005;CUSTODIA DE VALORES                               ; 0000134337676045,21
200505;33140666;BANKBOSTON ADMINISTRAÇÃO                                    ;B;4010;0090500008;COBRANCA                                          ; 0000000006454429,30
200505;33140666;BANKBOSTON ADMINISTRAÇÃO                                    ;B;4010;0090600001;NEGOCIACAO E INTERMEDIACAO DE VALORES             ; 0000004698356153,82
200505;33140666;BANKBOSTON ADMINISTRAÇÃO                                    ;B;4010;0090900000;CONTROLE                                          ; 0000000397263071,72
200505;33140666;BANKBOSTON ADMINISTRAÇÃO                                    ;B;4010;0091000002;CLASSIFICACAO DA CARTEIRA DE CREDITOS             ; 0000000528260234,93
200505;33140666;BANKBOSTON ADMINISTRAÇÃO                                    ;B;4010;0091100005;OPERACOES DE CREDITOS E ARRENDAMENTO MERCANTIL    ; 0000000528260234,93
200505;33140666;BANKBOSTON ADMINISTRAÇÃO                                    ;B;4010;0099999995;TOTAL GERAL DO PASSIVO                            ; 0000143845188548,23
200505;33172537;BCO J.P. MORGAN S.A.                                        ;U;4010;0010000007;CIRCULANTE E REALIZAVEL A LONGO PRAZO             ; 0000007511004267,32
200505;33172537;BCO J.P. MORGAN S.A.                                        ;U;4010;0011000006;DISPONIBILIDADES                                  ; 0000000001830105,70
200505;33172537;BCO J.P. MORGAN S.A.                                        ;U;4010;0011100009;CAIXA                                             ; 0000000000003212,79
200505;33172537;BCO J.P. MORGAN S.A.                                        ;U;4010;0011300005;RESERVAS LIVRES                                   ; 0000000000498988,56
200505;33172537;BCO J.P. MORGAN S.A.                                        ;U;4010;0011500001;DISPONIBILIDADES EM MOEDAS ESTRANGEIRAS           ; 0000000001327904,35
200505;33172537;BCO J.P. MORGAN S.A.                                        ;U;4010;0012000005;APLICACOES INTERFINANCEIRAS DE LIQUIDEZ           ; 0000000793717354,16
200505;33172537;BCO J.P. MORGAN S.A.                                        ;U;4010;0012100008;APLICACOES EM OPERACOES COMPROMISSADAS            ; 0000000783717354,56
200505;33172537;BCO J.P. MORGAN S.A.                                        ;U;4010;0012200001;APLICACOES EM DEPOSITOS INTERFINANCEIROS          ; 0000000009999999,60
200505;33172537;BCO J.P. MORGAN S.A.                                        ;U;4010;0013000004;TITULOS E VAL. MOB. E INST. FINANC. DERIVATIVOS   ; 0000005521978569,25
200505;33172537;BCO J.P. MORGAN S.A.                                        ;U;4010;0013100007;LIVRES                                            ; 0000000930849434,70
200505;33172537;BCO J.P. MORGAN S.A.                                        ;U;4010;0013200000;VINCULADOS A OPERACOES COMPROMISSADAS             ; 0000000392587170,35
200505;33172537;BCO J.P. MORGAN S.A.                                        ;U;4010;0013300003;INSTRUMENTOS FINANCEIROS DERIVATIVOS              ; 0000002927280376,65
200505;33172537;BCO J.P. MORGAN S.A.                                        ;U;4010;0013600002;VINCULADOS A PRESTACAO DE GARANTIAS               ; 0000001271261587,55
200505;33172537;BCO J.P. MORGAN S.A.                                        ;U;4010;0014000003;RELACOES INTERFINANCEIRAS                         ; 0000000000001891,08
200505;33172537;BCO J.P. MORGAN S.A.                                        ;U;4010;0014100006;DIREITOS JUNTO A PARTIC. DE SISTEMAS DE LIQUIDAÇÃO; 0000000000001891,08
200505;33172537;BCO J.P. MORGAN S.A.                                        ;U;4010;0016000001;OPERACOES DE CREDITO                              ; 0000000096504687,65
200505;33172537;BCO J.P. MORGAN S.A.                                        ;U;4010;0016100004;EMPRESTIMOS E TITULOS DESCONTADOS                 ; 0000000096843866,11
200505;33172537;BCO J.P. MORGAN S.A.                                        ;U;4010;0016900008;(-) PROVISOES PARA OPERACOES DE CREDITO           ;-0000000000339178,46
200505;33172537;BCO J.P. MORGAN S.A.                                        ;U;4010;0018000009;OUTROS CREDITOS                                   ; 0000001096640430,61
200505;33172537;BCO J.P. MORGAN S.A.                                        ;U;4010;0018200005;CARTEIRA DE CAMBIO                                ; 0000000171811278,78
200505;33172537;BCO J.P. MORGAN S.A.                                        ;U;4010;0018300008;RENDAS A RECEBER                                  ; 0000000002981376,72
200505;33172537;BCO J.P. MORGAN S.A.                                        ;U;4010;0018400001;NEGOCIACAO E INTERMEDIACAO DE VALORES             ; 0000000507323628,22
200505;33172537;BCO J.P. MORGAN S.A.                                        ;U;4010;0018800003;DIVERSOS                                          ; 0000000414524146,89
200505;33172537;BCO J.P. MORGAN S.A.                                        ;U;4010;0019000008;OUTROS VALORES E BENS                             ; 0000000000331228,87
200505;33172537;BCO J.P. MORGAN S.A.                                        ;U;4010;0019800002;OUTROS VALORES E BENS                             ; 0000000000016881,74
200505;33172537;BCO J.P. MORGAN S.A.                                        ;U;4010;0019900005;DESPESAS ANTECIPADAS                              ; 0000000000314347,13
200505;33172537;BCO J.P. MORGAN S.A.                                        ;U;4010;0020000004;PERMANENTE                                        ; 0000000206964948,80
200505;33172537;BCO J.P. MORGAN S.A.                                        ;U;4010;0021000003;INVESTIMENTOS                                     ; 0000000196498819,78
200505;33172537;BCO J.P. MORGAN S.A.                                        ;U;4010;0021200009;PARTICIPACOES EM COLIGADAS E CONTROLADAS NO PAIS  ; 0000000182440932,73
200505;33172537;BCO J.P. MORGAN S.A.                                        ;U;4010;0021400005;TITULOS PATRIMONIAIS                              ; 0000000008430182,16
200505;33172537;BCO J.P. MORGAN S.A.                                        ;U;4010;0021500008;ACOES E COTAS                                     ; 0000000005173285,94
200505;33172537;BCO J.P. MORGAN S.A.                                        ;U;4010;0021900000;OUTROS INVESTIMENTOS                              ; 0000000000454418,95
200505;33172537;BCO J.P. MORGAN S.A.                                        ;U;4010;0022000002;IMOBILIZADO DE USO                                ; 0000000009907143,11
200505;33172537;BCO J.P. MORGAN S.A.                                        ;U;4010;0022300001;IMOVEIS DE USO                                    ; 0000000000817077,55
200505;33172537;BCO J.P. MORGAN S.A.                                        ;U;4010;0022400004;INSTALACOES, MOVEIS E EQUIPAMENTOS DE USO         ; 0000000000611155,98
200505;33172537;BCO J.P. MORGAN S.A.                                        ;U;4010;0022900009;OUTROS                                            ; 0000000008478909,58
200505;33172537;BCO J.P. MORGAN S.A.                                        ;U;4010;0023000001;IMOBILIZADO DE ARRENDAMENTO                       ;-0000000000068161,51
200505;33172537;BCO J.P. MORGAN S.A.                                        ;U;4010;0023200007;BENS ARRENDADOS - ARRENDAMENTO FINANCEIRO         ;-0000000000068161,51
200505;33172537;BCO J.P. MORGAN S.A.                                        ;U;4010;0024000000;DIFERIDO                                          ; 0000000000627147,42
200505;33172537;BCO J.P. MORGAN S.A.                                        ;U;4010;0024100003;GASTOS DE ORGANIZACAO E EXPANSAO                  ; 0000000000627147,42
200505;33172537;BCO J.P. MORGAN S.A.                                        ;U;4010;0030000001;COMPENSACAO                                       ; 0000088911248277,34
200505;33172537;BCO J.P. MORGAN S.A.                                        ;U;4010;0030100004;COOBRIGACOES E RISCOS EM GARANTIAS PRESTADAS      ; 0000000161740831,28
200505;33172537;BCO J.P. MORGAN S.A.                                        ;U;4010;0030300000;TITULOS E VALORES MOBILIARIOS                     ; 0000008116676761,85
200505;33172537;BCO J.P. MORGAN S.A.                                        ;U;4010;0030400003;CUSTODIA DE VALORES                               ; 0000001741499749,37
200505;33172537;BCO J.P. MORGAN S.A.                                        ;U;4010;0030600009;NEGOCIACAO E INTERMEDIACAO DE VALORES             ; 0000073606116468,22
200505;33172537;BCO J.P. MORGAN S.A.                                        ;U;4010;0030800005;CONTRATOS                                         ; 0000001407946033,17
200505;33172537;BCO J.P. MORGAN S.A.                                        ;U;4010;0030900008;CONTROLE                                          ; 0000003780424567,34
200505;33172537;BCO J.P. MORGAN S.A.                                        ;U;4010;0031000000;CLASSIFICACAO DA CARTEIRA DE CREDITOS             ; 0000000096843866,11
200505;33172537;BCO J.P. MORGAN S.A.                                        ;U;4010;0031100003;OPERACOES DE RISCO NIVEL AA                       ; 0000000069524880,29
200505;33172537;BCO J.P. MORGAN S.A.                                        ;U;4010;0031200006;OPERACOES DE RISCO NIVEL A                        ; 0000000019215640,37
200505;33172537;BCO J.P. MORGAN S.A.                                        ;U;4010;0031400002;OPERACOES DE RISCO NIVELC                         ; 0000000008103345,45
200505;33172537;BCO J.P. MORGAN S.A.                                        ;U;4010;0039999993;TOTAL GERAL DO ATIVO                              ; 0000096629217493,46
200505;33172537;BCO J.P. MORGAN S.A.                                        ;U;4010;0040000008;CIRCULANTE EXIGIVEL A LONGO PRAZO                 ; 0000006501611013,65
200505;33172537;BCO J.P. MORGAN S.A.                                        ;U;4010;0041000007;DEPOSITOS                                         ; 0000000647254889,49
200505;33172537;BCO J.P. MORGAN S.A.                                        ;U;4010;0041100000;DEPOSITOS A VISTA                                 ; 0000000063494144,89
200505;33172537;BCO J.P. MORGAN S.A.                                        ;U;4010;0041300006;DEPOSITOS INTERFINANCEIROS                        ; 0000000306727005,25
200505;33172537;BCO J.P. MORGAN S.A.                                        ;U;4010;0041500002;DEPOSITOS A PRAZO                                 ; 0000000277033739,35
200505;33172537;BCO J.P. MORGAN S.A.                                        ;U;4010;0042000006;OBRIGACOES POR OPERACOES COMPROMISSADAS           ; 0000001012028808,21
200505;33172537;BCO J.P. MORGAN S.A.                                        ;U;4010;0042100009;CARTEIRA PROPRIA                                  ; 0000000391895061,91
200505;33172537;BCO J.P. MORGAN S.A.                                        ;U;4010;0042200002;CARTEIRA DE TERCEIROS                             ; 0000000620133746,30
200505;33172537;BCO J.P. MORGAN S.A.                                        ;U;4010;0046000002;OBRIGACOES POR EMPRESTIMOS E REPASSES             ; 0000000608439600,00
200505;33172537;BCO J.P. MORGAN S.A.                                        ;U;4010;0046300001;EMPRESTIMOS NO EXTERIOR                           ; 0000000608439600,00
200505;33172537;BCO J.P. MORGAN S.A.                                        ;U;4010;0047000001;INSTRUMENTOS FINANCEIROS DERIVATIVOS              ; 0000002660145032,73
200505;33172537;BCO J.P. MORGAN S.A.                                        ;U;4010;0047100004;INSTRUMENTOS FINANCEIROS DERIVATIVOS              ; 0000002660145032,73
200505;33172537;BCO J.P. MORGAN S.A.                                        ;U;4010;0049000009;OUTRAS OBRIGACOES                                 ; 0000001573742683,22
200505;33172537;BCO J.P. MORGAN S.A.                                        ;U;4010;0049100002;COBRANCA E ARRECADACAO DE TRIBUTOS E ASSEMELHADOS ; 0000000000016562,36
200505;33172537;BCO J.P. MORGAN S.A.                                        ;U;4010;0049200005;CARTEIRA DE CAMBIO                                ; 0000000173615078,03
200505;33172537;BCO J.P. MORGAN S.A.                                        ;U;4010;0049300008;SOCIAIS E ESTATUTARIAS                            ; 0000000009850288,75
200505;33172537;BCO J.P. MORGAN S.A.                                        ;U;4010;0049400001;FISCAIS E PREVIDENCIARIAS                         ; 0000000632137446,70
200505;33172537;BCO J.P. MORGAN S.A.                                        ;U;4010;0049500004;NEGOCIACAO E INTERMEDIACAO DE VALORES             ; 0000000635876169,20
200505;33172537;BCO J.P. MORGAN S.A.                                        ;U;4010;0049900006;DIVERSAS                                          ; 0000000122247138,18
200505;33172537;BCO J.P. MORGAN S.A.                                        ;U;4010;0050000005;RESULTADOS DE EXERCICIOS FUTUROS                  ; 0000000000715009,05
200505;33172537;BCO J.P. MORGAN S.A.                                        ;U;4010;0051000004;RECEITAS DE EXERCICIOS FUTUROS                    ; 0000000000715009,05
200505;33172537;BCO J.P. MORGAN S.A.                                        ;U;4010;0051100007;RECEITAS DE EXERCICIOS FUTUROS                    ; 0000000000715009,05
200505;33172537;BCO J.P. MORGAN S.A.                                        ;U;4010;0060000002;PATRIMONIO LIQUIDO                                ; 0000001133773969,27
200505;33172537;BCO J.P. MORGAN S.A.                                        ;U;4010;0061000001;PATRIMONIO LIQUIDO                                ; 0000001133773969,27
200505;33172537;BCO J.P. MORGAN S.A.                                        ;U;4010;0061100004;CAPITAL SOCIAL                                    ; 0000000429852704,44
200505;33172537;BCO J.P. MORGAN S.A.                                        ;U;4010;0061300000;RESERVAS DE CAPITAL                               ; 0000000029433760,48
200505;33172537;BCO J.P. MORGAN S.A.                                        ;U;4010;0061500006;RESERVAS DE LUCROS                                ; 0000000063323347,78
200505;33172537;BCO J.P. MORGAN S.A.                                        ;U;4010;0061800005;LUCROS OU PREJUIZOS ACUMULADOS                    ; 0000000611173851,14
200505;33172537;BCO J.P. MORGAN S.A.                                        ;U;4010;0061900008;(-) ACOES EM TESOURARIA                           ;-0000000000009694,57
200505;33172537;BCO J.P. MORGAN S.A.                                        ;U;4010;0070000009;CONTAS DE RESULTADO CREDORAS                      ; 0000004880578903,41
200505;33172537;BCO J.P. MORGAN S.A.                                        ;U;4010;0071000008;RECEITAS OPERACIONAIS                             ; 0000004879817050,83
200505;33172537;BCO J.P. MORGAN S.A.                                        ;U;4010;0071100001;RENDAS DE OPERACOES DE CREDITO                    ; 0000000007112089,42
200505;33172537;BCO J.P. MORGAN S.A.                                        ;U;4010;0071200004;RENDAS DE ARRENDAMENTO MERCANTIL                  ; 0000000000067664,70
200505;33172537;BCO J.P. MORGAN S.A.                                        ;U;4010;0071300007;RENDAS DE CAMBIO                                  ; 0000000042933863,58
200505;33172537;BCO J.P. MORGAN S.A.                                        ;U;4010;0071400000;RENDAS DE APLICACOES INTERFINANCEIRAS DE LIQUIDEZ ; 0000000250832130,35
200505;33172537;BCO J.P. MORGAN S.A.                                        ;U;4010;0071500003;RENDAS COM TIT. E VAL. MOB. E INST. FINANC. DERIV.; 0000004422197534,65
200505;33172537;BCO J.P. MORGAN S.A.                                        ;U;4010;0071700009;RENDAS DE PRESTACAO DE SERVICOS                   ; 0000000007313649,35
200505;33172537;BCO J.P. MORGAN S.A.                                        ;U;4010;0071800002;RENDAS DE PARTICIPACOES                           ; 0000000014404919,14
200505;33172537;BCO J.P. MORGAN S.A.                                        ;U;4010;0071900005;OUTRAS RECEITAS OPERACIONAIS                      ; 0000000134955199,64
200505;33172537;BCO J.P. MORGAN S.A.                                        ;U;4010;0073000006;RECEITAS NAO OPERACIONAIS                         ; 0000000000761852,58
200505;33172537;BCO J.P. MORGAN S.A.                                        ;U;4010;0073100009;LUCROS EM TRANSACOES COM VALORES E BENS           ; 0000000000323063,51
200505;33172537;BCO J.P. MORGAN S.A.                                        ;U;4010;0073900003;OUTRAS RECEITAS NAO OPERACIONAIS                  ; 0000000000438789,07
200505;33172537;BCO J.P. MORGAN S.A.                                        ;U;4010;0080000006;(-) CONTAS DE RESULTADO DEVEDORAS                 ;-0000004798709679,26
200505;33172537;BCO J.P. MORGAN S.A.                                        ;U;4010;0081000005;(-) DESPESAS OPERACIONAIS                         ;-0000004766181302,72
200505;33172537;BCO J.P. MORGAN S.A.                                        ;U;4010;0081100008;(-) DESPESAS DE CAPTACAO                          ;-0000000342286670,18
200505;33172537;BCO J.P. MORGAN S.A.                                        ;U;4010;0081200001;(-) DESP DE OBRIGACOES POR EMPRESTIMOS E REPASSES ;-0000000024061827,36
200505;33172537;BCO J.P. MORGAN S.A.                                        ;U;4010;0081400007;(-) DESPESAS DE CAMBIO                            ;-0000000043520994,51
200505;33172537;BCO J.P. MORGAN S.A.                                        ;U;4010;0081500000;(-) DESP. COM TIT. E VAL. MOB. E INST. FIN. DERIV.;-0000004269255155,27
200505;33172537;BCO J.P. MORGAN S.A.                                        ;U;4010;0081700006;(-) DESPESAS ADMINISTRATIVAS                      ;-0000000042753025,65
200505;33172537;BCO J.P. MORGAN S.A.                                        ;U;4010;0081800009;(-) APROVISIONAMENTOS E AJUSTES PATRIMONIAIS      ;-0000000001917710,10
200505;33172537;BCO J.P. MORGAN S.A.                                        ;U;4010;0081900002;(-) OUTRAS DESPESAS OPERACIONAIS                  ;-0000000042385919,65
200505;33172537;BCO J.P. MORGAN S.A.                                        ;U;4010;0083000003;(-) DESPESAS NAO OPERACIONAIS                     ;-0000000000929497,25
200505;33172537;BCO J.P. MORGAN S.A.                                        ;U;4010;0083100006;(-) PREJUIZOS EM TRANSACOES COM VALORES E BENS    ;-0000000000595237,24
200505;33172537;BCO J.P. MORGAN S.A.                                        ;U;4010;0083900000;(-) OUTRAS DESPESAS NAO OPERACIONAIS              ;-0000000000334260,01
200505;33172537;BCO J.P. MORGAN S.A.                                        ;U;4010;0089000007;(-) APURACAO DE RESULTADO                         ;-0000000031598879,29
200505;33172537;BCO J.P. MORGAN S.A.                                        ;U;4010;0089400009;(-) IMPOSTO DE RENDA                              ;-0000000019670160,84
200505;33172537;BCO J.P. MORGAN S.A.                                        ;U;4010;0089700008;(-) PARTICIPACOES NO LUCRO                        ;-0000000011928718,45
200505;33172537;BCO J.P. MORGAN S.A.                                        ;U;4010;0090000003;COMPENSACAO                                       ; 0000088911248277,34
200505;33172537;BCO J.P. MORGAN S.A.                                        ;U;4010;0090100006;COOBRIGACOES E RISCOS EM GARANTIAS PRESTADAS      ; 0000000161740831,28
200505;33172537;BCO J.P. MORGAN S.A.                                        ;U;4010;0090300002;TITULOS E VALORES MOBILIARIOS                     ; 0000008116676761,85
200505;33172537;BCO J.P. MORGAN S.A.                                        ;U;4010;0090400005;CUSTODIA DE VALORES                               ; 0000001741499749,37
200505;33172537;BCO J.P. MORGAN S.A.                                        ;U;4010;0090600001;NEGOCIACAO E INTERMEDIACAO DE VALORES             ; 0000073606116468,22
200505;33172537;BCO J.P. MORGAN S.A.                                        ;U;4010;0090800007;CONTRATOS                                         ; 0000001407946033,17
200505;33172537;BCO J.P. MORGAN S.A.                                        ;U;4010;0090900000;CONTROLE                                          ; 0000003780424567,34
200505;33172537;BCO J.P. MORGAN S.A.                                        ;U;4010;0091000002;CLASSIFICACAO DA CARTEIRA DE CREDITOS             ; 0000000096843866,11
200505;33172537;BCO J.P. MORGAN S.A.                                        ;U;4010;0091100005;OPERACOES DE CREDITOS E ARRENDAMENTO MERCANTIL    ; 0000000096843866,11
200505;33172537;BCO J.P. MORGAN S.A.                                        ;U;4010;0099999995;TOTAL GERAL DO PASSIVO                            ; 0000096629217493,46
200505;33254319;HSBC FINANCE S.A. BM                                        ;I;4010;0010000007;CIRCULANTE E REALIZAVEL A LONGO PRAZO             ; 0000000736046794,13
200505;33254319;HSBC FINANCE S.A. BM                                        ;I;4010;0011000006;DISPONIBILIDADES                                  ; 0000000000008499,69
200505;33254319;HSBC FINANCE S.A. BM                                        ;I;4010;0011200002;DEPOSITOS BANCARIOS                               ; 0000000000008499,69
200505;33254319;HSBC FINANCE S.A. BM                                        ;I;4010;0012000005;APLICACOES INTERFINANCEIRAS DE LIQUIDEZ           ; 0000000647458381,05
200505;33254319;HSBC FINANCE S.A. BM                                        ;I;4010;0012200001;APLICACOES EM DEPOSITOS INTERFINANCEIROS          ; 0000000647458381,05
200505;33254319;HSBC FINANCE S.A. BM                                        ;I;4010;0013000004;TITULOS E VAL. MOB. E INST. FINANC. DERIVATIVOS   ; 0000000008987989,08
200505;33254319;HSBC FINANCE S.A. BM                                        ;I;4010;0013100007;LIVRES                                            ; 0000000008987989,08
200505;33254319;HSBC FINANCE S.A. BM                                        ;I;4010;0018000009;OUTROS CREDITOS                                   ; 0000000079541709,69
200505;33254319;HSBC FINANCE S.A. BM                                        ;I;4010;0018300008;RENDAS A RECEBER                                  ; 0000000001803358,62
200505;33254319;HSBC FINANCE S.A. BM                                        ;I;4010;0018800003;DIVERSOS                                          ; 0000000077738351,07
200505;33254319;HSBC FINANCE S.A. BM                                        ;I;4010;0019000008;OUTROS VALORES E BENS                             ; 0000000000050214,62
200505;33254319;HSBC FINANCE S.A. BM                                        ;I;4010;0019900005;DESPESAS ANTECIPADAS                              ; 0000000000050214,62
200505;33254319;HSBC FINANCE S.A. BM                                        ;I;4010;0020000004;PERMANENTE                                        ; 0000000058268712,16
200505;33254319;HSBC FINANCE S.A. BM                                        ;I;4010;0021000003;INVESTIMENTOS                                     ; 0000000058262026,76
200505;33254319;HSBC FINANCE S.A. BM                                        ;I;4010;0021200009;PARTICIPACOES EM COLIGADAS E CONTROLADAS NO PAIS  ; 0000000057442565,55
200505;33254319;HSBC FINANCE S.A. BM                                        ;I;4010;0021400005;TITULOS PATRIMONIAIS                              ; 0000000000621750,53
200505;33254319;HSBC FINANCE S.A. BM                                        ;I;4010;0021900000;OUTROS INVESTIMENTOS                              ; 0000000000197710,68
200505;33254319;HSBC FINANCE S.A. BM                                        ;I;4010;0022000002;IMOBILIZADO DE USO                                ; 0000000000006603,88
200505;33254319;HSBC FINANCE S.A. BM                                        ;I;4010;0022400004;INSTALACOES, MOVEIS E EQUIPAMENTOS DE USO         ; 0000000000000386,96
200505;33254319;HSBC FINANCE S.A. BM                                        ;I;4010;0022900009;OUTROS                                            ; 0000000000006216,92
200505;33254319;HSBC FINANCE S.A. BM                                        ;I;4010;0023000001;IMOBILIZADO DE ARRENDAMENTO                       ;-0000000000375397,05
200505;33254319;HSBC FINANCE S.A. BM                                        ;I;4010;0023200007;BENS ARRENDADOS - ARRENDAMENTO FINANCEIRO         ;-0000000000375397,05
200505;33254319;HSBC FINANCE S.A. BM                                        ;I;4010;0024000000;DIFERIDO                                          ; 0000000000375478,57
200505;33254319;HSBC FINANCE S.A. BM                                        ;I;4010;0024100003;GASTOS DE ORGANIZACAO E EXPANSAO                  ; 0000000000375478,57
200505;33254319;HSBC FINANCE S.A. BM                                        ;I;4010;0030000001;COMPENSACAO                                       ; 0000000040299123,95
200505;33254319;HSBC FINANCE S.A. BM                                        ;I;4010;0030300000;TITULOS E VALORES MOBILIARIOS                     ; 0000000017975978,16
200505;33254319;HSBC FINANCE S.A. BM                                        ;I;4010;0030400003;CUSTODIA DE VALORES                               ; 0000000000000015,00
200505;33254319;HSBC FINANCE S.A. BM                                        ;I;4010;0030900008;CONTROLE                                          ; 0000000022323130,79
200505;33254319;HSBC FINANCE S.A. BM                                        ;I;4010;0039999993;TOTAL GERAL DO ATIVO                              ; 0000000834614630,24
200505;33254319;HSBC FINANCE S.A. BM                                        ;I;4010;0040000008;CIRCULANTE EXIGIVEL A LONGO PRAZO                 ; 0000000147087459,00
200505;33254319;HSBC FINANCE S.A. BM                                        ;I;4010;0049000009;OUTRAS OBRIGACOES                                 ; 0000000147087459,00
200505;33254319;HSBC FINANCE S.A. BM                                        ;I;4010;0049300008;SOCIAIS E ESTATUTARIAS                            ; 0000000012246996,39
200505;33254319;HSBC FINANCE S.A. BM                                        ;I;4010;0049400001;FISCAIS E PREVIDENCIARIAS                         ; 0000000111669060,26
200505;33254319;HSBC FINANCE S.A. BM                                        ;I;4010;0049900006;DIVERSAS                                          ; 0000000023171402,35
200505;33254319;HSBC FINANCE S.A. BM                                        ;I;4010;0060000002;PATRIMONIO LIQUIDO                                ; 0000000618086324,12
200505;33254319;HSBC FINANCE S.A. BM                                        ;I;4010;0061000001;PATRIMONIO LIQUIDO                                ; 0000000618086324,12
200505;33254319;HSBC FINANCE S.A. BM                                        ;I;4010;0061100004;CAPITAL SOCIAL                                    ; 0000000527165381,81
200505;33254319;HSBC FINANCE S.A. BM                                        ;I;4010;0061300000;RESERVAS DE CAPITAL                               ; 0000000004468230,42
200505;33254319;HSBC FINANCE S.A. BM                                        ;I;4010;0061500006;RESERVAS DE LUCROS                                ; 0000000008831928,17
200505;33254319;HSBC FINANCE S.A. BM                                        ;I;4010;0061600009;AJUSTES DE AVALIACAO PATRIMONIAL                  ; 0000000000004827,80
200505;33254319;HSBC FINANCE S.A. BM                                        ;I;4010;0061800005;LUCROS OU PREJUIZOS ACUMULADOS                    ; 0000000077615955,92
200505;33254319;HSBC FINANCE S.A. BM                                        ;I;4010;0070000009;CONTAS DE RESULTADO CREDORAS                      ; 0000000052727729,84
200505;33254319;HSBC FINANCE S.A. BM                                        ;I;4010;0071000008;RECEITAS OPERACIONAIS                             ; 0000000052727729,84
200505;33254319;HSBC FINANCE S.A. BM                                        ;I;4010;0071200004;RENDAS DE ARRENDAMENTO MERCANTIL                  ; 0000000000168190,35
200505;33254319;HSBC FINANCE S.A. BM                                        ;I;4010;0071400000;RENDAS DE APLICACOES INTERFINANCEIRAS DE LIQUIDEZ ; 0000000043942573,16
200505;33254319;HSBC FINANCE S.A. BM                                        ;I;4010;0071500003;RENDAS COM TIT. E VAL. MOB. E INST. FINANC. DERIV.; 0000000000214992,30
200505;33254319;HSBC FINANCE S.A. BM                                        ;I;4010;0071700009;RENDAS DE PRESTACAO DE SERVICOS                   ; 0000000003284859,11
200505;33254319;HSBC FINANCE S.A. BM                                        ;I;4010;0071800002;RENDAS DE PARTICIPACOES                           ; 0000000003343500,72
200505;33254319;HSBC FINANCE S.A. BM                                        ;I;4010;0071900005;OUTRAS RECEITAS OPERACIONAIS                      ; 0000000001773614,20
200505;33254319;HSBC FINANCE S.A. BM                                        ;I;4010;0080000006;(-) CONTAS DE RESULTADO DEVEDORAS                 ;-0000000023586006,67
200505;33254319;HSBC FINANCE S.A. BM                                        ;I;4010;0081000005;(-) DESPESAS OPERACIONAIS                         ;-0000000010337457,32
200505;33254319;HSBC FINANCE S.A. BM                                        ;I;4010;0081300004;(-) DESPESAS DE ARRENDAMENTO MERCANTIL            ;-0000000000168190,35
200505;33254319;HSBC FINANCE S.A. BM                                        ;I;4010;0081600003;(-) DESPESAS DE PARTICIPACOES                     ;-0000000001017738,61
200505;33254319;HSBC FINANCE S.A. BM                                        ;I;4010;0081700006;(-) DESPESAS ADMINISTRATIVAS                      ;-0000000002543530,22
200505;33254319;HSBC FINANCE S.A. BM                                        ;I;4010;0081800009;(-) APROVISIONAMENTOS E AJUSTES PATRIMONIAIS      ;-0000000000000135,87
200505;33254319;HSBC FINANCE S.A. BM                                        ;I;4010;0081900002;(-) OUTRAS DESPESAS OPERACIONAIS                  ;-0000000006607862,27
200505;33254319;HSBC FINANCE S.A. BM                                        ;I;4010;0083000003;(-) DESPESAS NAO OPERACIONAIS                     ;-0000000000122036,28
200505;33254319;HSBC FINANCE S.A. BM                                        ;I;4010;0083900000;(-) OUTRAS DESPESAS NAO OPERACIONAIS              ;-0000000000122036,28
200505;33254319;HSBC FINANCE S.A. BM                                        ;I;4010;0089000007;(-) APURACAO DE RESULTADO                         ;-0000000013126513,07
200505;33254319;HSBC FINANCE S.A. BM                                        ;I;4010;0089400009;(-) IMPOSTO DE RENDA                              ;-0000000013126513,07
200505;33254319;HSBC FINANCE S.A. BM                                        ;I;4010;0090000003;COMPENSACAO                                       ; 0000000040299123,95
200505;33254319;HSBC FINANCE S.A. BM                                        ;I;4010;0090300002;TITULOS E VALORES MOBILIARIOS                     ; 0000000017975978,16
200505;33254319;HSBC FINANCE S.A. BM                                        ;I;4010;0090400005;CUSTODIA DE VALORES                               ; 0000000000000015,00
200505;33254319;HSBC FINANCE S.A. BM                                        ;I;4010;0090900000;CONTROLE                                          ; 0000000022323130,79
200505;33254319;HSBC FINANCE S.A. BM                                        ;I;4010;0099999995;TOTAL GERAL DO PASSIVO                            ; 0000000834614630,24
200505;33349358;BCO CACIQUE S.A.                                            ;U;4010;0010000007;CIRCULANTE E REALIZAVEL A LONGO PRAZO             ; 0000000960921035,93
200505;33349358;BCO CACIQUE S.A.                                            ;U;4010;0011000006;DISPONIBILIDADES                                  ; 0000000004721729,08
200505;33349358;BCO CACIQUE S.A.                                            ;U;4010;0011100009;CAIXA                                             ; 0000000001419464,30
200505;33349358;BCO CACIQUE S.A.                                            ;U;4010;0011300005;RESERVAS LIVRES                                   ; 0000000001786791,37
200505;33349358;BCO CACIQUE S.A.                                            ;U;4010;0011500001;DISPONIBILIDADES EM MOEDAS ESTRANGEIRAS           ; 0000000001515473,41
200505;33349358;BCO CACIQUE S.A.                                            ;U;4010;0012000005;APLICACOES INTERFINANCEIRAS DE LIQUIDEZ           ; 0000000326694577,46
200505;33349358;BCO CACIQUE S.A.                                            ;U;4010;0012100008;APLICACOES EM OPERACOES COMPROMISSADAS            ; 0000000324933273,00
200505;33349358;BCO CACIQUE S.A.                                            ;U;4010;0012200001;APLICACOES EM DEPOSITOS INTERFINANCEIROS          ; 0000000001761304,46
200505;33349358;BCO CACIQUE S.A.                                            ;U;4010;0013000004;TITULOS E VAL. MOB. E INST. FINANC. DERIVATIVOS   ; 0000000042907385,68
200505;33349358;BCO CACIQUE S.A.                                            ;U;4010;0013100007;LIVRES                                            ; 0000000002767446,25
200505;33349358;BCO CACIQUE S.A.                                            ;U;4010;0013200000;VINCULADOS A OPERACOES COMPROMISSADAS             ; 0000000026016125,52
200505;33349358;BCO CACIQUE S.A.                                            ;U;4010;0013300003;INSTRUMENTOS FINANCEIROS DERIVATIVOS              ; 0000000009238340,00
200505;33349358;BCO CACIQUE S.A.                                            ;U;4010;0013600002;VINCULADOS A PRESTACAO DE GARANTIAS               ; 0000000004885473,91
200505;33349358;BCO CACIQUE S.A.                                            ;U;4010;0014000003;RELACOES INTERFINANCEIRAS                         ; 0000000002263390,45
200505;33349358;BCO CACIQUE S.A.                                            ;U;4010;0014100006;DIREITOS JUNTO A PARTIC. DE SISTEMAS DE LIQUIDAÇÃO; 0000000000244679,35
200505;33349358;BCO CACIQUE S.A.                                            ;U;4010;0014200009;CREDITOS VINCULADOS                               ; 0000000000062256,31
200505;33349358;BCO CACIQUE S.A.                                            ;U;4010;0014400005;RELACOES COM CORRESPONDENTES                      ; 0000000001956454,79
200505;33349358;BCO CACIQUE S.A.                                            ;U;4010;0016000001;OPERACOES DE CREDITO                              ; 0000000560117645,15
200505;33349358;BCO CACIQUE S.A.                                            ;U;4010;0016100004;EMPRESTIMOS E TITULOS DESCONTADOS                 ; 0000000339744412,83
200505;33349358;BCO CACIQUE S.A.                                            ;U;4010;0016200007;FINANCIAMENTOS                                    ; 0000000246861196,53
200505;33349358;BCO CACIQUE S.A.                                            ;U;4010;0016900008;(-) PROVISOES PARA OPERACOES DE CREDITO           ;-0000000026487964,21
200505;33349358;BCO CACIQUE S.A.                                            ;U;4010;0018000009;OUTROS CREDITOS                                   ; 0000000023862174,53
200505;33349358;BCO CACIQUE S.A.                                            ;U;4010;0018400001;NEGOCIACAO E INTERMEDIACAO DE VALORES             ; 0000000006784108,46
200505;33349358;BCO CACIQUE S.A.                                            ;U;4010;0018800003;DIVERSOS                                          ; 0000000017078066,07
200505;33349358;BCO CACIQUE S.A.                                            ;U;4010;0019000008;OUTROS VALORES E BENS                             ; 0000000000354133,58
200505;33349358;BCO CACIQUE S.A.                                            ;U;4010;0019800002;OUTROS VALORES E BENS                             ; 0000000000353429,58
200505;33349358;BCO CACIQUE S.A.                                            ;U;4010;0019900005;DESPESAS ANTECIPADAS                              ; 0000000000000704,00
200505;33349358;BCO CACIQUE S.A.                                            ;U;4010;0020000004;PERMANENTE                                        ; 0000000021561461,62
200505;33349358;BCO CACIQUE S.A.                                            ;U;4010;0021000003;INVESTIMENTOS                                     ; 0000000005346821,03
200505;33349358;BCO CACIQUE S.A.                                            ;U;4010;0021200009;PARTICIPACOES EM COLIGADAS E CONTROLADAS NO PAIS  ; 0000000005150346,73
200505;33349358;BCO CACIQUE S.A.                                            ;U;4010;0021300002;INVESTIMENTOS POR INCENTIVOS FISCAIS              ; 0000000000135276,43
200505;33349358;BCO CACIQUE S.A.                                            ;U;4010;0021400005;TITULOS PATRIMONIAIS                              ; 0000000000032308,56
200505;33349358;BCO CACIQUE S.A.                                            ;U;4010;0021900000;OUTROS INVESTIMENTOS                              ; 0000000000028889,31
200505;33349358;BCO CACIQUE S.A.                                            ;U;4010;0022000002;IMOBILIZADO DE USO                                ; 0000000015810996,72
200505;33349358;BCO CACIQUE S.A.                                            ;U;4010;0022300001;IMOVEIS DE USO                                    ; 0000000013024750,00
200505;33349358;BCO CACIQUE S.A.                                            ;U;4010;0022400004;INSTALACOES, MOVEIS E EQUIPAMENTOS DE USO         ; 0000000000408836,90
200505;33349358;BCO CACIQUE S.A.                                            ;U;4010;0022900009;OUTROS                                            ; 0000000002377409,82
200505;33349358;BCO CACIQUE S.A.                                            ;U;4010;0024000000;DIFERIDO                                          ; 0000000000403643,87
200505;33349358;BCO CACIQUE S.A.                                            ;U;4010;0024100003;GASTOS DE ORGANIZACAO E EXPANSAO                  ; 0000000000403643,87
200505;33349358;BCO CACIQUE S.A.                                            ;U;4010;0030000001;COMPENSACAO                                       ; 0000004815854539,18
200505;33349358;BCO CACIQUE S.A.                                            ;U;4010;0030100004;COOBRIGACOES E RISCOS EM GARANTIAS PRESTADAS      ; 0000000060167746,11
200505;33349358;BCO CACIQUE S.A.                                            ;U;4010;0030300000;TITULOS E VALORES MOBILIARIOS                     ; 0000000076576431,36
200505;33349358;BCO CACIQUE S.A.                                            ;U;4010;0030400003;CUSTODIA DE VALORES                               ; 0000000727283592,39
200505;33349358;BCO CACIQUE S.A.                                            ;U;4010;0030500006;COBRANCA                                          ; 0000000089036918,20
200505;33349358;BCO CACIQUE S.A.                                            ;U;4010;0030600009;NEGOCIACAO E INTERMEDIACAO DE VALORES             ; 0000002550767898,82
200505;33349358;BCO CACIQUE S.A.                                            ;U;4010;0030800005;CONTRATOS                                         ; 0000000012239616,57
200505;33349358;BCO CACIQUE S.A.                                            ;U;4010;0030900008;CONTROLE                                          ; 0000000713176726,37
200505;33349358;BCO CACIQUE S.A.                                            ;U;4010;0031000000;CLASSIFICACAO DA CARTEIRA DE CREDITOS             ; 0000000586605609,36
200505;33349358;BCO CACIQUE S.A.                                            ;U;4010;0031100003;OPERACOES DE RISCO NIVEL AA                       ; 0000000000000336,34
200505;33349358;BCO CACIQUE S.A.                                            ;U;4010;0031200006;OPERACOES DE RISCO NIVEL A                        ; 0000000465155378,20
200505;33349358;BCO CACIQUE S.A.                                            ;U;4010;0031300009;OPERACOES DE RISCO NIVELB                         ; 0000000057919049,12
200505;33349358;BCO CACIQUE S.A.                                            ;U;4010;0031400002;OPERACOES DE RISCO NIVELC                         ; 0000000017910451,00
200505;33349358;BCO CACIQUE S.A.                                            ;U;4010;0031500005;OPERACOES DE RISCO NIVEL D                        ; 0000000010488506,37
200505;33349358;BCO CACIQUE S.A.                                            ;U;4010;0031600008;OPERACOES DE RISCO NIVEL E                        ; 0000000010113240,63
200505;33349358;BCO CACIQUE S.A.                                            ;U;4010;0031700001;OPERACOES DE RISCO NIVEL F                        ; 0000000007966981,33
200505;33349358;BCO CACIQUE S.A.                                            ;U;4010;0031800004;OPERACOES DE RISCO NIVEL G                        ; 0000000006907653,33
200505;33349358;BCO CACIQUE S.A.                                            ;U;4010;0031900007;OPERACOES DE RISCO NIVEL H                        ; 0000000010144013,04
200505;33349358;BCO CACIQUE S.A.                                            ;U;4010;0039999993;TOTAL GERAL DO ATIVO                              ; 0000005798337036,73
200505;33349358;BCO CACIQUE S.A.                                            ;U;4010;0040000008;CIRCULANTE EXIGIVEL A LONGO PRAZO                 ; 0000000701587310,19
200505;33349358;BCO CACIQUE S.A.                                            ;U;4010;0041000007;DEPOSITOS                                         ; 0000000459601886,37
200505;33349358;BCO CACIQUE S.A.                                            ;U;4010;0041100000;DEPOSITOS A VISTA                                 ; 0000000002702756,77
200505;33349358;BCO CACIQUE S.A.                                            ;U;4010;0041300006;DEPOSITOS INTERFINANCEIROS                        ; 0000000143793430,97
200505;33349358;BCO CACIQUE S.A.                                            ;U;4010;0041500002;DEPOSITOS A PRAZO                                 ; 0000000313009513,49
200505;33349358;BCO CACIQUE S.A.                                            ;U;4010;0041900004;OUTROS DEPOSITOS                                  ; 0000000000096185,14
200505;33349358;BCO CACIQUE S.A.                                            ;U;4010;0042000006;OBRIGACOES POR OPERACOES COMPROMISSADAS           ; 0000000179288626,76
200505;33349358;BCO CACIQUE S.A.                                            ;U;4010;0042100009;CARTEIRA PROPRIA                                  ; 0000000025988750,16
200505;33349358;BCO CACIQUE S.A.                                            ;U;4010;0042200002;CARTEIRA DE TERCEIROS                             ; 0000000153299876,60
200505;33349358;BCO CACIQUE S.A.                                            ;U;4010;0044000004;RELACOES INTERFINANCEIRAS                         ; 0000000001165417,72
200505;33349358;BCO CACIQUE S.A.                                            ;U;4010;0044100007;OBRIGAÇÕES JUNTO A PARTIC. DE SIST. DE LIQUIDACÃO ; 0000000000561729,37
200505;33349358;BCO CACIQUE S.A.                                            ;U;4010;0044400006;RELACOES COM CORRESPONDENTES                      ; 0000000000603688,35
200505;33349358;BCO CACIQUE S.A.                                            ;U;4010;0047000001;INSTRUMENTOS FINANCEIROS DERIVATIVOS              ; 0000000008660497,97
200505;33349358;BCO CACIQUE S.A.                                            ;U;4010;0047100004;INSTRUMENTOS FINANCEIROS DERIVATIVOS              ; 0000000008660497,97
200505;33349358;BCO CACIQUE S.A.                                            ;U;4010;0049000009;OUTRAS OBRIGACOES                                 ; 0000000052870881,37
200505;33349358;BCO CACIQUE S.A.                                            ;U;4010;0049100002;COBRANCA E ARRECADACAO DE TRIBUTOS E ASSEMELHADOS ; 0000000001578069,11
200505;33349358;BCO CACIQUE S.A.                                            ;U;4010;0049400001;FISCAIS E PREVIDENCIARIAS                         ; 0000000023704103,54
200505;33349358;BCO CACIQUE S.A.                                            ;U;4010;0049500004;NEGOCIACAO E INTERMEDIACAO DE VALORES             ; 0000000006764720,76
200505;33349358;BCO CACIQUE S.A.                                            ;U;4010;0049900006;DIVERSAS                                          ; 0000000020823987,96
200505;33349358;BCO CACIQUE S.A.                                            ;U;4010;0050000005;RESULTADOS DE EXERCICIOS FUTUROS                  ; 0000000006252749,57
200505;33349358;BCO CACIQUE S.A.                                            ;U;4010;0051000004;RECEITAS DE EXERCICIOS FUTUROS                    ; 0000000006252749,57
200505;33349358;BCO CACIQUE S.A.                                            ;U;4010;0051100007;RECEITAS DE EXERCICIOS FUTUROS                    ; 0000000006252749,57
200505;33349358;BCO CACIQUE S.A.                                            ;U;4010;0060000002;PATRIMONIO LIQUIDO                                ; 0000000263277990,74
200505;33349358;BCO CACIQUE S.A.                                            ;U;4010;0061000001;PATRIMONIO LIQUIDO                                ; 0000000263277990,74
200505;33349358;BCO CACIQUE S.A.                                            ;U;4010;0061100004;CAPITAL SOCIAL                                    ; 0000000127706103,46
200505;33349358;BCO CACIQUE S.A.                                            ;U;4010;0061300000;RESERVAS DE CAPITAL                               ; 0000000002080698,28
200505;33349358;BCO CACIQUE S.A.                                            ;U;4010;0061500006;RESERVAS DE LUCROS                                ; 0000000012590916,37
200505;33349358;BCO CACIQUE S.A.                                            ;U;4010;0061800005;LUCROS OU PREJUIZOS ACUMULADOS                    ; 0000000120900272,63
200505;33349358;BCO CACIQUE S.A.                                            ;U;4010;0070000009;CONTAS DE RESULTADO CREDORAS                      ; 0000000200937580,22
200505;33349358;BCO CACIQUE S.A.                                            ;U;4010;0071000008;RECEITAS OPERACIONAIS                             ; 0000000200906077,24
200505;33349358;BCO CACIQUE S.A.                                            ;U;4010;0071100001;RENDAS DE OPERACOES DE CREDITO                    ; 0000000134513137,89
200505;33349358;BCO CACIQUE S.A.                                            ;U;4010;0071300007;RENDAS DE CAMBIO                                  ; 0000000000409408,41
200505;33349358;BCO CACIQUE S.A.                                            ;U;4010;0071400000;RENDAS DE APLICACOES INTERFINANCEIRAS DE LIQUIDEZ ; 0000000010428514,91
200505;33349358;BCO CACIQUE S.A.                                            ;U;4010;0071500003;RENDAS COM TIT. E VAL. MOB. E INST. FINANC. DERIV.; 0000000040635904,43
200505;33349358;BCO CACIQUE S.A.                                            ;U;4010;0071700009;RENDAS DE PRESTACAO DE SERVICOS                   ; 0000000002452065,69
200505;33349358;BCO CACIQUE S.A.                                            ;U;4010;0071800002;RENDAS DE PARTICIPACOES                           ; 0000000000237035,11
200505;33349358;BCO CACIQUE S.A.                                            ;U;4010;0071900005;OUTRAS RECEITAS OPERACIONAIS                      ; 0000000012230010,80
200505;33349358;BCO CACIQUE S.A.                                            ;U;4010;0073000006;RECEITAS NAO OPERACIONAIS                         ; 0000000000031502,98
200505;33349358;BCO CACIQUE S.A.                                            ;U;4010;0073900003;OUTRAS RECEITAS NAO OPERACIONAIS                  ; 0000000000031502,98
200505;33349358;BCO CACIQUE S.A.                                            ;U;4010;0080000006;(-) CONTAS DE RESULTADO DEVEDORAS                 ;-0000000189573133,17
200505;33349358;BCO CACIQUE S.A.                                            ;U;4010;0081000005;(-) DESPESAS OPERACIONAIS                         ;-0000000174072323,97
200505;33349358;BCO CACIQUE S.A.                                            ;U;4010;0081100008;(-) DESPESAS DE CAPTACAO                          ;-0000000040543788,10
200505;33349358;BCO CACIQUE S.A.                                            ;U;4010;0081200001;(-) DESP DE OBRIGACOES POR EMPRESTIMOS E REPASSES ;-0000000000005442,64
200505;33349358;BCO CACIQUE S.A.                                            ;U;4010;0081400007;(-) DESPESAS DE CAMBIO                            ;-0000000000583984,69
200505;33349358;BCO CACIQUE S.A.                                            ;U;4010;0081500000;(-) DESP. COM TIT. E VAL. MOB. E INST. FIN. DERIV.;-0000000032740611,50
200505;33349358;BCO CACIQUE S.A.                                            ;U;4010;0081700006;(-) DESPESAS ADMINISTRATIVAS                      ;-0000000056229152,77
200505;33349358;BCO CACIQUE S.A.                                            ;U;4010;0081800009;(-) APROVISIONAMENTOS E AJUSTES PATRIMONIAIS      ;-0000000018260356,88
200505;33349358;BCO CACIQUE S.A.                                            ;U;4010;0081900002;(-) OUTRAS DESPESAS OPERACIONAIS                  ;-0000000025708987,39
200505;33349358;BCO CACIQUE S.A.                                            ;U;4010;0083000003;(-) DESPESAS NAO OPERACIONAIS                     ;-0000000000003478,93
200505;33349358;BCO CACIQUE S.A.                                            ;U;4010;0083900000;(-) OUTRAS DESPESAS NAO OPERACIONAIS              ;-0000000000003478,93
200505;33349358;BCO CACIQUE S.A.                                            ;U;4010;0089000007;(-) APURACAO DE RESULTADO                         ;-0000000015497330,27
200505;33349358;BCO CACIQUE S.A.                                            ;U;4010;0089400009;(-) IMPOSTO DE RENDA                              ;-0000000015053213,24
200505;33349358;BCO CACIQUE S.A.                                            ;U;4010;0089700008;(-) PARTICIPACOES NO LUCRO                        ;-0000000000444117,03
200505;33349358;BCO CACIQUE S.A.                                            ;U;4010;0090000003;COMPENSACAO                                       ; 0000004815854539,18
200505;33349358;BCO CACIQUE S.A.                                            ;U;4010;0090100006;COOBRIGACOES E RISCOS EM GARANTIAS PRESTADAS      ; 0000000060167746,11
200505;33349358;BCO CACIQUE S.A.                                            ;U;4010;0090300002;TITULOS E VALORES MOBILIARIOS                     ; 0000000076576431,36
200505;33349358;BCO CACIQUE S.A.                                            ;U;4010;0090400005;CUSTODIA DE VALORES                               ; 0000000727283592,39
200505;33349358;BCO CACIQUE S.A.                                            ;U;4010;0090500008;COBRANCA                                          ; 0000000089036918,20
200505;33349358;BCO CACIQUE S.A.                                            ;U;4010;0090600001;NEGOCIACAO E INTERMEDIACAO DE VALORES             ; 0000002550767898,82
200505;33349358;BCO CACIQUE S.A.                                            ;U;4010;0090800007;CONTRATOS                                         ; 0000000012239616,57
200505;33349358;BCO CACIQUE S.A.                                            ;U;4010;0090900000;CONTROLE                                          ; 0000000713176726,37
200505;33349358;BCO CACIQUE S.A.                                            ;U;4010;0091000002;CLASSIFICACAO DA CARTEIRA DE CREDITOS             ; 0000000586605609,36
200505;33349358;BCO CACIQUE S.A.                                            ;U;4010;0091100005;OPERACOES DE CREDITOS E ARRENDAMENTO MERCANTIL    ; 0000000586605609,36
200505;33349358;BCO CACIQUE S.A.                                            ;U;4010;0099999995;TOTAL GERAL DO PASSIVO                            ; 0000005798337036,73
200505;33479023;BCO CITIBANK S.A.                                           ;U;4010;0010000007;CIRCULANTE E REALIZAVEL A LONGO PRAZO             ; 0000021488860456,82
200505;33479023;BCO CITIBANK S.A.                                           ;U;4010;0011000006;DISPONIBILIDADES                                  ; 0000000548666050,16
200505;33479023;BCO CITIBANK S.A.                                           ;U;4010;0011100009;CAIXA                                             ; 0000000049626589,16
200505;33479023;BCO CITIBANK S.A.                                           ;U;4010;0011500001;DISPONIBILIDADES EM MOEDAS ESTRANGEIRAS           ; 0000000499039461,00
200505;33479023;BCO CITIBANK S.A.                                           ;U;4010;0012000005;APLICACOES INTERFINANCEIRAS DE LIQUIDEZ           ; 0000003114969016,96
200505;33479023;BCO CITIBANK S.A.                                           ;U;4010;0012100008;APLICACOES EM OPERACOES COMPROMISSADAS            ; 0000000949513713,43
200505;33479023;BCO CITIBANK S.A.                                           ;U;4010;0012200001;APLICACOES EM DEPOSITOS INTERFINANCEIROS          ; 0000001492615303,53
200505;33479023;BCO CITIBANK S.A.                                           ;U;4010;0012600003;APLICA OES EM MOEDAS ESTRANGEIRAS                 ; 0000000672840000,00
200505;33479023;BCO CITIBANK S.A.                                           ;U;4010;0013000004;TITULOS E VAL. MOB. E INST. FINANC. DERIVATIVOS   ; 0000007636304979,91
200505;33479023;BCO CITIBANK S.A.                                           ;U;4010;0013100007;LIVRES                                            ; 0000001882892178,90
200505;33479023;BCO CITIBANK S.A.                                           ;U;4010;0013200000;VINCULADOS A OPERACOES COMPROMISSADAS             ; 0000000869385965,59
200505;33479023;BCO CITIBANK S.A.                                           ;U;4010;0013300003;INSTRUMENTOS FINANCEIROS DERIVATIVOS              ; 0000003146793697,45
200505;33479023;BCO CITIBANK S.A.                                           ;U;4010;0013400006;VINCULADOS AO BANCO CENTRAL                       ; 0000000478322456,93
200505;33479023;BCO CITIBANK S.A.                                           ;U;4010;0013600002;VINCULADOS A PRESTACAO DE GARANTIAS               ; 0000001258910681,04
200505;33479023;BCO CITIBANK S.A.                                           ;U;4010;0014000003;RELACOES INTERFINANCEIRAS                         ; 0000000817006771,08
200505;33479023;BCO CITIBANK S.A.                                           ;U;4010;0014100006;DIREITOS JUNTO A PARTIC. DE SISTEMAS DE LIQUIDAÇÃO; 0000000109644264,62
200505;33479023;BCO CITIBANK S.A.                                           ;U;4010;0014200009;CREDITOS VINCULADOS                               ; 0000000699605058,14
200505;33479023;BCO CITIBANK S.A.                                           ;U;4010;0014400005;RELACOES COM CORRESPONDENTES                      ; 0000000007757448,32
200505;33479023;BCO CITIBANK S.A.                                           ;U;4010;0016000001;OPERACOES DE CREDITO                              ; 0000004804389240,03
200505;33479023;BCO CITIBANK S.A.                                           ;U;4010;0016100004;EMPRESTIMOS E TITULOS DESCONTADOS                 ; 0000002819379981,67
200505;33479023;BCO CITIBANK S.A.                                           ;U;4010;0016200007;FINANCIAMENTOS                                    ; 0000001791545853,09
200505;33479023;BCO CITIBANK S.A.                                           ;U;4010;0016300000;FINANCIAMENTOS RURAIS E AGROINDUSTRIAIS           ; 0000000229940124,92
200505;33479023;BCO CITIBANK S.A.                                           ;U;4010;0016400003;FINANCIAMENTOS IMOBILIARIOS                       ; 0000000035444581,38
200505;33479023;BCO CITIBANK S.A.                                           ;U;4010;0016900008;(-) PROVISOES PARA OPERACOES DE CREDITO           ;-0000000071921301,03
200505;33479023;BCO CITIBANK S.A.                                           ;U;4010;0018000009;OUTROS CREDITOS                                   ; 0000004562830510,56
200505;33479023;BCO CITIBANK S.A.                                           ;U;4010;0018200005;CARTEIRA DE CAMBIO                                ; 0000003748712773,70
200505;33479023;BCO CITIBANK S.A.                                           ;U;4010;0018300008;RENDAS A RECEBER                                  ; 0000000056474910,35
200505;33479023;BCO CITIBANK S.A.                                           ;U;4010;0018400001;NEGOCIACAO E INTERMEDIACAO DE VALORES             ; 0000000159172680,50
200505;33479023;BCO CITIBANK S.A.                                           ;U;4010;0018800003;DIVERSOS                                          ; 0000000602832961,62
200505;33479023;BCO CITIBANK S.A.                                           ;U;4010;0018900006;(-) PROVISOES PARA OUTROS CREDITOS                ;-0000000004362815,61
200505;33479023;BCO CITIBANK S.A.                                           ;U;4010;0019000008;OUTROS VALORES E BENS                             ; 0000000004693888,12
200505;33479023;BCO CITIBANK S.A.                                           ;U;4010;0019800002;OUTROS VALORES E BENS                             ; 0000000000224367,32
200505;33479023;BCO CITIBANK S.A.                                           ;U;4010;0019900005;DESPESAS ANTECIPADAS                              ; 0000000004469520,80
200505;33479023;BCO CITIBANK S.A.                                           ;U;4010;0020000004;PERMANENTE                                        ; 0000001885342122,39
200505;33479023;BCO CITIBANK S.A.                                           ;U;4010;0021000003;INVESTIMENTOS                                     ; 0000001753040104,80
200505;33479023;BCO CITIBANK S.A.                                           ;U;4010;0021200009;PARTICIPACOES EM COLIGADAS E CONTROLADAS NO PAIS  ; 0000001746621002,73
200505;33479023;BCO CITIBANK S.A.                                           ;U;4010;0021400005;TITULOS PATRIMONIAIS                              ; 0000000003580529,22
200505;33479023;BCO CITIBANK S.A.                                           ;U;4010;0021500008;ACOES E COTAS                                     ; 0000000002474375,96
200505;33479023;BCO CITIBANK S.A.                                           ;U;4010;0021900000;OUTROS INVESTIMENTOS                              ; 0000000000364196,89
200505;33479023;BCO CITIBANK S.A.                                           ;U;4010;0022000002;IMOBILIZADO DE USO                                ; 0000000078518525,95
200505;33479023;BCO CITIBANK S.A.                                           ;U;4010;0022200008;IMOBILIZACOES EM CURSO                            ; 0000000020098244,51
200505;33479023;BCO CITIBANK S.A.                                           ;U;4010;0022400004;INSTALACOES, MOVEIS E EQUIPAMENTOS DE USO         ; 0000000012495330,50
200505;33479023;BCO CITIBANK S.A.                                           ;U;4010;0022900009;OUTROS                                            ; 0000000045924950,94
200505;33479023;BCO CITIBANK S.A.                                           ;U;4010;0024000000;DIFERIDO                                          ; 0000000053783491,64
200505;33479023;BCO CITIBANK S.A.                                           ;U;4010;0024100003;GASTOS DE ORGANIZACAO E EXPANSAO                  ; 0000000053783491,64
200505;33479023;BCO CITIBANK S.A.                                           ;U;4010;0030000001;COMPENSACAO                                       ; 0000168122944930,49
200505;33479023;BCO CITIBANK S.A.                                           ;U;4010;0030100004;COOBRIGACOES E RISCOS EM GARANTIAS PRESTADAS      ; 0000001026354646,05
200505;33479023;BCO CITIBANK S.A.                                           ;U;4010;0030300000;TITULOS E VALORES MOBILIARIOS                     ; 0000012125816262,37
200505;33479023;BCO CITIBANK S.A.                                           ;U;4010;0030400003;CUSTODIA DE VALORES                               ; 0000003195489696,21
200505;33479023;BCO CITIBANK S.A.                                           ;U;4010;0030500006;COBRANCA                                          ; 0000010691199572,36
200505;33479023;BCO CITIBANK S.A.                                           ;U;4010;0030600009;NEGOCIACAO E INTERMEDIACAO DE VALORES             ; 0000073580193346,29
200505;33479023;BCO CITIBANK S.A.                                           ;U;4010;0030800005;CONTRATOS                                         ; 0000027977756844,75
200505;33479023;BCO CITIBANK S.A.                                           ;U;4010;0030900008;CONTROLE                                          ; 0000033904903807,93
200505;33479023;BCO CITIBANK S.A.                                           ;U;4010;0031000000;CLASSIFICACAO DA CARTEIRA DE CREDITOS             ; 0000005621230754,53
200505;33479023;BCO CITIBANK S.A.                                           ;U;4010;0031100003;OPERACOES DE RISCO NIVEL AA                       ; 0000000886859808,12
200505;33479023;BCO CITIBANK S.A.                                           ;U;4010;0031200006;OPERACOES DE RISCO NIVEL A                        ; 0000004196713658,91
200505;33479023;BCO CITIBANK S.A.                                           ;U;4010;0031300009;OPERACOES DE RISCO NIVELB                         ; 0000000161560337,85
200505;33479023;BCO CITIBANK S.A.                                           ;U;4010;0031400002;OPERACOES DE RISCO NIVELC                         ; 0000000257582431,96
200505;33479023;BCO CITIBANK S.A.                                           ;U;4010;0031500005;OPERACOES DE RISCO NIVEL D                        ; 0000000065628565,71
200505;33479023;BCO CITIBANK S.A.                                           ;U;4010;0031600008;OPERACOES DE RISCO NIVEL E                        ; 0000000011764442,10
200505;33479023;BCO CITIBANK S.A.                                           ;U;4010;0031700001;OPERACOES DE RISCO NIVEL F                        ; 0000000006518493,37
200505;33479023;BCO CITIBANK S.A.                                           ;U;4010;0031800004;OPERACOES DE RISCO NIVEL G                        ; 0000000006656601,29
200505;33479023;BCO CITIBANK S.A.                                           ;U;4010;0031900007;OPERACOES DE RISCO NIVEL H                        ; 0000000027946415,22
200505;33479023;BCO CITIBANK S.A.                                           ;U;4010;0039999993;TOTAL GERAL DO ATIVO                              ; 0000191497147509,70
200505;33479023;BCO CITIBANK S.A.                                           ;U;4010;0040000008;CIRCULANTE EXIGIVEL A LONGO PRAZO                 ; 0000021705427332,87
200505;33479023;BCO CITIBANK S.A.                                           ;U;4010;0041000007;DEPOSITOS                                         ; 0000008369894906,94
200505;33479023;BCO CITIBANK S.A.                                           ;U;4010;0041100000;DEPOSITOS A VISTA                                 ; 0000001068931757,99
200505;33479023;BCO CITIBANK S.A.                                           ;U;4010;0041200003;DEPOSITOS DE POUPANCA                             ; 0000000129959814,42
200505;33479023;BCO CITIBANK S.A.                                           ;U;4010;0041300006;DEPOSITOS INTERFINANCEIROS                        ; 0000002402281841,06
200505;33479023;BCO CITIBANK S.A.                                           ;U;4010;0041500002;DEPOSITOS A PRAZO                                 ; 0000004742500296,72
200505;33479023;BCO CITIBANK S.A.                                           ;U;4010;0041800001;DEPOSITOS EM MOEDAS ESTRANGEIRAS                  ; 0000000015300889,03
200505;33479023;BCO CITIBANK S.A.                                           ;U;4010;0041900004;OUTROS DEPOSITOS                                  ; 0000000010920307,72
200505;33479023;BCO CITIBANK S.A.                                           ;U;4010;0042000006;OBRIGACOES POR OPERACOES COMPROMISSADAS           ; 0000001178027746,10
200505;33479023;BCO CITIBANK S.A.                                           ;U;4010;0042100009;CARTEIRA PROPRIA                                  ; 0000000879021712,61
200505;33479023;BCO CITIBANK S.A.                                           ;U;4010;0042200002;CARTEIRA DE TERCEIROS                             ; 0000000157590000,00
200505;33479023;BCO CITIBANK S.A.                                           ;U;4010;0042300005;CARTEIRA LIVRE MOVIMENTACAO                       ; 0000000141416033,49
200505;33479023;BCO CITIBANK S.A.                                           ;U;4010;0044000004;RELACOES INTERFINANCEIRAS                         ; 0000002353214052,73
200505;33479023;BCO CITIBANK S.A.                                           ;U;4010;0044100007;OBRIGAÇÕES JUNTO A PARTIC. DE SIST. DE LIQUIDACÃO ; 0000000076797700,45
200505;33479023;BCO CITIBANK S.A.                                           ;U;4010;0044400006;RELACOES COM CORRESPONDENTES                      ; 0000002276416352,28
200505;33479023;BCO CITIBANK S.A.                                           ;U;4010;0045000003;RELACOES INTERDEPENDENCIAS                        ; 0000000707153879,46
200505;33479023;BCO CITIBANK S.A.                                           ;U;4010;0045100006;RECURSOS EM TRANSITO DE TERCEIROS                 ; 0000000707153879,46
200505;33479023;BCO CITIBANK S.A.                                           ;U;4010;0046000002;OBRIGACOES POR EMPRESTIMOS E REPASSES             ; 0000001816163864,06
200505;33479023;BCO CITIBANK S.A.                                           ;U;4010;0046300001;EMPRESTIMOS NO EXTERIOR                           ; 0000001522213167,34
200505;33479023;BCO CITIBANK S.A.                                           ;U;4010;0046400004;REPASSES DO PAIS - INSTITUICOES OFICIAIS          ; 0000000293320409,82
200505;33479023;BCO CITIBANK S.A.                                           ;U;4010;0046600000;REPASSES DO EXTERIOR                              ; 0000000000630286,90
200505;33479023;BCO CITIBANK S.A.                                           ;U;4010;0047000001;INSTRUMENTOS FINANCEIROS DERIVATIVOS              ; 0000002826254043,20
200505;33479023;BCO CITIBANK S.A.                                           ;U;4010;0047100004;INSTRUMENTOS FINANCEIROS DERIVATIVOS              ; 0000002826254043,20
200505;33479023;BCO CITIBANK S.A.                                           ;U;4010;0049000009;OUTRAS OBRIGACOES                                 ; 0000004454718840,38
200505;33479023;BCO CITIBANK S.A.                                           ;U;4010;0049100002;COBRANCA E ARRECADACAO DE TRIBUTOS E ASSEMELHADOS ; 0000000078239660,27
200505;33479023;BCO CITIBANK S.A.                                           ;U;4010;0049200005;CARTEIRA DE CAMBIO                                ; 0000003168865439,47
200505;33479023;BCO CITIBANK S.A.                                           ;U;4010;0049300008;SOCIAIS E ESTATUTARIAS                            ; 0000000004996085,69
200505;33479023;BCO CITIBANK S.A.                                           ;U;4010;0049400001;FISCAIS E PREVIDENCIARIAS                         ; 0000000440528746,84
200505;33479023;BCO CITIBANK S.A.                                           ;U;4010;0049500004;NEGOCIACAO E INTERMEDIACAO DE VALORES             ; 0000000066470354,09
200505;33479023;BCO CITIBANK S.A.                                           ;U;4010;0049900006;DIVERSAS                                          ; 0000000695618554,02
200505;33479023;BCO CITIBANK S.A.                                           ;U;4010;0050000005;RESULTADOS DE EXERCICIOS FUTUROS                  ; 0000000029716861,47
200505;33479023;BCO CITIBANK S.A.                                           ;U;4010;0051000004;RECEITAS DE EXERCICIOS FUTUROS                    ; 0000000029716861,47
200505;33479023;BCO CITIBANK S.A.                                           ;U;4010;0051100007;RECEITAS DE EXERCICIOS FUTUROS                    ; 0000000029716861,47
200505;33479023;BCO CITIBANK S.A.                                           ;U;4010;0060000002;PATRIMONIO LIQUIDO                                ; 0000001772168060,45
200505;33479023;BCO CITIBANK S.A.                                           ;U;4010;0061000001;PATRIMONIO LIQUIDO                                ; 0000001772168060,45
200505;33479023;BCO CITIBANK S.A.                                           ;U;4010;0061100004;CAPITAL SOCIAL                                    ; 0000000752152210,28
200505;33479023;BCO CITIBANK S.A.                                           ;U;4010;0061300000;RESERVAS DE CAPITAL                               ; 0000000001450381,76
200505;33479023;BCO CITIBANK S.A.                                           ;U;4010;0061500006;RESERVAS DE LUCROS                                ; 0000000121987477,69
200505;33479023;BCO CITIBANK S.A.                                           ;U;4010;0061600009;AJUSTES DE AVALIACAO PATRIMONIAL                  ;-0000000011407697,98
200505;33479023;BCO CITIBANK S.A.                                           ;U;4010;0061800005;LUCROS OU PREJUIZOS ACUMULADOS                    ; 0000000907985688,70
200505;33479023;BCO CITIBANK S.A.                                           ;U;4010;0070000009;CONTAS DE RESULTADO CREDORAS                      ; 0000007571143791,47
200505;33479023;BCO CITIBANK S.A.                                           ;U;4010;0071000008;RECEITAS OPERACIONAIS                             ; 0000007569997002,40
200505;33479023;BCO CITIBANK S.A.                                           ;U;4010;0071100001;RENDAS DE OPERACOES DE CREDITO                    ; 0000000432510782,87
200505;33479023;BCO CITIBANK S.A.                                           ;U;4010;0071300007;RENDAS DE CAMBIO                                  ; 0000000695765789,83
200505;33479023;BCO CITIBANK S.A.                                           ;U;4010;0071400000;RENDAS DE APLICACOES INTERFINANCEIRAS DE LIQUIDEZ ; 0000000168024684,29
200505;33479023;BCO CITIBANK S.A.                                           ;U;4010;0071500003;RENDAS COM TIT. E VAL. MOB. E INST. FINANC. DERIV.; 0000005892941851,90
200505;33479023;BCO CITIBANK S.A.                                           ;U;4010;0071700009;RENDAS DE PRESTACAO DE SERVICOS                   ; 0000000139941629,07
200505;33479023;BCO CITIBANK S.A.                                           ;U;4010;0071800002;RENDAS DE PARTICIPACOES                           ; 0000000104038099,10
200505;33479023;BCO CITIBANK S.A.                                           ;U;4010;0071900005;OUTRAS RECEITAS OPERACIONAIS                      ; 0000000136774165,34
200505;33479023;BCO CITIBANK S.A.                                           ;U;4010;0073000006;RECEITAS NAO OPERACIONAIS                         ; 0000000001146789,07
200505;33479023;BCO CITIBANK S.A.                                           ;U;4010;0073100009;LUCROS EM TRANSACOES COM VALORES E BENS           ; 0000000000243726,11
200505;33479023;BCO CITIBANK S.A.                                           ;U;4010;0073900003;OUTRAS RECEITAS NAO OPERACIONAIS                  ; 0000000000903062,96
200505;33479023;BCO CITIBANK S.A.                                           ;U;4010;0080000006;(-) CONTAS DE RESULTADO DEVEDORAS                 ;-0000007704253467,05
200505;33479023;BCO CITIBANK S.A.                                           ;U;4010;0081000005;(-) DESPESAS OPERACIONAIS                         ;-0000007815688701,17
200505;33479023;BCO CITIBANK S.A.                                           ;U;4010;0081100008;(-) DESPESAS DE CAPTACAO                          ;-0000000594273817,76
200505;33479023;BCO CITIBANK S.A.                                           ;U;4010;0081200001;(-) DESP DE OBRIGACOES POR EMPRESTIMOS E REPASSES ;-0000000033690867,11
200505;33479023;BCO CITIBANK S.A.                                           ;U;4010;0081400007;(-) DESPESAS DE CAMBIO                            ;-0000000580937881,11
200505;33479023;BCO CITIBANK S.A.                                           ;U;4010;0081500000;(-) DESP. COM TIT. E VAL. MOB. E INST. FIN. DERIV.;-0000005999366126,52
200505;33479023;BCO CITIBANK S.A.                                           ;U;4010;0081700006;(-) DESPESAS ADMINISTRATIVAS                      ;-0000000424625411,42
200505;33479023;BCO CITIBANK S.A.                                           ;U;4010;0081800009;(-) APROVISIONAMENTOS E AJUSTES PATRIMONIAIS      ;-0000000014164113,46
200505;33479023;BCO CITIBANK S.A.                                           ;U;4010;0081900002;(-) OUTRAS DESPESAS OPERACIONAIS                  ;-0000000168630483,79
200505;33479023;BCO CITIBANK S.A.                                           ;U;4010;0083000003;(-) DESPESAS NAO OPERACIONAIS                     ;-0000000000000122,68
200505;33479023;BCO CITIBANK S.A.                                           ;U;4010;0083100006;(-) PREJUIZOS EM TRANSACOES COM VALORES E BENS    ;-0000000000000122,68
200505;33479023;BCO CITIBANK S.A.                                           ;U;4010;0089000007;(-) APURACAO DE RESULTADO                         ; 0000000111435356,80
200505;33479023;BCO CITIBANK S.A.                                           ;U;4010;0089400009;(-) IMPOSTO DE RENDA                              ; 0000000118071248,09
200505;33479023;BCO CITIBANK S.A.                                           ;U;4010;0089700008;(-) PARTICIPACOES NO LUCRO                        ;-0000000006635891,29
200505;33479023;BCO CITIBANK S.A.                                           ;U;4010;0090000003;COMPENSACAO                                       ; 0000168122944930,49
200505;33479023;BCO CITIBANK S.A.                                           ;U;4010;0090100006;COOBRIGACOES E RISCOS EM GARANTIAS PRESTADAS      ; 0000001026354646,05
200505;33479023;BCO CITIBANK S.A.                                           ;U;4010;0090300002;TITULOS E VALORES MOBILIARIOS                     ; 0000012125816262,37
200505;33479023;BCO CITIBANK S.A.                                           ;U;4010;0090400005;CUSTODIA DE VALORES                               ; 0000003195489696,21
200505;33479023;BCO CITIBANK S.A.                                           ;U;4010;0090500008;COBRANCA                                          ; 0000010691199572,36
200505;33479023;BCO CITIBANK S.A.                                           ;U;4010;0090600001;NEGOCIACAO E INTERMEDIACAO DE VALORES             ; 0000073580193346,29
200505;33479023;BCO CITIBANK S.A.                                           ;U;4010;0090800007;CONTRATOS                                         ; 0000027977756844,75
200505;33479023;BCO CITIBANK S.A.                                           ;U;4010;0090900000;CONTROLE                                          ; 0000033904903807,93
200505;33479023;BCO CITIBANK S.A.                                           ;U;4010;0091000002;CLASSIFICACAO DA CARTEIRA DE CREDITOS             ; 0000005621230754,53
200505;33479023;BCO CITIBANK S.A.                                           ;U;4010;0091100005;OPERACOES DE CREDITOS E ARRENDAMENTO MERCANTIL    ; 0000005621230754,53
200505;33479023;BCO CITIBANK S.A.                                           ;U;4010;0099999995;TOTAL GERAL DO PASSIVO                            ; 0000191497147509,70
200505;33485541;BCO BOAVISTA INTERATLANTICO                                 ;U;4010;0010000007;CIRCULANTE E REALIZAVEL A LONGO PRAZO             ; 0000000282054633,45
200505;33485541;BCO BOAVISTA INTERATLANTICO                                 ;U;4010;0011000006;DISPONIBILIDADES                                  ; 0000000000002466,17
200505;33485541;BCO BOAVISTA INTERATLANTICO                                 ;U;4010;0011300005;RESERVAS LIVRES                                   ; 0000000000002466,17
200505;33485541;BCO BOAVISTA INTERATLANTICO                                 ;U;4010;0012000005;APLICACOES INTERFINANCEIRAS DE LIQUIDEZ           ; 0000000002799740,21
200505;33485541;BCO BOAVISTA INTERATLANTICO                                 ;U;4010;0012100008;APLICACOES EM OPERACOES COMPROMISSADAS            ; 0000000002799740,21
200505;33485541;BCO BOAVISTA INTERATLANTICO                                 ;U;4010;0015000002;RELACOES INTERDEPENDENCIAS                        ; 0000000000362055,40
200505;33485541;BCO BOAVISTA INTERATLANTICO                                 ;U;4010;0015200008;TRANSFERENCIAS INTERNAS DE RECURSOS               ; 0000000000362055,40
200505;33485541;BCO BOAVISTA INTERATLANTICO                                 ;U;4010;0016000001;OPERACOES DE CREDITO                              ; 0000000011374370,73
200505;33485541;BCO BOAVISTA INTERATLANTICO                                 ;U;4010;0016100004;EMPRESTIMOS E TITULOS DESCONTADOS                 ; 0000000022955604,04
200505;33485541;BCO BOAVISTA INTERATLANTICO                                 ;U;4010;0016900008;(-) PROVISOES PARA OPERACOES DE CREDITO           ;-0000000011581233,31
200505;33485541;BCO BOAVISTA INTERATLANTICO                                 ;U;4010;0018000009;OUTROS CREDITOS                                   ; 0000000267513300,69
200505;33485541;BCO BOAVISTA INTERATLANTICO                                 ;U;4010;0018300008;RENDAS A RECEBER                                  ; 0000000001397031,80
200505;33485541;BCO BOAVISTA INTERATLANTICO                                 ;U;4010;0018800003;DIVERSOS                                          ; 0000000266467969,26
200505;33485541;BCO BOAVISTA INTERATLANTICO                                 ;U;4010;0018900006;(-) PROVISOES PARA OUTROS CREDITOS                ;-0000000000351700,37
200505;33485541;BCO BOAVISTA INTERATLANTICO                                 ;U;4010;0019000008;OUTROS VALORES E BENS                             ; 0000000000002700,25
200505;33485541;BCO BOAVISTA INTERATLANTICO                                 ;U;4010;0019800002;OUTROS VALORES E BENS                             ; 0000000000002700,25
200505;33485541;BCO BOAVISTA INTERATLANTICO                                 ;U;4010;0020000004;PERMANENTE                                        ; 0000000992044298,94
200505;33485541;BCO BOAVISTA INTERATLANTICO                                 ;U;4010;0021000003;INVESTIMENTOS                                     ; 0000000992044298,94
200505;33485541;BCO BOAVISTA INTERATLANTICO                                 ;U;4010;0021100006;INVESTIMENTOS NO EXTERIOR                         ; 0000000224933937,44
200505;33485541;BCO BOAVISTA INTERATLANTICO                                 ;U;4010;0021200009;PARTICIPACOES EM COLIGADAS E CONTROLADAS NO PAIS  ; 0000000761567970,40
200505;33485541;BCO BOAVISTA INTERATLANTICO                                 ;U;4010;0021300002;INVESTIMENTOS POR INCENTIVOS FISCAIS              ; 0000000004026826,31
200505;33485541;BCO BOAVISTA INTERATLANTICO                                 ;U;4010;0021400005;TITULOS PATRIMONIAIS                              ; 0000000000261089,15
200505;33485541;BCO BOAVISTA INTERATLANTICO                                 ;U;4010;0021900000;OUTROS INVESTIMENTOS                              ; 0000000001254475,64
200505;33485541;BCO BOAVISTA INTERATLANTICO                                 ;U;4010;0030000001;COMPENSACAO                                       ; 0000000655851843,63
200505;33485541;BCO BOAVISTA INTERATLANTICO                                 ;U;4010;0030100004;COOBRIGACOES E RISCOS EM GARANTIAS PRESTADAS      ; 0000000027721298,15
200505;33485541;BCO BOAVISTA INTERATLANTICO                                 ;U;4010;0030400003;CUSTODIA DE VALORES                               ; 0000000001787160,60
200505;33485541;BCO BOAVISTA INTERATLANTICO                                 ;U;4010;0030900008;CONTROLE                                          ; 0000000597493100,24
200505;33485541;BCO BOAVISTA INTERATLANTICO                                 ;U;4010;0031000000;CLASSIFICACAO DA CARTEIRA DE CREDITOS             ; 0000000028850284,64
200505;33485541;BCO BOAVISTA INTERATLANTICO                                 ;U;4010;0031200006;OPERACOES DE RISCO NIVEL A                        ; 0000000011064368,92
200505;33485541;BCO BOAVISTA INTERATLANTICO                                 ;U;4010;0031300009;OPERACOES DE RISCO NIVELB                         ; 0000000004579968,30
200505;33485541;BCO BOAVISTA INTERATLANTICO                                 ;U;4010;0031400002;OPERACOES DE RISCO NIVELC                         ; 0000000000817600,00
200505;33485541;BCO BOAVISTA INTERATLANTICO                                 ;U;4010;0031500005;OPERACOES DE RISCO NIVEL D                        ; 0000000000645625,79
200505;33485541;BCO BOAVISTA INTERATLANTICO                                 ;U;4010;0031900007;OPERACOES DE RISCO NIVEL H                        ; 0000000011742721,63
200505;33485541;BCO BOAVISTA INTERATLANTICO                                 ;U;4010;0039999993;TOTAL GERAL DO ATIVO                              ; 0000001929950776,02
200505;33485541;BCO BOAVISTA INTERATLANTICO                                 ;U;4010;0040000008;CIRCULANTE EXIGIVEL A LONGO PRAZO                 ; 0000000387864332,88
200505;33485541;BCO BOAVISTA INTERATLANTICO                                 ;U;4010;0041000007;DEPOSITOS                                         ; 0000000107365724,85
200505;33485541;BCO BOAVISTA INTERATLANTICO                                 ;U;4010;0041300006;DEPOSITOS INTERFINANCEIROS                        ; 0000000107365724,85
200505;33485541;BCO BOAVISTA INTERATLANTICO                                 ;U;4010;0049000009;OUTRAS OBRIGACOES                                 ; 0000000280498608,03
200505;33485541;BCO BOAVISTA INTERATLANTICO                                 ;U;4010;0049300008;SOCIAIS E ESTATUTARIAS                            ; 0000000006460762,24
200505;33485541;BCO BOAVISTA INTERATLANTICO                                 ;U;4010;0049400001;FISCAIS E PREVIDENCIARIAS                         ; 0000000260872339,16
200505;33485541;BCO BOAVISTA INTERATLANTICO                                 ;U;4010;0049900006;DIVERSAS                                          ; 0000000013165506,63
200505;33485541;BCO BOAVISTA INTERATLANTICO                                 ;U;4010;0060000002;PATRIMONIO LIQUIDO                                ; 0000000796672455,87
200505;33485541;BCO BOAVISTA INTERATLANTICO                                 ;U;4010;0061000001;PATRIMONIO LIQUIDO                                ; 0000000796672455,87
200505;33485541;BCO BOAVISTA INTERATLANTICO                                 ;U;4010;0061100004;CAPITAL SOCIAL                                    ; 0000000767989994,19
200505;33485541;BCO BOAVISTA INTERATLANTICO                                 ;U;4010;0061300000;RESERVAS DE CAPITAL                               ; 0000000007207045,59
200505;33485541;BCO BOAVISTA INTERATLANTICO                                 ;U;4010;0061500006;RESERVAS DE LUCROS                                ; 0000000021475416,09
200505;33485541;BCO BOAVISTA INTERATLANTICO                                 ;U;4010;0070000009;CONTAS DE RESULTADO CREDORAS                      ; 0000000146475318,21
200505;33485541;BCO BOAVISTA INTERATLANTICO                                 ;U;4010;0071000008;RECEITAS OPERACIONAIS                             ; 0000000146437806,75
200505;33485541;BCO BOAVISTA INTERATLANTICO                                 ;U;4010;0071100001;RENDAS DE OPERACOES DE CREDITO                    ; 0000000002445311,33
200505;33485541;BCO BOAVISTA INTERATLANTICO                                 ;U;4010;0071400000;RENDAS DE APLICACOES INTERFINANCEIRAS DE LIQUIDEZ ; 0000000000292710,61
200505;33485541;BCO BOAVISTA INTERATLANTICO                                 ;U;4010;0071500003;RENDAS COM TIT. E VAL. MOB. E INST. FINANC. DERIV.; 0000000000168054,73
200505;33485541;BCO BOAVISTA INTERATLANTICO                                 ;U;4010;0071700009;RENDAS DE PRESTACAO DE SERVICOS                   ; 0000000000000000,27
200505;33485541;BCO BOAVISTA INTERATLANTICO                                 ;U;4010;0071800002;RENDAS DE PARTICIPACOES                           ; 0000000128326445,34
200505;33485541;BCO BOAVISTA INTERATLANTICO                                 ;U;4010;0071900005;OUTRAS RECEITAS OPERACIONAIS                      ; 0000000015205284,47
200505;33485541;BCO BOAVISTA INTERATLANTICO                                 ;U;4010;0073000006;RECEITAS NAO OPERACIONAIS                         ; 0000000000037511,46
200505;33485541;BCO BOAVISTA INTERATLANTICO                                 ;U;4010;0073100009;LUCROS EM TRANSACOES COM VALORES E BENS           ; 0000000000001660,00
200505;33485541;BCO BOAVISTA INTERATLANTICO                                 ;U;4010;0073900003;OUTRAS RECEITAS NAO OPERACIONAIS                  ; 0000000000035851,46
200505;33485541;BCO BOAVISTA INTERATLANTICO                                 ;U;4010;0080000006;(-) CONTAS DE RESULTADO DEVEDORAS                 ;-0000000056913174,57
200505;33485541;BCO BOAVISTA INTERATLANTICO                                 ;U;4010;0081000005;(-) DESPESAS OPERACIONAIS                         ;-0000000053225635,37
200505;33485541;BCO BOAVISTA INTERATLANTICO                                 ;U;4010;0081100008;(-) DESPESAS DE CAPTACAO                          ;-0000000007655787,67
200505;33485541;BCO BOAVISTA INTERATLANTICO                                 ;U;4010;0081600003;(-) DESPESAS DE PARTICIPACOES                     ;-0000000035261124,52
200505;33485541;BCO BOAVISTA INTERATLANTICO                                 ;U;4010;0081700006;(-) DESPESAS ADMINISTRATIVAS                      ;-0000000001805863,77
200505;33485541;BCO BOAVISTA INTERATLANTICO                                 ;U;4010;0081800009;(-) APROVISIONAMENTOS E AJUSTES PATRIMONIAIS      ;-0000000000236639,16
200505;33485541;BCO BOAVISTA INTERATLANTICO                                 ;U;4010;0081900002;(-) OUTRAS DESPESAS OPERACIONAIS                  ;-0000000008266220,25
200505;33485541;BCO BOAVISTA INTERATLANTICO                                 ;U;4010;0083000003;(-) DESPESAS NAO OPERACIONAIS                     ;-0000000000849324,99
200505;33485541;BCO BOAVISTA INTERATLANTICO                                 ;U;4010;0083100006;(-) PREJUIZOS EM TRANSACOES COM VALORES E BENS    ;-0000000000849324,99
200505;33485541;BCO BOAVISTA INTERATLANTICO                                 ;U;4010;0089000007;(-) APURACAO DE RESULTADO                         ;-0000000002838214,21
200505;33485541;BCO BOAVISTA INTERATLANTICO                                 ;U;4010;0089400009;(-) IMPOSTO DE RENDA                              ;-0000000002838214,21
200505;33485541;BCO BOAVISTA INTERATLANTICO                                 ;U;4010;0090000003;COMPENSACAO                                       ; 0000000655851843,63
200505;33485541;BCO BOAVISTA INTERATLANTICO                                 ;U;4010;0090100006;COOBRIGACOES E RISCOS EM GARANTIAS PRESTADAS      ; 0000000027721298,15
200505;33485541;BCO BOAVISTA INTERATLANTICO                                 ;U;4010;0090400005;CUSTODIA DE VALORES                               ; 0000000001787160,60
200505;33485541;BCO BOAVISTA INTERATLANTICO                                 ;U;4010;0090900000;CONTROLE                                          ; 0000000597493100,24
200505;33485541;BCO BOAVISTA INTERATLANTICO                                 ;U;4010;0091000002;CLASSIFICACAO DA CARTEIRA DE CREDITOS             ; 0000000028850284,64
200505;33485541;BCO BOAVISTA INTERATLANTICO                                 ;U;4010;0091100005;OPERACOES DE CREDITOS E ARRENDAMENTO MERCANTIL    ; 0000000028850284,64
200505;33485541;BCO BOAVISTA INTERATLANTICO                                 ;U;4010;0099999995;TOTAL GERAL DO PASSIVO                            ; 0000001929950776,02
200505;33517640;BCO SANTANDER S.A.                                          ;U;4010;0010000007;CIRCULANTE E REALIZAVEL A LONGO PRAZO             ; 0000001513411216,75
200505;33517640;BCO SANTANDER S.A.                                          ;U;4010;0011000006;DISPONIBILIDADES                                  ; 0000000001993632,58
200505;33517640;BCO SANTANDER S.A.                                          ;U;4010;0011200002;DEPOSITOS BANCARIOS                               ; 0000000000060182,59
200505;33517640;BCO SANTANDER S.A.                                          ;U;4010;0011300005;RESERVAS LIVRES                                   ; 0000000000345270,19
200505;33517640;BCO SANTANDER S.A.                                          ;U;4010;0011500001;DISPONIBILIDADES EM MOEDAS ESTRANGEIRAS           ; 0000000001588179,80
200505;33517640;BCO SANTANDER S.A.                                          ;U;4010;0012000005;APLICACOES INTERFINANCEIRAS DE LIQUIDEZ           ; 0000000137698840,68
200505;33517640;BCO SANTANDER S.A.                                          ;U;4010;0012100008;APLICACOES EM OPERACOES COMPROMISSADAS            ; 0000000137698840,68
200505;33517640;BCO SANTANDER S.A.                                          ;U;4010;0013000004;TITULOS E VAL. MOB. E INST. FINANC. DERIVATIVOS   ; 0000000499530151,37
200505;33517640;BCO SANTANDER S.A.                                          ;U;4010;0013100007;LIVRES                                            ; 0000000363137785,33
200505;33517640;BCO SANTANDER S.A.                                          ;U;4010;0013300003;INSTRUMENTOS FINANCEIROS DERIVATIVOS              ; 0000000117570399,82
200505;33517640;BCO SANTANDER S.A.                                          ;U;4010;0013500009;VINCULADO A AQUIS.ACOES DE EMPRESAS ESTATAIS      ; 0000000000001455,14
200505;33517640;BCO SANTANDER S.A.                                          ;U;4010;0013600002;VINCULADOS A PRESTACAO DE GARANTIAS               ; 0000000018820511,08
200505;33517640;BCO SANTANDER S.A.                                          ;U;4010;0014000003;RELACOES INTERFINANCEIRAS                         ; 0000000000041875,37
200505;33517640;BCO SANTANDER S.A.                                          ;U;4010;0014100006;DIREITOS JUNTO A PARTIC. DE SISTEMAS DE LIQUIDAÇÃO; 0000000000027149,89
200505;33517640;BCO SANTANDER S.A.                                          ;U;4010;0014200009;CREDITOS VINCULADOS                               ; 0000000000014725,48
200505;33517640;BCO SANTANDER S.A.                                          ;U;4010;0016000001;OPERACOES DE CREDITO                              ; 0000000759474934,22
200505;33517640;BCO SANTANDER S.A.                                          ;U;4010;0016100004;EMPRESTIMOS E TITULOS DESCONTADOS                 ; 0000000627205368,16
200505;33517640;BCO SANTANDER S.A.                                          ;U;4010;0016200007;FINANCIAMENTOS                                    ; 0000000147913515,34
200505;33517640;BCO SANTANDER S.A.                                          ;U;4010;0016900008;(-) PROVISOES PARA OPERACOES DE CREDITO           ;-0000000015643949,28
200505;33517640;BCO SANTANDER S.A.                                          ;U;4010;0018000009;OUTROS CREDITOS                                   ; 0000000114476114,05
200505;33517640;BCO SANTANDER S.A.                                          ;U;4010;0018300008;RENDAS A RECEBER                                  ; 0000000000048789,54
200505;33517640;BCO SANTANDER S.A.                                          ;U;4010;0018400001;NEGOCIACAO E INTERMEDIACAO DE VALORES             ; 0000000007017242,12
200505;33517640;BCO SANTANDER S.A.                                          ;U;4010;0018800003;DIVERSOS                                          ; 0000000109373112,85
200505;33517640;BCO SANTANDER S.A.                                          ;U;4010;0018900006;(-) PROVISOES PARA OUTROS CREDITOS                ;-0000000001963030,46
200505;33517640;BCO SANTANDER S.A.                                          ;U;4010;0019000008;OUTROS VALORES E BENS                             ; 0000000000195668,48
200505;33517640;BCO SANTANDER S.A.                                          ;U;4010;0019900005;DESPESAS ANTECIPADAS                              ; 0000000000195668,48
200505;33517640;BCO SANTANDER S.A.                                          ;U;4010;0020000004;PERMANENTE                                        ; 0000005783149992,77
200505;33517640;BCO SANTANDER S.A.                                          ;U;4010;0021000003;INVESTIMENTOS                                     ; 0000005781483141,43
200505;33517640;BCO SANTANDER S.A.                                          ;U;4010;0021100006;INVESTIMENTOS NO EXTERIOR                         ; 0000000072451864,79
200505;33517640;BCO SANTANDER S.A.                                          ;U;4010;0021200009;PARTICIPACOES EM COLIGADAS E CONTROLADAS NO PAIS  ; 0000005708655379,56
200505;33517640;BCO SANTANDER S.A.                                          ;U;4010;0021400005;TITULOS PATRIMONIAIS                              ; 0000000000364210,62
200505;33517640;BCO SANTANDER S.A.                                          ;U;4010;0021500008;ACOES E COTAS                                     ; 0000000000011686,46
200505;33517640;BCO SANTANDER S.A.                                          ;U;4010;0022000002;IMOBILIZADO DE USO                                ; 0000000000118175,93
200505;33517640;BCO SANTANDER S.A.                                          ;U;4010;0022400004;INSTALACOES, MOVEIS E EQUIPAMENTOS DE USO         ; 0000000000061618,29
200505;33517640;BCO SANTANDER S.A.                                          ;U;4010;0022900009;OUTROS                                            ; 0000000000056557,64
200505;33517640;BCO SANTANDER S.A.                                          ;U;4010;0024000000;DIFERIDO                                          ; 0000000001548675,41
200505;33517640;BCO SANTANDER S.A.                                          ;U;4010;0024100003;GASTOS DE ORGANIZACAO E EXPANSAO                  ; 0000000001548675,41
200505;33517640;BCO SANTANDER S.A.                                          ;U;4010;0030000001;COMPENSACAO                                       ; 0000007164217249,87
200505;33517640;BCO SANTANDER S.A.                                          ;U;4010;0030100004;COOBRIGACOES E RISCOS EM GARANTIAS PRESTADAS      ; 0000000062179839,78
200505;33517640;BCO SANTANDER S.A.                                          ;U;4010;0030300000;TITULOS E VALORES MOBILIARIOS                     ; 0000000483007581,42
200505;33517640;BCO SANTANDER S.A.                                          ;U;4010;0030400003;CUSTODIA DE VALORES                               ; 0000001663229057,11
200505;33517640;BCO SANTANDER S.A.                                          ;U;4010;0030500006;COBRANCA                                          ; 0000000005424896,71
200505;33517640;BCO SANTANDER S.A.                                          ;U;4010;0030600009;NEGOCIACAO E INTERMEDIACAO DE VALORES             ; 0000001284924610,48
200505;33517640;BCO SANTANDER S.A.                                          ;U;4010;0030800005;CONTRATOS                                         ; 0000000512976574,74
200505;33517640;BCO SANTANDER S.A.                                          ;U;4010;0030900008;CONTROLE                                          ; 0000002369770599,66
200505;33517640;BCO SANTANDER S.A.                                          ;U;4010;0031000000;CLASSIFICACAO DA CARTEIRA DE CREDITOS             ; 0000000782704089,97
200505;33517640;BCO SANTANDER S.A.                                          ;U;4010;0031100003;OPERACOES DE RISCO NIVEL AA                       ; 0000000729501051,46
200505;33517640;BCO SANTANDER S.A.                                          ;U;4010;0031200006;OPERACOES DE RISCO NIVEL A                        ; 0000000024749036,93
200505;33517640;BCO SANTANDER S.A.                                          ;U;4010;0031300009;OPERACOES DE RISCO NIVELB                         ; 0000000002428153,79
200505;33517640;BCO SANTANDER S.A.                                          ;U;4010;0031400002;OPERACOES DE RISCO NIVELC                         ; 0000000001978381,88
200505;33517640;BCO SANTANDER S.A.                                          ;U;4010;0031600008;OPERACOES DE RISCO NIVEL E                        ; 0000000000525199,72
200505;33517640;BCO SANTANDER S.A.                                          ;U;4010;0031800004;OPERACOES DE RISCO NIVEL G                        ; 0000000020934081,45
200505;33517640;BCO SANTANDER S.A.                                          ;U;4010;0031900007;OPERACOES DE RISCO NIVEL H                        ; 0000000002588184,74
200505;33517640;BCO SANTANDER S.A.                                          ;U;4010;0039999993;TOTAL GERAL DO ATIVO                              ; 0000014460778459,39
200505;33517640;BCO SANTANDER S.A.                                          ;U;4010;0040000008;CIRCULANTE EXIGIVEL A LONGO PRAZO                 ; 0000002093002653,44
200505;33517640;BCO SANTANDER S.A.                                          ;U;4010;0041000007;DEPOSITOS                                         ; 0000000604602457,73
200505;33517640;BCO SANTANDER S.A.                                          ;U;4010;0041100000;DEPOSITOS A VISTA                                 ; 0000000001592429,96
200505;33517640;BCO SANTANDER S.A.                                          ;U;4010;0041300006;DEPOSITOS INTERFINANCEIROS                        ; 0000000603006060,00
200505;33517640;BCO SANTANDER S.A.                                          ;U;4010;0041500002;DEPOSITOS A PRAZO                                 ; 0000000000003967,77
200505;33517640;BCO SANTANDER S.A.                                          ;U;4010;0043000005;RECURSOS ACEITES CAMB,LI E HIP.,DEBENT.E SIMILARES; 0000000959196817,11
200505;33517640;BCO SANTANDER S.A.                                          ;U;4010;0043500000;OBRIGACOES P/TITULOS E VALS.MOBILIARIOS EXTERIOR  ; 0000000959196817,11
200505;33517640;BCO SANTANDER S.A.                                          ;U;4010;0044000004;RELACOES INTERFINANCEIRAS                         ; 0000000000026202,41
200505;33517640;BCO SANTANDER S.A.                                          ;U;4010;0044100007;OBRIGAÇÕES JUNTO A PARTIC. DE SIST. DE LIQUIDACÃO ; 0000000000026202,41
200505;33517640;BCO SANTANDER S.A.                                          ;U;4010;0045000003;RELACOES INTERDEPENDENCIAS                        ; 0000000000005383,27
200505;33517640;BCO SANTANDER S.A.                                          ;U;4010;0045100006;RECURSOS EM TRANSITO DE TERCEIROS                 ; 0000000000005383,27
200505;33517640;BCO SANTANDER S.A.                                          ;U;4010;0046000002;OBRIGACOES POR EMPRESTIMOS E REPASSES             ; 0000000013718340,21
200505;33517640;BCO SANTANDER S.A.                                          ;U;4010;0046300001;EMPRESTIMOS NO EXTERIOR                           ; 0000000004565700,00
200505;33517640;BCO SANTANDER S.A.                                          ;U;4010;0046400004;REPASSES DO PAIS - INSTITUICOES OFICIAIS          ; 0000000009152640,21
200505;33517640;BCO SANTANDER S.A.                                          ;U;4010;0049000009;OUTRAS OBRIGACOES                                 ; 0000000515453452,71
200505;33517640;BCO SANTANDER S.A.                                          ;U;4010;0049100002;COBRANCA E ARRECADACAO DE TRIBUTOS E ASSEMELHADOS ; 0000000000000000,83
200505;33517640;BCO SANTANDER S.A.                                          ;U;4010;0049300008;SOCIAIS E ESTATUTARIAS                            ; 0000000431256855,17
200505;33517640;BCO SANTANDER S.A.                                          ;U;4010;0049400001;FISCAIS E PREVIDENCIARIAS                         ; 0000000026168961,82
200505;33517640;BCO SANTANDER S.A.                                          ;U;4010;0049500004;NEGOCIACAO E INTERMEDIACAO DE VALORES             ; 0000000003855641,01
200505;33517640;BCO SANTANDER S.A.                                          ;U;4010;0049900006;DIVERSAS                                          ; 0000000054171993,88
200505;33517640;BCO SANTANDER S.A.                                          ;U;4010;0050000005;RESULTADOS DE EXERCICIOS FUTUROS                  ; 0000000000011764,80
200505;33517640;BCO SANTANDER S.A.                                          ;U;4010;0051000004;RECEITAS DE EXERCICIOS FUTUROS                    ; 0000000000011764,80
200505;33517640;BCO SANTANDER S.A.                                          ;U;4010;0051100007;RECEITAS DE EXERCICIOS FUTUROS                    ; 0000000000011764,80
200505;33517640;BCO SANTANDER S.A.                                          ;U;4010;0060000002;PATRIMONIO LIQUIDO                                ; 0000005217062031,15
200505;33517640;BCO SANTANDER S.A.                                          ;U;4010;0061000001;PATRIMONIO LIQUIDO                                ; 0000005217062031,15
200505;33517640;BCO SANTANDER S.A.                                          ;U;4010;0061100004;CAPITAL SOCIAL                                    ; 0000003356115225,76
200505;33517640;BCO SANTANDER S.A.                                          ;U;4010;0061300000;RESERVAS DE CAPITAL                               ; 0000000001438527,57
200505;33517640;BCO SANTANDER S.A.                                          ;U;4010;0061500006;RESERVAS DE LUCROS                                ; 0000000298506497,16
200505;33517640;BCO SANTANDER S.A.                                          ;U;4010;0061600009;AJUSTES DE AVALIACAO PATRIMONIAL                  ; 0000000151026667,60
200505;33517640;BCO SANTANDER S.A.                                          ;U;4010;0061800005;LUCROS OU PREJUIZOS ACUMULADOS                    ; 0000001409975113,06
200505;33517640;BCO SANTANDER S.A.                                          ;U;4010;0070000009;CONTAS DE RESULTADO CREDORAS                      ; 0000000756206419,34
200505;33517640;BCO SANTANDER S.A.                                          ;U;4010;0071000008;RECEITAS OPERACIONAIS                             ; 0000000750529580,47
200505;33517640;BCO SANTANDER S.A.                                          ;U;4010;0071100001;RENDAS DE OPERACOES DE CREDITO                    ; 0000000013526176,09
200505;33517640;BCO SANTANDER S.A.                                          ;U;4010;0071300007;RENDAS DE CAMBIO                                  ; 0000000000283186,99
200505;33517640;BCO SANTANDER S.A.                                          ;U;4010;0071400000;RENDAS DE APLICACOES INTERFINANCEIRAS DE LIQUIDEZ ; 0000000012095025,88
200505;33517640;BCO SANTANDER S.A.                                          ;U;4010;0071500003;RENDAS COM TIT. E VAL. MOB. E INST. FINANC. DERIV.; 0000000392127050,98
200505;33517640;BCO SANTANDER S.A.                                          ;U;4010;0071700009;RENDAS DE PRESTACAO DE SERVICOS                   ; 0000000000165937,42
200505;33517640;BCO SANTANDER S.A.                                          ;U;4010;0071800002;RENDAS DE PARTICIPACOES                           ; 0000000324937187,07
200505;33517640;BCO SANTANDER S.A.                                          ;U;4010;0071900005;OUTRAS RECEITAS OPERACIONAIS                      ; 0000000007395016,04
200505;33517640;BCO SANTANDER S.A.                                          ;U;4010;0073000006;RECEITAS NAO OPERACIONAIS                         ; 0000000005676838,87
200505;33517640;BCO SANTANDER S.A.                                          ;U;4010;0073100009;LUCROS EM TRANSACOES COM VALORES E BENS           ; 0000000000088219,88
200505;33517640;BCO SANTANDER S.A.                                          ;U;4010;0073900003;OUTRAS RECEITAS NAO OPERACIONAIS                  ; 0000000005588618,99
200505;33517640;BCO SANTANDER S.A.                                          ;U;4010;0080000006;(-) CONTAS DE RESULTADO DEVEDORAS                 ;-0000000769721659,21
200505;33517640;BCO SANTANDER S.A.                                          ;U;4010;0081000005;(-) DESPESAS OPERACIONAIS                         ;-0000000764369460,61
200505;33517640;BCO SANTANDER S.A.                                          ;U;4010;0081100008;(-) DESPESAS DE CAPTACAO                          ;-0000000063109344,70
200505;33517640;BCO SANTANDER S.A.                                          ;U;4010;0081200001;(-) DESP DE OBRIGACOES POR EMPRESTIMOS E REPASSES ;-0000000000679545,30
200505;33517640;BCO SANTANDER S.A.                                          ;U;4010;0081400007;(-) DESPESAS DE CAMBIO                            ;-0000000000757034,99
200505;33517640;BCO SANTANDER S.A.                                          ;U;4010;0081500000;(-) DESP. COM TIT. E VAL. MOB. E INST. FIN. DERIV.;-0000000287395198,07
200505;33517640;BCO SANTANDER S.A.                                          ;U;4010;0081600003;(-) DESPESAS DE PARTICIPACOES                     ;-0000000110843632,14
200505;33517640;BCO SANTANDER S.A.                                          ;U;4010;0081700006;(-) DESPESAS ADMINISTRATIVAS                      ;-0000000011318184,03
200505;33517640;BCO SANTANDER S.A.                                          ;U;4010;0081800009;(-) APROVISIONAMENTOS E AJUSTES PATRIMONIAIS      ;-0000000001849457,57
200505;33517640;BCO SANTANDER S.A.                                          ;U;4010;0081900002;(-) OUTRAS DESPESAS OPERACIONAIS                  ;-0000000288417063,81
200505;33517640;BCO SANTANDER S.A.                                          ;U;4010;0083000003;(-) DESPESAS NAO OPERACIONAIS                     ;-0000000005073555,68
200505;33517640;BCO SANTANDER S.A.                                          ;U;4010;0083900000;(-) OUTRAS DESPESAS NAO OPERACIONAIS              ;-0000000005073555,68
200505;33517640;BCO SANTANDER S.A.                                          ;U;4010;0089000007;(-) APURACAO DE RESULTADO                         ;-0000000000278642,92
200505;33517640;BCO SANTANDER S.A.                                          ;U;4010;0089400009;(-) IMPOSTO DE RENDA                              ;-0000000000151642,92
200505;33517640;BCO SANTANDER S.A.                                          ;U;4010;0089700008;(-) PARTICIPACOES NO LUCRO                        ;-0000000000127000,00
200505;33517640;BCO SANTANDER S.A.                                          ;U;4010;0090000003;COMPENSACAO                                       ; 0000007164217249,87
200505;33517640;BCO SANTANDER S.A.                                          ;U;4010;0090100006;COOBRIGACOES E RISCOS EM GARANTIAS PRESTADAS      ; 0000000062179839,78
200505;33517640;BCO SANTANDER S.A.                                          ;U;4010;0090300002;TITULOS E VALORES MOBILIARIOS                     ; 0000000483007581,42
200505;33517640;BCO SANTANDER S.A.                                          ;U;4010;0090400005;CUSTODIA DE VALORES                               ; 0000001663229057,11
200505;33517640;BCO SANTANDER S.A.                                          ;U;4010;0090500008;COBRANCA                                          ; 0000000005424896,71
200505;33517640;BCO SANTANDER S.A.                                          ;U;4010;0090600001;NEGOCIACAO E INTERMEDIACAO DE VALORES             ; 0000001284924610,48
200505;33517640;BCO SANTANDER S.A.                                          ;U;4010;0090800007;CONTRATOS                                         ; 0000000512976574,74
200505;33517640;BCO SANTANDER S.A.                                          ;U;4010;0090900000;CONTROLE                                          ; 0000002369770599,66
200505;33517640;BCO SANTANDER S.A.                                          ;U;4010;0091000002;CLASSIFICACAO DA CARTEIRA DE CREDITOS             ; 0000000782704089,97
200505;33517640;BCO SANTANDER S.A.                                          ;U;4010;0091100005;OPERACOES DE CREDITOS E ARRENDAMENTO MERCANTIL    ; 0000000782704089,97
200505;33517640;BCO SANTANDER S.A.                                          ;U;4010;0099999995;TOTAL GERAL DO PASSIVO                            ; 0000014460778459,39
200505;33588252;BCO INDUSCRED DE INVESTIM. S/A                              ;I;4010;0010000007;CIRCULANTE E REALIZAVEL A LONGO PRAZO             ; 0000000026944587,12
200505;33588252;BCO INDUSCRED DE INVESTIM. S/A                              ;I;4010;0011000006;DISPONIBILIDADES                                  ; 0000000000188246,76
200505;33588252;BCO INDUSCRED DE INVESTIM. S/A                              ;I;4010;0011100009;CAIXA                                             ; 0000000000000100,93
200505;33588252;BCO INDUSCRED DE INVESTIM. S/A                              ;I;4010;0011200002;DEPOSITOS BANCARIOS                               ; 0000000000188145,83
200505;33588252;BCO INDUSCRED DE INVESTIM. S/A                              ;I;4010;0012000005;APLICACOES INTERFINANCEIRAS DE LIQUIDEZ           ; 0000000017033325,79
200505;33588252;BCO INDUSCRED DE INVESTIM. S/A                              ;I;4010;0012100008;APLICACOES EM OPERACOES COMPROMISSADAS            ; 0000000010570264,19
200505;33588252;BCO INDUSCRED DE INVESTIM. S/A                              ;I;4010;0012200001;APLICACOES EM DEPOSITOS INTERFINANCEIROS          ; 0000000006463061,60
200505;33588252;BCO INDUSCRED DE INVESTIM. S/A                              ;I;4010;0013000004;TITULOS E VAL. MOB. E INST. FINANC. DERIVATIVOS   ; 0000000006557943,68
200505;33588252;BCO INDUSCRED DE INVESTIM. S/A                              ;I;4010;0013100007;LIVRES                                            ; 0000000001589805,11
200505;33588252;BCO INDUSCRED DE INVESTIM. S/A                              ;I;4010;0013400006;VINCULADOS AO BANCO CENTRAL                       ; 0000000004966458,40
200505;33588252;BCO INDUSCRED DE INVESTIM. S/A                              ;I;4010;0013500009;VINCULADO A AQUIS.ACOES DE EMPRESAS ESTATAIS      ; 0000000000001680,17
200505;33588252;BCO INDUSCRED DE INVESTIM. S/A                              ;I;4010;0014000003;RELACOES INTERFINANCEIRAS                         ; 0000000000016970,76
200505;33588252;BCO INDUSCRED DE INVESTIM. S/A                              ;I;4010;0014400005;RELACOES COM CORRESPONDENTES                      ; 0000000000016970,76
200505;33588252;BCO INDUSCRED DE INVESTIM. S/A                              ;I;4010;0016100004;EMPRESTIMOS E TITULOS DESCONTADOS                 ; 0000000000744986,17
200505;33588252;BCO INDUSCRED DE INVESTIM. S/A                              ;I;4010;0016900008;(-) PROVISOES PARA OPERACOES DE CREDITO           ;-0000000000744986,17
200505;33588252;BCO INDUSCRED DE INVESTIM. S/A                              ;I;4010;0018000009;OUTROS CREDITOS                                   ; 0000000001548026,70
200505;33588252;BCO INDUSCRED DE INVESTIM. S/A                              ;I;4010;0018800003;DIVERSOS                                          ; 0000000001548026,70
200505;33588252;BCO INDUSCRED DE INVESTIM. S/A                              ;I;4010;0019000008;OUTROS VALORES E BENS                             ; 0000000001600073,43
200505;33588252;BCO INDUSCRED DE INVESTIM. S/A                              ;I;4010;0019800002;OUTROS VALORES E BENS                             ; 0000000001600073,43
200505;33588252;BCO INDUSCRED DE INVESTIM. S/A                              ;I;4010;0020000004;PERMANENTE                                        ; 0000000000339349,23
200505;33588252;BCO INDUSCRED DE INVESTIM. S/A                              ;I;4010;0021000003;INVESTIMENTOS                                     ; 0000000000195504,63
200505;33588252;BCO INDUSCRED DE INVESTIM. S/A                              ;I;4010;0021300002;INVESTIMENTOS POR INCENTIVOS FISCAIS              ; 0000000000011675,31
200505;33588252;BCO INDUSCRED DE INVESTIM. S/A                              ;I;4010;0021400005;TITULOS PATRIMONIAIS                              ; 0000000000182105,31
200505;33588252;BCO INDUSCRED DE INVESTIM. S/A                              ;I;4010;0021900000;OUTROS INVESTIMENTOS                              ; 0000000000001724,01
200505;33588252;BCO INDUSCRED DE INVESTIM. S/A                              ;I;4010;0022000002;IMOBILIZADO DE USO                                ; 0000000000135856,82
200505;33588252;BCO INDUSCRED DE INVESTIM. S/A                              ;I;4010;0022400004;INSTALACOES, MOVEIS E EQUIPAMENTOS DE USO         ; 0000000000059022,58
200505;33588252;BCO INDUSCRED DE INVESTIM. S/A                              ;I;4010;0022900009;OUTROS                                            ; 0000000000076834,24
200505;33588252;BCO INDUSCRED DE INVESTIM. S/A                              ;I;4010;0024000000;DIFERIDO                                          ; 0000000000007987,78
200505;33588252;BCO INDUSCRED DE INVESTIM. S/A                              ;I;4010;0024100003;GASTOS DE ORGANIZACAO E EXPANSAO                  ; 0000000000007987,78
200505;33588252;BCO INDUSCRED DE INVESTIM. S/A                              ;I;4010;0030000001;COMPENSACAO                                       ; 0000000034151124,71
200505;33588252;BCO INDUSCRED DE INVESTIM. S/A                              ;I;4010;0030300000;TITULOS E VALORES MOBILIARIOS                     ; 0000000011563742,54
200505;33588252;BCO INDUSCRED DE INVESTIM. S/A                              ;I;4010;0030400003;CUSTODIA DE VALORES                               ; 0000000009051021,75
200505;33588252;BCO INDUSCRED DE INVESTIM. S/A                              ;I;4010;0030500006;COBRANCA                                          ; 0000000000048080,45
200505;33588252;BCO INDUSCRED DE INVESTIM. S/A                              ;I;4010;0030800005;CONTRATOS                                         ; 0000000001265000,00
200505;33588252;BCO INDUSCRED DE INVESTIM. S/A                              ;I;4010;0030900008;CONTROLE                                          ; 0000000011478293,80
200505;33588252;BCO INDUSCRED DE INVESTIM. S/A                              ;I;4010;0031000000;CLASSIFICACAO DA CARTEIRA DE CREDITOS             ; 0000000000744986,17
200505;33588252;BCO INDUSCRED DE INVESTIM. S/A                              ;I;4010;0031900007;OPERACOES DE RISCO NIVEL H                        ; 0000000000744986,17
200505;33588252;BCO INDUSCRED DE INVESTIM. S/A                              ;I;4010;0039999993;TOTAL GERAL DO ATIVO                              ; 0000000061435061,06
200505;33588252;BCO INDUSCRED DE INVESTIM. S/A                              ;I;4010;0040000008;CIRCULANTE EXIGIVEL A LONGO PRAZO                 ; 0000000002996161,16
200505;33588252;BCO INDUSCRED DE INVESTIM. S/A                              ;I;4010;0041000007;DEPOSITOS                                         ; 0000000001579842,72
200505;33588252;BCO INDUSCRED DE INVESTIM. S/A                              ;I;4010;0041500002;DEPOSITOS A PRAZO                                 ; 0000000001579842,72
200505;33588252;BCO INDUSCRED DE INVESTIM. S/A                              ;I;4010;0049000009;OUTRAS OBRIGACOES                                 ; 0000000001416318,44
200505;33588252;BCO INDUSCRED DE INVESTIM. S/A                              ;I;4010;0049300008;SOCIAIS E ESTATUTARIAS                            ; 0000000000000046,99
200505;33588252;BCO INDUSCRED DE INVESTIM. S/A                              ;I;4010;0049400001;FISCAIS E PREVIDENCIARIAS                         ; 0000000000414208,07
200505;33588252;BCO INDUSCRED DE INVESTIM. S/A                              ;I;4010;0049900006;DIVERSAS                                          ; 0000000001002063,38
200505;33588252;BCO INDUSCRED DE INVESTIM. S/A                              ;I;4010;0060000002;PATRIMONIO LIQUIDO                                ; 0000000025086231,17
200505;33588252;BCO INDUSCRED DE INVESTIM. S/A                              ;I;4010;0061000001;PATRIMONIO LIQUIDO                                ; 0000000025086231,17
200505;33588252;BCO INDUSCRED DE INVESTIM. S/A                              ;I;4010;0061100004;CAPITAL SOCIAL                                    ; 0000000018999500,00
200505;33588252;BCO INDUSCRED DE INVESTIM. S/A                              ;I;4010;0061300000;RESERVAS DE CAPITAL                               ; 0000000000226050,18
200505;33588252;BCO INDUSCRED DE INVESTIM. S/A                              ;I;4010;0061500006;RESERVAS DE LUCROS                                ; 0000000000457576,23
200505;33588252;BCO INDUSCRED DE INVESTIM. S/A                              ;I;4010;0061800005;LUCROS OU PREJUIZOS ACUMULADOS                    ; 0000000005403104,76
200505;33588252;BCO INDUSCRED DE INVESTIM. S/A                              ;I;4010;0070000009;CONTAS DE RESULTADO CREDORAS                      ; 0000000002102816,47
200505;33588252;BCO INDUSCRED DE INVESTIM. S/A                              ;I;4010;0071000008;RECEITAS OPERACIONAIS                             ; 0000000002099316,47
200505;33588252;BCO INDUSCRED DE INVESTIM. S/A                              ;I;4010;0071100001;RENDAS DE OPERACOES DE CREDITO                    ; 0000000000065428,25
200505;33588252;BCO INDUSCRED DE INVESTIM. S/A                              ;I;4010;0071400000;RENDAS DE APLICACOES INTERFINANCEIRAS DE LIQUIDEZ ; 0000000001201188,97
200505;33588252;BCO INDUSCRED DE INVESTIM. S/A                              ;I;4010;0071500003;RENDAS COM TIT. E VAL. MOB. E INST. FINANC. DERIV.; 0000000000751604,56
200505;33588252;BCO INDUSCRED DE INVESTIM. S/A                              ;I;4010;0071700009;RENDAS DE PRESTACAO DE SERVICOS                   ; 0000000000003345,47
200505;33588252;BCO INDUSCRED DE INVESTIM. S/A                              ;I;4010;0071900005;OUTRAS RECEITAS OPERACIONAIS                      ; 0000000000077749,22
200505;33588252;BCO INDUSCRED DE INVESTIM. S/A                              ;I;4010;0073000006;RECEITAS NAO OPERACIONAIS                         ; 0000000000003500,00
200505;33588252;BCO INDUSCRED DE INVESTIM. S/A                              ;I;4010;0073900003;OUTRAS RECEITAS NAO OPERACIONAIS                  ; 0000000000003500,00
200505;33588252;BCO INDUSCRED DE INVESTIM. S/A                              ;I;4010;0080000006;(-) CONTAS DE RESULTADO DEVEDORAS                 ;-0000000002901272,45
200505;33588252;BCO INDUSCRED DE INVESTIM. S/A                              ;I;4010;0081000005;(-) DESPESAS OPERACIONAIS                         ;-0000000002901272,45
200505;33588252;BCO INDUSCRED DE INVESTIM. S/A                              ;I;4010;0081100008;(-) DESPESAS DE CAPTACAO                          ;-0000000000088470,66
200505;33588252;BCO INDUSCRED DE INVESTIM. S/A                              ;I;4010;0081500000;(-) DESP. COM TIT. E VAL. MOB. E INST. FIN. DERIV.;-0000000000925059,79
200505;33588252;BCO INDUSCRED DE INVESTIM. S/A                              ;I;4010;0081700006;(-) DESPESAS ADMINISTRATIVAS                      ;-0000000001071932,98
200505;33588252;BCO INDUSCRED DE INVESTIM. S/A                              ;I;4010;0081800009;(-) APROVISIONAMENTOS E AJUSTES PATRIMONIAIS      ;-0000000000712052,06
200505;33588252;BCO INDUSCRED DE INVESTIM. S/A                              ;I;4010;0081900002;(-) OUTRAS DESPESAS OPERACIONAIS                  ;-0000000000103756,96
200505;33588252;BCO INDUSCRED DE INVESTIM. S/A                              ;I;4010;0090000003;COMPENSACAO                                       ; 0000000034151124,71
200505;33588252;BCO INDUSCRED DE INVESTIM. S/A                              ;I;4010;0090300002;TITULOS E VALORES MOBILIARIOS                     ; 0000000011563742,54
200505;33588252;BCO INDUSCRED DE INVESTIM. S/A                              ;I;4010;0090400005;CUSTODIA DE VALORES                               ; 0000000009051021,75
200505;33588252;BCO INDUSCRED DE INVESTIM. S/A                              ;I;4010;0090500008;COBRANCA                                          ; 0000000000048080,45
200505;33588252;BCO INDUSCRED DE INVESTIM. S/A                              ;I;4010;0090800007;CONTRATOS                                         ; 0000000001265000,00
200505;33588252;BCO INDUSCRED DE INVESTIM. S/A                              ;I;4010;0090900000;CONTROLE                                          ; 0000000011478293,80
200505;33588252;BCO INDUSCRED DE INVESTIM. S/A                              ;I;4010;0091000002;CLASSIFICACAO DA CARTEIRA DE CREDITOS             ; 0000000000744986,17
200505;33588252;BCO INDUSCRED DE INVESTIM. S/A                              ;I;4010;0091100005;OPERACOES DE CREDITOS E ARRENDAMENTO MERCANTIL    ; 0000000000744986,17
200505;33588252;BCO INDUSCRED DE INVESTIM. S/A                              ;I;4010;0099999995;TOTAL GERAL DO PASSIVO                            ; 0000000061435061,06
200505;33603457;BANCO RODOBENS                                              ;U;4010;0010000007;CIRCULANTE E REALIZAVEL A LONGO PRAZO             ; 0000000069152796,94
200505;33603457;BANCO RODOBENS                                              ;U;4010;0011000006;DISPONIBILIDADES                                  ; 0000000000053147,71
200505;33603457;BANCO RODOBENS                                              ;U;4010;0011100009;CAIXA                                             ; 0000000000001000,00
200505;33603457;BANCO RODOBENS                                              ;U;4010;0011200002;DEPOSITOS BANCARIOS                               ; 0000000000052147,71
200505;33603457;BANCO RODOBENS                                              ;U;4010;0012000005;APLICACOES INTERFINANCEIRAS DE LIQUIDEZ           ; 0000000053131613,39
200505;33603457;BANCO RODOBENS                                              ;U;4010;0012200001;APLICACOES EM DEPOSITOS INTERFINANCEIROS          ; 0000000053131613,39
200505;33603457;BANCO RODOBENS                                              ;U;4010;0016000001;OPERACOES DE CREDITO                              ; 0000000000005686,85
200505;33603457;BANCO RODOBENS                                              ;U;4010;0016100004;EMPRESTIMOS E TITULOS DESCONTADOS                 ; 0000000000177151,59
200505;33603457;BANCO RODOBENS                                              ;U;4010;0016200007;FINANCIAMENTOS                                    ; 0000000000518629,39
200505;33603457;BANCO RODOBENS                                              ;U;4010;0016900008;(-) PROVISOES PARA OPERACOES DE CREDITO           ;-0000000000690094,13
200505;33603457;BANCO RODOBENS                                              ;U;4010;0018000009;OUTROS CREDITOS                                   ; 0000000014946541,28
200505;33603457;BANCO RODOBENS                                              ;U;4010;0018300008;RENDAS A RECEBER                                  ; 0000000006725275,89
200505;33603457;BANCO RODOBENS                                              ;U;4010;0018800003;DIVERSOS                                          ; 0000000008232644,14
200505;33603457;BANCO RODOBENS                                              ;U;4010;0018900006;(-) PROVISOES PARA OUTROS CREDITOS                ;-0000000000011378,75
200505;33603457;BANCO RODOBENS                                              ;U;4010;0019000008;OUTROS VALORES E BENS                             ; 0000000001015807,71
200505;33603457;BANCO RODOBENS                                              ;U;4010;0019800002;OUTROS VALORES E BENS                             ; 0000000001015807,71
200505;33603457;BANCO RODOBENS                                              ;U;4010;0020000004;PERMANENTE                                        ; 0000000063087689,19
200505;33603457;BANCO RODOBENS                                              ;U;4010;0021000003;INVESTIMENTOS                                     ; 0000000063012777,77
200505;33603457;BANCO RODOBENS                                              ;U;4010;0021200009;PARTICIPACOES EM COLIGADAS E CONTROLADAS NO PAIS  ; 0000000062990319,12
200505;33603457;BANCO RODOBENS                                              ;U;4010;0021400005;TITULOS PATRIMONIAIS                              ; 0000000000021765,13
200505;33603457;BANCO RODOBENS                                              ;U;4010;0021900000;OUTROS INVESTIMENTOS                              ; 0000000000000693,52
200505;33603457;BANCO RODOBENS                                              ;U;4010;0022000002;IMOBILIZADO DE USO                                ; 0000000000074911,42
200505;33603457;BANCO RODOBENS                                              ;U;4010;0022400004;INSTALACOES, MOVEIS E EQUIPAMENTOS DE USO         ; 0000000000010188,98
200505;33603457;BANCO RODOBENS                                              ;U;4010;0022900009;OUTROS                                            ; 0000000000064722,44
200505;33603457;BANCO RODOBENS                                              ;U;4010;0030000001;COMPENSACAO                                       ; 0000000148964516,65
200505;33603457;BANCO RODOBENS                                              ;U;4010;0030300000;TITULOS E VALORES MOBILIARIOS                     ; 0000000048754738,92
200505;33603457;BANCO RODOBENS                                              ;U;4010;0030400003;CUSTODIA DE VALORES                               ; 0000000048754738,92
200505;33603457;BANCO RODOBENS                                              ;U;4010;0030600009;NEGOCIACAO E INTERMEDIACAO DE VALORES             ; 0000000002848210,00
200505;33603457;BANCO RODOBENS                                              ;U;4010;0030900008;CONTROLE                                          ; 0000000047584219,53
200505;33603457;BANCO RODOBENS                                              ;U;4010;0031000000;CLASSIFICACAO DA CARTEIRA DE CREDITOS             ; 0000000001022609,28
200505;33603457;BANCO RODOBENS                                              ;U;4010;0031200006;OPERACOES DE RISCO NIVEL A                        ; 0000000000322750,15
200505;33603457;BANCO RODOBENS                                              ;U;4010;0031900007;OPERACOES DE RISCO NIVEL H                        ; 0000000000699859,13
200505;33603457;BANCO RODOBENS                                              ;U;4010;0039999993;TOTAL GERAL DO ATIVO                              ; 0000000281205002,78
200505;33603457;BANCO RODOBENS                                              ;U;4010;0040000008;CIRCULANTE EXIGIVEL A LONGO PRAZO                 ; 0000000005080408,40
200505;33603457;BANCO RODOBENS                                              ;U;4010;0047000001;INSTRUMENTOS FINANCEIROS DERIVATIVOS              ; 0000000000234004,03
200505;33603457;BANCO RODOBENS                                              ;U;4010;0047100004;INSTRUMENTOS FINANCEIROS DERIVATIVOS              ; 0000000000234004,03
200505;33603457;BANCO RODOBENS                                              ;U;4010;0049000009;OUTRAS OBRIGACOES                                 ; 0000000004846404,37
200505;33603457;BANCO RODOBENS                                              ;U;4010;0049300008;SOCIAIS E ESTATUTARIAS                            ; 0000000002281357,56
200505;33603457;BANCO RODOBENS                                              ;U;4010;0049400001;FISCAIS E PREVIDENCIARIAS                         ; 0000000001374122,79
200505;33603457;BANCO RODOBENS                                              ;U;4010;0049900006;DIVERSAS                                          ; 0000000001190924,02
200505;33603457;BANCO RODOBENS                                              ;U;4010;0060000002;PATRIMONIO LIQUIDO                                ; 0000000122378188,83
200505;33603457;BANCO RODOBENS                                              ;U;4010;0061000001;PATRIMONIO LIQUIDO                                ; 0000000122378188,83
200505;33603457;BANCO RODOBENS                                              ;U;4010;0061100004;CAPITAL SOCIAL                                    ; 0000000081245204,00
200505;33603457;BANCO RODOBENS                                              ;U;4010;0061200007;CORRECAO MONETARIA DO CAPITAL                     ; 0000000000000000,92
200505;33603457;BANCO RODOBENS                                              ;U;4010;0061500006;RESERVAS DE LUCROS                                ; 0000000003155795,37
200505;33603457;BANCO RODOBENS                                              ;U;4010;0061800005;LUCROS OU PREJUIZOS ACUMULADOS                    ; 0000000037977188,54
200505;33603457;BANCO RODOBENS                                              ;U;4010;0070000009;CONTAS DE RESULTADO CREDORAS                      ; 0000000007943998,28
200505;33603457;BANCO RODOBENS                                              ;U;4010;0071000008;RECEITAS OPERACIONAIS                             ; 0000000007943998,28
200505;33603457;BANCO RODOBENS                                              ;U;4010;0071100001;RENDAS DE OPERACOES DE CREDITO                    ; 0000000000035904,40
200505;33603457;BANCO RODOBENS                                              ;U;4010;0071400000;RENDAS DE APLICACOES INTERFINANCEIRAS DE LIQUIDEZ ; 0000000003643331,17
200505;33603457;BANCO RODOBENS                                              ;U;4010;0071500003;RENDAS COM TIT. E VAL. MOB. E INST. FINANC. DERIV.; 0000000000014198,63
200505;33603457;BANCO RODOBENS                                              ;U;4010;0071800002;RENDAS DE PARTICIPACOES                           ; 0000000002803294,70
200505;33603457;BANCO RODOBENS                                              ;U;4010;0071900005;OUTRAS RECEITAS OPERACIONAIS                      ; 0000000001447269,38
200505;33603457;BANCO RODOBENS                                              ;U;4010;0080000006;(-) CONTAS DE RESULTADO DEVEDORAS                 ;-0000000003162109,38
200505;33603457;BANCO RODOBENS                                              ;U;4010;0081000005;(-) DESPESAS OPERACIONAIS                         ;-0000000003058154,06
200505;33603457;BANCO RODOBENS                                              ;U;4010;0081500000;(-) DESP. COM TIT. E VAL. MOB. E INST. FIN. DERIV.;-0000000000044934,19
200505;33603457;BANCO RODOBENS                                              ;U;4010;0081700006;(-) DESPESAS ADMINISTRATIVAS                      ;-0000000001022530,81
200505;33603457;BANCO RODOBENS                                              ;U;4010;0081800009;(-) APROVISIONAMENTOS E AJUSTES PATRIMONIAIS      ;-0000000000509156,89
200505;33603457;BANCO RODOBENS                                              ;U;4010;0081900002;(-) OUTRAS DESPESAS OPERACIONAIS                  ;-0000000001481532,17
200505;33603457;BANCO RODOBENS                                              ;U;4010;0089000007;(-) APURACAO DE RESULTADO                         ;-0000000000103955,32
200505;33603457;BANCO RODOBENS                                              ;U;4010;0089400009;(-) IMPOSTO DE RENDA                              ;-0000000000098760,10
200505;33603457;BANCO RODOBENS                                              ;U;4010;0089700008;(-) PARTICIPACOES NO LUCRO                        ;-0000000000005195,22
200505;33603457;BANCO RODOBENS                                              ;U;4010;0090000003;COMPENSACAO                                       ; 0000000148964516,65
200505;33603457;BANCO RODOBENS                                              ;U;4010;0090300002;TITULOS E VALORES MOBILIARIOS                     ; 0000000048754738,92
200505;33603457;BANCO RODOBENS                                              ;U;4010;0090400005;CUSTODIA DE VALORES                               ; 0000000048754738,92
200505;33603457;BANCO RODOBENS                                              ;U;4010;0090600001;NEGOCIACAO E INTERMEDIACAO DE VALORES             ; 0000000002848210,00
200505;33603457;BANCO RODOBENS                                              ;U;4010;0090900000;CONTROLE                                          ; 0000000047584219,53
200505;33603457;BANCO RODOBENS                                              ;U;4010;0091000002;CLASSIFICACAO DA CARTEIRA DE CREDITOS             ; 0000000001022609,28
200505;33603457;BANCO RODOBENS                                              ;U;4010;0091100005;OPERACOES DE CREDITOS E ARRENDAMENTO MERCANTIL    ; 0000000001022609,28
200505;33603457;BANCO RODOBENS                                              ;U;4010;0099999995;TOTAL GERAL DO PASSIVO                            ; 0000000281205002,78
200505;33644196;BCO FATOR S.A.                                              ;U;4010;0010000007;CIRCULANTE E REALIZAVEL A LONGO PRAZO             ; 0000000162882552,12
200505;33644196;BCO FATOR S.A.                                              ;U;4010;0011000006;DISPONIBILIDADES                                  ; 0000000000265746,36
200505;33644196;BCO FATOR S.A.                                              ;U;4010;0011100009;CAIXA                                             ; 0000000000006000,00
200505;33644196;BCO FATOR S.A.                                              ;U;4010;0011300005;RESERVAS LIVRES                                   ; 0000000000255951,09
200505;33644196;BCO FATOR S.A.                                              ;U;4010;0011400008;APLICACOES EM OURO                                ; 0000000000003795,27
200505;33644196;BCO FATOR S.A.                                              ;U;4010;0013000004;TITULOS E VAL. MOB. E INST. FINANC. DERIVATIVOS   ; 0000000156297727,73
200505;33644196;BCO FATOR S.A.                                              ;U;4010;0013100007;LIVRES                                            ; 0000000026988296,92
200505;33644196;BCO FATOR S.A.                                              ;U;4010;0013200000;VINCULADOS A OPERACOES COMPROMISSADAS             ; 0000000119139873,16
200505;33644196;BCO FATOR S.A.                                              ;U;4010;0013300003;INSTRUMENTOS FINANCEIROS DERIVATIVOS              ; 0000000000804232,84
200505;33644196;BCO FATOR S.A.                                              ;U;4010;0013600002;VINCULADOS A PRESTACAO DE GARANTIAS               ; 0000000009365324,81
200505;33644196;BCO FATOR S.A.                                              ;U;4010;0014000003;RELACOES INTERFINANCEIRAS                         ; 0000000000135765,85
200505;33644196;BCO FATOR S.A.                                              ;U;4010;0014100006;DIREITOS JUNTO A PARTIC. DE SISTEMAS DE LIQUIDAÇÃO; 0000000000088528,67
200505;33644196;BCO FATOR S.A.                                              ;U;4010;0014200009;CREDITOS VINCULADOS                               ; 0000000000047237,18
200505;33644196;BCO FATOR S.A.                                              ;U;4010;0015000002;RELACOES INTERDEPENDENCIAS                        ; 0000000000673759,09
200505;33644196;BCO FATOR S.A.                                              ;U;4010;0015200008;TRANSFERENCIAS INTERNAS DE RECURSOS               ; 0000000000673759,09
200505;33644196;BCO FATOR S.A.                                              ;U;4010;0016000001;OPERACOES DE CREDITO                              ; 0000000001794500,00
200505;33644196;BCO FATOR S.A.                                              ;U;4010;0016100004;EMPRESTIMOS E TITULOS DESCONTADOS                 ; 0000000001850000,00
200505;33644196;BCO FATOR S.A.                                              ;U;4010;0016900008;(-) PROVISOES PARA OPERACOES DE CREDITO           ;-0000000000055500,00
200505;33644196;BCO FATOR S.A.                                              ;U;4010;0018000009;OUTROS CREDITOS                                   ; 0000000003711555,24
200505;33644196;BCO FATOR S.A.                                              ;U;4010;0018300008;RENDAS A RECEBER                                  ; 0000000001829872,26
200505;33644196;BCO FATOR S.A.                                              ;U;4010;0018400001;NEGOCIACAO E INTERMEDIACAO DE VALORES             ; 0000000000033665,12
200505;33644196;BCO FATOR S.A.                                              ;U;4010;0018800003;DIVERSOS                                          ; 0000000001848017,86
200505;33644196;BCO FATOR S.A.                                              ;U;4010;0019000008;OUTROS VALORES E BENS                             ; 0000000000003497,85
200505;33644196;BCO FATOR S.A.                                              ;U;4010;0019900005;DESPESAS ANTECIPADAS                              ; 0000000000003497,85
200505;33644196;BCO FATOR S.A.                                              ;U;4010;0020000004;PERMANENTE                                        ; 0000000037626973,01
200505;33644196;BCO FATOR S.A.                                              ;U;4010;0021000003;INVESTIMENTOS                                     ; 0000000035585823,69
200505;33644196;BCO FATOR S.A.                                              ;U;4010;0021200009;PARTICIPACOES EM COLIGADAS E CONTROLADAS NO PAIS  ; 0000000035129930,46
200505;33644196;BCO FATOR S.A.                                              ;U;4010;0021400005;TITULOS PATRIMONIAIS                              ; 0000000000182105,31
200505;33644196;BCO FATOR S.A.                                              ;U;4010;0021900000;OUTROS INVESTIMENTOS                              ; 0000000000273787,92
200505;33644196;BCO FATOR S.A.                                              ;U;4010;0022000002;IMOBILIZADO DE USO                                ; 0000000001172305,49
200505;33644196;BCO FATOR S.A.                                              ;U;4010;0022400004;INSTALACOES, MOVEIS E EQUIPAMENTOS DE USO         ; 0000000000912316,68
200505;33644196;BCO FATOR S.A.                                              ;U;4010;0022900009;OUTROS                                            ; 0000000000259988,81
200505;33644196;BCO FATOR S.A.                                              ;U;4010;0024000000;DIFERIDO                                          ; 0000000000868843,83
200505;33644196;BCO FATOR S.A.                                              ;U;4010;0024100003;GASTOS DE ORGANIZACAO E EXPANSAO                  ; 0000000000868843,83
200505;33644196;BCO FATOR S.A.                                              ;U;4010;0030000001;COMPENSACAO                                       ; 0000003526984932,58
200505;33644196;BCO FATOR S.A.                                              ;U;4010;0030100004;COOBRIGACOES E RISCOS EM GARANTIAS PRESTADAS      ; 0000000000003050,00
200505;33644196;BCO FATOR S.A.                                              ;U;4010;0030300000;TITULOS E VALORES MOBILIARIOS                     ; 0000000291943231,10
200505;33644196;BCO FATOR S.A.                                              ;U;4010;0030600009;NEGOCIACAO E INTERMEDIACAO DE VALORES             ; 0000000553909836,70
200505;33644196;BCO FATOR S.A.                                              ;U;4010;0030800005;CONTRATOS                                         ; 0000002674453374,19
200505;33644196;BCO FATOR S.A.                                              ;U;4010;0030900008;CONTROLE                                          ; 0000000004825440,59
200505;33644196;BCO FATOR S.A.                                              ;U;4010;0031000000;CLASSIFICACAO DA CARTEIRA DE CREDITOS             ; 0000000001850000,00
200505;33644196;BCO FATOR S.A.                                              ;U;4010;0031400002;OPERACOES DE RISCO NIVELC                         ; 0000000001850000,00
200505;33644196;BCO FATOR S.A.                                              ;U;4010;0039999993;TOTAL GERAL DO ATIVO                              ; 0000003727494457,71
200505;33644196;BCO FATOR S.A.                                              ;U;4010;0040000008;CIRCULANTE EXIGIVEL A LONGO PRAZO                 ; 0000000133777201,67
200505;33644196;BCO FATOR S.A.                                              ;U;4010;0041000007;DEPOSITOS                                         ; 0000000011165672,09
200505;33644196;BCO FATOR S.A.                                              ;U;4010;0041100000;DEPOSITOS A VISTA                                 ; 0000000002289334,31
200505;33644196;BCO FATOR S.A.                                              ;U;4010;0041300006;DEPOSITOS INTERFINANCEIROS                        ; 0000000003002142,45
200505;33644196;BCO FATOR S.A.                                              ;U;4010;0041500002;DEPOSITOS A PRAZO                                 ; 0000000005858483,60
200505;33644196;BCO FATOR S.A.                                              ;U;4010;0041900004;OUTROS DEPOSITOS                                  ; 0000000000015711,73
200505;33644196;BCO FATOR S.A.                                              ;U;4010;0042000006;OBRIGACOES POR OPERACOES COMPROMISSADAS           ; 0000000118144621,89
200505;33644196;BCO FATOR S.A.                                              ;U;4010;0042100009;CARTEIRA PROPRIA                                  ; 0000000118144621,89
200505;33644196;BCO FATOR S.A.                                              ;U;4010;0044000004;RELACOES INTERFINANCEIRAS                         ; 0000000000135452,56
200505;33644196;BCO FATOR S.A.                                              ;U;4010;0044100007;OBRIGAÇÕES JUNTO A PARTIC. DE SIST. DE LIQUIDACÃO ; 0000000000135452,56
200505;33644196;BCO FATOR S.A.                                              ;U;4010;0045000003;RELACOES INTERDEPENDENCIAS                        ; 0000000000673759,09
200505;33644196;BCO FATOR S.A.                                              ;U;4010;0045200009;TRANSFERENCIAS INTERNAS DE RECURSOS               ; 0000000000673759,09
200505;33644196;BCO FATOR S.A.                                              ;U;4010;0047000001;INSTRUMENTOS FINANCEIROS DERIVATIVOS              ; 0000000000407135,00
200505;33644196;BCO FATOR S.A.                                              ;U;4010;0047100004;INSTRUMENTOS FINANCEIROS DERIVATIVOS              ; 0000000000407135,00
200505;33644196;BCO FATOR S.A.                                              ;U;4010;0049000009;OUTRAS OBRIGACOES                                 ; 0000000003250561,04
200505;33644196;BCO FATOR S.A.                                              ;U;4010;0049100002;COBRANCA E ARRECADACAO DE TRIBUTOS E ASSEMELHADOS ; 0000000000003413,25
200505;33644196;BCO FATOR S.A.                                              ;U;4010;0049400001;FISCAIS E PREVIDENCIARIAS                         ; 0000000002786847,02
200505;33644196;BCO FATOR S.A.                                              ;U;4010;0049900006;DIVERSAS                                          ; 0000000000460300,77
200505;33644196;BCO FATOR S.A.                                              ;U;4010;0060000002;PATRIMONIO LIQUIDO                                ; 0000000060243985,77
200505;33644196;BCO FATOR S.A.                                              ;U;4010;0061000001;PATRIMONIO LIQUIDO                                ; 0000000060243985,77
200505;33644196;BCO FATOR S.A.                                              ;U;4010;0061100004;CAPITAL SOCIAL                                    ; 0000000036500000,00
200505;33644196;BCO FATOR S.A.                                              ;U;4010;0061300000;RESERVAS DE CAPITAL                               ; 0000000000067566,31
200505;33644196;BCO FATOR S.A.                                              ;U;4010;0061500006;RESERVAS DE LUCROS                                ; 0000000001773248,65
200505;33644196;BCO FATOR S.A.                                              ;U;4010;0061600009;AJUSTES DE AVALIACAO PATRIMONIAL                  ; 0000000002228853,65
200505;33644196;BCO FATOR S.A.                                              ;U;4010;0061800005;LUCROS OU PREJUIZOS ACUMULADOS                    ; 0000000019674317,16
200505;33644196;BCO FATOR S.A.                                              ;U;4010;0070000009;CONTAS DE RESULTADO CREDORAS                      ; 0000000029385200,63
200505;33644196;BCO FATOR S.A.                                              ;U;4010;0071000008;RECEITAS OPERACIONAIS                             ; 0000000029385200,63
200505;33644196;BCO FATOR S.A.                                              ;U;4010;0071100001;RENDAS DE OPERACOES DE CREDITO                    ; 0000000000115580,78
200505;33644196;BCO FATOR S.A.                                              ;U;4010;0071400000;RENDAS DE APLICACOES INTERFINANCEIRAS DE LIQUIDEZ ; 0000000000795892,54
200505;33644196;BCO FATOR S.A.                                              ;U;4010;0071500003;RENDAS COM TIT. E VAL. MOB. E INST. FINANC. DERIV.; 0000000016365970,67
200505;33644196;BCO FATOR S.A.                                              ;U;4010;0071700009;RENDAS DE PRESTACAO DE SERVICOS                   ; 0000000007358449,69
200505;33644196;BCO FATOR S.A.                                              ;U;4010;0071800002;RENDAS DE PARTICIPACOES                           ; 0000000003987756,83
200505;33644196;BCO FATOR S.A.                                              ;U;4010;0071900005;OUTRAS RECEITAS OPERACIONAIS                      ; 0000000000761550,12
200505;33644196;BCO FATOR S.A.                                              ;U;4010;0080000006;(-) CONTAS DE RESULTADO DEVEDORAS                 ;-0000000022896862,94
200505;33644196;BCO FATOR S.A.                                              ;U;4010;0081000005;(-) DESPESAS OPERACIONAIS                         ;-0000000021292438,56
200505;33644196;BCO FATOR S.A.                                              ;U;4010;0081100008;(-) DESPESAS DE CAPTACAO                          ;-0000000009121026,78
200505;33644196;BCO FATOR S.A.                                              ;U;4010;0081500000;(-) DESP. COM TIT. E VAL. MOB. E INST. FIN. DERIV.;-0000000007044949,92
200505;33644196;BCO FATOR S.A.                                              ;U;4010;0081600003;(-) DESPESAS DE PARTICIPACOES                     ;-0000000000079969,46
200505;33644196;BCO FATOR S.A.                                              ;U;4010;0081700006;(-) DESPESAS ADMINISTRATIVAS                      ;-0000000003614722,62
200505;33644196;BCO FATOR S.A.                                              ;U;4010;0081800009;(-) APROVISIONAMENTOS E AJUSTES PATRIMONIAIS      ;-0000000000291122,65
200505;33644196;BCO FATOR S.A.                                              ;U;4010;0081900002;(-) OUTRAS DESPESAS OPERACIONAIS                  ;-0000000001140647,13
200505;33644196;BCO FATOR S.A.                                              ;U;4010;0089000007;(-) APURACAO DE RESULTADO                         ;-0000000001604424,38
200505;33644196;BCO FATOR S.A.                                              ;U;4010;0089400009;(-) IMPOSTO DE RENDA                              ;-0000000001427710,38
200505;33644196;BCO FATOR S.A.                                              ;U;4010;0089700008;(-) PARTICIPACOES NO LUCRO                        ;-0000000000176714,00
200505;33644196;BCO FATOR S.A.                                              ;U;4010;0090000003;COMPENSACAO                                       ; 0000003526984932,58
200505;33644196;BCO FATOR S.A.                                              ;U;4010;0090100006;COOBRIGACOES E RISCOS EM GARANTIAS PRESTADAS      ; 0000000000003050,00
200505;33644196;BCO FATOR S.A.                                              ;U;4010;0090300002;TITULOS E VALORES MOBILIARIOS                     ; 0000000291943231,10
200505;33644196;BCO FATOR S.A.                                              ;U;4010;0090600001;NEGOCIACAO E INTERMEDIACAO DE VALORES             ; 0000000553909836,70
200505;33644196;BCO FATOR S.A.                                              ;U;4010;0090800007;CONTRATOS                                         ; 0000002674453374,19
200505;33644196;BCO FATOR S.A.                                              ;U;4010;0090900000;CONTROLE                                          ; 0000000004825440,59
200505;33644196;BCO FATOR S.A.                                              ;U;4010;0091000002;CLASSIFICACAO DA CARTEIRA DE CREDITOS             ; 0000000001850000,00
200505;33644196;BCO FATOR S.A.                                              ;U;4010;0091100005;OPERACOES DE CREDITOS E ARRENDAMENTO MERCANTIL    ; 0000000001850000,00
200505;33644196;BCO FATOR S.A.                                              ;U;4010;0099999995;TOTAL GERAL DO PASSIVO                            ; 0000003727494457,71
200505;33657248;BNDES                                                       ;N;4010;0010000007;CIRCULANTE E REALIZAVEL A LONGO PRAZO             ; 0000148183641924,24
200505;33657248;BNDES                                                       ;N;4010;0011000006;DISPONIBILIDADES                                  ; 0000000007803572,89
200505;33657248;BNDES                                                       ;N;4010;0011100009;CAIXA                                             ; 0000000000015827,55
200505;33657248;BNDES                                                       ;N;4010;0011200002;DEPOSITOS BANCARIOS                               ; 0000000007025442,28
200505;33657248;BNDES                                                       ;N;4010;0011500001;DISPONIBILIDADES EM MOEDAS ESTRANGEIRAS           ; 0000000000762303,06
200505;33657248;BNDES                                                       ;N;4010;0012000005;APLICACOES INTERFINANCEIRAS DE LIQUIDEZ           ; 0000000002103650,79
200505;33657248;BNDES                                                       ;N;4010;0012600003;APLICA OES EM MOEDAS ESTRANGEIRAS                 ; 0000000002103650,79
200505;33657248;BNDES                                                       ;N;4010;0013000004;TITULOS E VAL. MOB. E INST. FINANC. DERIVATIVOS   ; 0000011880186497,73
200505;33657248;BNDES                                                       ;N;4010;0013100007;LIVRES                                            ; 0000011851459634,76
200505;33657248;BNDES                                                       ;N;4010;0013300003;INSTRUMENTOS FINANCEIROS DERIVATIVOS              ; 0000000028726862,97
200505;33657248;BNDES                                                       ;N;4010;0014000003;RELACOES INTERFINANCEIRAS                         ; 0000078319668002,72
200505;33657248;BNDES                                                       ;N;4010;0014300002;REPASSES INTERFINANCEIROS                         ; 0000078319668002,72
200505;33657248;BNDES                                                       ;N;4010;0016000001;OPERACOES DE CREDITO                              ; 0000054347240665,49
200505;33657248;BNDES                                                       ;N;4010;0016200007;FINANCIAMENTOS                                    ; 0000058167925754,87
200505;33657248;BNDES                                                       ;N;4010;0016900008;(-) PROVISOES PARA OPERACOES DE CREDITO           ;-0000003820685089,38
200505;33657248;BNDES                                                       ;N;4010;0018000009;OUTROS CREDITOS                                   ; 0000003626164955,97
200505;33657248;BNDES                                                       ;N;4010;0018200005;CARTEIRA DE CAMBIO                                ; 0000000000000000,26
200505;33657248;BNDES                                                       ;N;4010;0018500004;CREDITOS ESPECIFICOS                              ; 0000000417563963,05
200505;33657248;BNDES                                                       ;N;4010;0018800003;DIVERSOS                                          ; 0000003212664391,09
200505;33657248;BNDES                                                       ;N;4010;0018900006;(-) PROVISOES PARA OUTROS CREDITOS                ;-0000000004063398,43
200505;33657248;BNDES                                                       ;N;4010;0019000008;OUTROS VALORES E BENS                             ; 0000000000474578,65
200505;33657248;BNDES                                                       ;N;4010;0019800002;OUTROS VALORES E BENS                             ; 0000000000474578,65
200505;33657248;BNDES                                                       ;N;4010;0020000004;PERMANENTE                                        ; 0000013560162610,34
200505;33657248;BNDES                                                       ;N;4010;0021000003;INVESTIMENTOS                                     ; 0000013427983543,37
200505;33657248;BNDES                                                       ;N;4010;0021200009;PARTICIPACOES EM COLIGADAS E CONTROLADAS NO PAIS  ; 0000013044111225,49
200505;33657248;BNDES                                                       ;N;4010;0021300002;INVESTIMENTOS POR INCENTIVOS FISCAIS              ; 0000000001931562,76
200505;33657248;BNDES                                                       ;N;4010;0021500008;ACOES E COTAS                                     ; 0000000077216238,12
200505;33657248;BNDES                                                       ;N;4010;0021900000;OUTROS INVESTIMENTOS                              ; 0000000304724517,00
200505;33657248;BNDES                                                       ;N;4010;0022000002;IMOBILIZADO DE USO                                ; 0000000121505500,47
200505;33657248;BNDES                                                       ;N;4010;0022200008;IMOBILIZACOES EM CURSO                            ; 0000000000032430,98
200505;33657248;BNDES                                                       ;N;4010;0022300001;IMOVEIS DE USO                                    ; 0000000071283175,62
200505;33657248;BNDES                                                       ;N;4010;0022400004;INSTALACOES, MOVEIS E EQUIPAMENTOS DE USO         ; 0000000012415186,67
200505;33657248;BNDES                                                       ;N;4010;0022900009;OUTROS                                            ; 0000000037774707,20
200505;33657248;BNDES                                                       ;N;4010;0024000000;DIFERIDO                                          ; 0000000010673566,50
200505;33657248;BNDES                                                       ;N;4010;0024100003;GASTOS DE ORGANIZACAO E EXPANSAO                  ; 0000000010673566,50
200505;33657248;BNDES                                                       ;N;4010;0030000001;COMPENSACAO                                       ; 0000578415208522,03
200505;33657248;BNDES                                                       ;N;4010;0030100004;COOBRIGACOES E RISCOS EM GARANTIAS PRESTADAS      ; 0000000067211280,64
200505;33657248;BNDES                                                       ;N;4010;0030300000;TITULOS E VALORES MOBILIARIOS                     ; 0000011851459634,76
200505;33657248;BNDES                                                       ;N;4010;0030400003;CUSTODIA DE VALORES                               ; 0000334992932223,23
200505;33657248;BNDES                                                       ;N;4010;0030600009;NEGOCIACAO E INTERMEDIACAO DE VALORES             ; 0000003052861400,06
200505;33657248;BNDES                                                       ;N;4010;0030900008;CONTROLE                                          ; 0000168894601606,52
200505;33657248;BNDES                                                       ;N;4010;0031000000;CLASSIFICACAO DA CARTEIRA DE CREDITOS             ; 0000059556142376,82
200505;33657248;BNDES                                                       ;N;4010;0031100003;OPERACOES DE RISCO NIVEL AA                       ; 0000025394607494,97
200505;33657248;BNDES                                                       ;N;4010;0031200006;OPERACOES DE RISCO NIVEL A                        ; 0000014588947036,22
200505;33657248;BNDES                                                       ;N;4010;0031300009;OPERACOES DE RISCO NIVELB                         ; 0000008714578923,78
200505;33657248;BNDES                                                       ;N;4010;0031400002;OPERACOES DE RISCO NIVELC                         ; 0000004034200536,14
200505;33657248;BNDES                                                       ;N;4010;0031500005;OPERACOES DE RISCO NIVEL D                        ; 0000002320311713,22
200505;33657248;BNDES                                                       ;N;4010;0031600008;OPERACOES DE RISCO NIVEL E                        ; 0000001063705916,59
200505;33657248;BNDES                                                       ;N;4010;0031700001;OPERACOES DE RISCO NIVEL F                        ; 0000000001942913,24
200505;33657248;BNDES                                                       ;N;4010;0031800004;OPERACOES DE RISCO NIVEL G                        ; 0000001487767640,90
200505;33657248;BNDES                                                       ;N;4010;0031900007;OPERACOES DE RISCO NIVEL H                        ; 0000001950080201,76
200505;33657248;BNDES                                                       ;N;4010;0039999993;TOTAL GERAL DO ATIVO                              ; 0000740159013056,61
200505;33657248;BNDES                                                       ;N;4010;0040000008;CIRCULANTE EXIGIVEL A LONGO PRAZO                 ; 0000145559401597,62
200505;33657248;BNDES                                                       ;N;4010;0041000007;DEPOSITOS                                         ; 0000017005588163,39
200505;33657248;BNDES                                                       ;N;4010;0041100000;DEPOSITOS A VISTA                                 ; 0000000342356675,81
200505;33657248;BNDES                                                       ;N;4010;0041600005;OBRIGACOES P/DEPOS ESPEC E DE FUNDOS E PROGRAMAS  ; 0000016663231487,58
200505;33657248;BNDES                                                       ;N;4010;0045000003;RELACOES INTERDEPENDENCIAS                        ; 0000000002085484,61
200505;33657248;BNDES                                                       ;N;4010;0045100006;RECURSOS EM TRANSITO DE TERCEIROS                 ; 0000000002085484,61
200505;33657248;BNDES                                                       ;N;4010;0046000002;OBRIGACOES POR EMPRESTIMOS E REPASSES             ; 0000041542032389,42
200505;33657248;BNDES                                                       ;N;4010;0046300001;EMPRESTIMOS NO EXTERIOR                           ; 0000008498984825,31
200505;33657248;BNDES                                                       ;N;4010;0046400004;REPASSES DO PAIS - INSTITUICOES OFICIAIS          ; 0000025018873307,60
200505;33657248;BNDES                                                       ;N;4010;0046600000;REPASSES DO EXTERIOR                              ; 0000008024174256,51
200505;33657248;BNDES                                                       ;N;4010;0047000001;INSTRUMENTOS FINANCEIROS DERIVATIVOS              ; 0000000038132076,93
200505;33657248;BNDES                                                       ;N;4010;0047100004;INSTRUMENTOS FINANCEIROS DERIVATIVOS              ; 0000000038132076,93
200505;33657248;BNDES                                                       ;N;4010;0049000009;OUTRAS OBRIGACOES                                 ; 0000086971563483,27
200505;33657248;BNDES                                                       ;N;4010;0049400001;FISCAIS E PREVIDENCIARIAS                         ; 0000000583375597,83
200505;33657248;BNDES                                                       ;N;4010;0049600007;RECURSOS PARA DESTINACAO ESPECIFICA               ; 0000022445736280,75
200505;33657248;BNDES                                                       ;N;4010;0049800003;OBRIGACOES DIVERSAS                               ; 0000000689745788,63
200505;33657248;BNDES                                                       ;N;4010;0049900006;DIVERSAS                                          ; 0000063252705816,06
200505;33657248;BNDES                                                       ;N;4010;0060000002;PATRIMONIO LIQUIDO                                ; 0000014118942722,33
200505;33657248;BNDES                                                       ;N;4010;0061000001;PATRIMONIO LIQUIDO                                ; 0000014118942722,33
200505;33657248;BNDES                                                       ;N;4010;0061100004;CAPITAL SOCIAL                                    ; 0000012949064627,63
200505;33657248;BNDES                                                       ;N;4010;0061300000;RESERVAS DE CAPITAL                               ; 0000000004210596,75
200505;33657248;BNDES                                                       ;N;4010;0061400003;RESERVAS DE REAVALIACAO                           ; 0000000016514000,00
200505;33657248;BNDES                                                       ;N;4010;0061500006;RESERVAS DE LUCROS                                ; 0000000074889213,00
200505;33657248;BNDES                                                       ;N;4010;0061800005;LUCROS OU PREJUIZOS ACUMULADOS                    ; 0000001074264284,95
200505;33657248;BNDES                                                       ;N;4010;0070000009;CONTAS DE RESULTADO CREDORAS                      ; 0000008003700913,94
200505;33657248;BNDES                                                       ;N;4010;0071000008;RECEITAS OPERACIONAIS                             ; 0000008000893754,08
200505;33657248;BNDES                                                       ;N;4010;0071100001;RENDAS DE OPERACOES DE CREDITO                    ; 0000002516900484,41
200505;33657248;BNDES                                                       ;N;4010;0071300007;RENDAS DE CAMBIO                                  ; 0000000131569317,26
200505;33657248;BNDES                                                       ;N;4010;0071500003;RENDAS COM TIT. E VAL. MOB. E INST. FINANC. DERIV.; 0000000825718827,96
200505;33657248;BNDES                                                       ;N;4010;0071800002;RENDAS DE PARTICIPACOES                           ; 0000001174122823,16
200505;33657248;BNDES                                                       ;N;4010;0071900005;OUTRAS RECEITAS OPERACIONAIS                      ; 0000003352582301,29
200505;33657248;BNDES                                                       ;N;4010;0073000006;RECEITAS NAO OPERACIONAIS                         ; 0000000002807159,86
200505;33657248;BNDES                                                       ;N;4010;0073900003;OUTRAS RECEITAS NAO OPERACIONAIS                  ; 0000000002807159,86
200505;33657248;BNDES                                                       ;N;4010;0080000006;(-) CONTAS DE RESULTADO DEVEDORAS                 ;-0000005938240699,31
200505;33657248;BNDES                                                       ;N;4010;0081000005;(-) DESPESAS OPERACIONAIS                         ;-0000005313084379,11
200505;33657248;BNDES                                                       ;N;4010;0081100008;(-) DESPESAS DE CAPTACAO                          ;-0000000660073041,96
200505;33657248;BNDES                                                       ;N;4010;0081200001;(-) DESP DE OBRIGACOES POR EMPRESTIMOS E REPASSES ;-0000001463646854,90
200505;33657248;BNDES                                                       ;N;4010;0081400007;(-) DESPESAS DE CAMBIO                            ;-0000000040253685,72
200505;33657248;BNDES                                                       ;N;4010;0081500000;(-) DESP. COM TIT. E VAL. MOB. E INST. FIN. DERIV.;-0000000473728299,51
200505;33657248;BNDES                                                       ;N;4010;0081600003;(-) DESPESAS DE PARTICIPACOES                     ;-0000000150322700,74
200505;33657248;BNDES                                                       ;N;4010;0081700006;(-) DESPESAS ADMINISTRATIVAS                      ;-0000000192875989,68
200505;33657248;BNDES                                                       ;N;4010;0081800009;(-) APROVISIONAMENTOS E AJUSTES PATRIMONIAIS      ;-0000000845900424,21
200505;33657248;BNDES                                                       ;N;4010;0081900002;(-) OUTRAS DESPESAS OPERACIONAIS                  ;-0000001486283382,39
200505;33657248;BNDES                                                       ;N;4010;0083000003;(-) DESPESAS NAO OPERACIONAIS                     ;-0000000008288177,22
200505;33657248;BNDES                                                       ;N;4010;0083100006;(-) PREJUIZOS EM TRANSACOES COM VALORES E BENS    ;-0000000002052388,59
200505;33657248;BNDES                                                       ;N;4010;0083900000;(-) OUTRAS DESPESAS NAO OPERACIONAIS              ;-0000000006235788,63
200505;33657248;BNDES                                                       ;N;4010;0089000007;(-) APURACAO DE RESULTADO                         ;-0000000616868142,98
200505;33657248;BNDES                                                       ;N;4010;0089400009;(-) IMPOSTO DE RENDA                              ;-0000000616868142,98
200505;33657248;BNDES                                                       ;N;4010;0090000003;COMPENSACAO                                       ; 0000578415208522,03
200505;33657248;BNDES                                                       ;N;4010;0090100006;COOBRIGACOES E RISCOS EM GARANTIAS PRESTADAS      ; 0000000067211280,64
200505;33657248;BNDES                                                       ;N;4010;0090300002;TITULOS E VALORES MOBILIARIOS                     ; 0000011851459634,76
200505;33657248;BNDES                                                       ;N;4010;0090400005;CUSTODIA DE VALORES                               ; 0000334992932223,23
200505;33657248;BNDES                                                       ;N;4010;0090600001;NEGOCIACAO E INTERMEDIACAO DE VALORES             ; 0000003052861400,06
200505;33657248;BNDES                                                       ;N;4010;0090900000;CONTROLE                                          ; 0000168894601606,52
200505;33657248;BNDES                                                       ;N;4010;0091000002;CLASSIFICACAO DA CARTEIRA DE CREDITOS             ; 0000059556142376,82
200505;33657248;BNDES                                                       ;N;4010;0091100005;OPERACOES DE CREDITOS E ARRENDAMENTO MERCANTIL    ; 0000059556142376,82
200505;33657248;BNDES                                                       ;N;4010;0099999995;TOTAL GERAL DO PASSIVO                            ; 0000740159013056,61
200505;33700394;UNIBANCO-UNIAO BCOS BRAS S.A.                               ;U;4010;0010000007;CIRCULANTE E REALIZAVEL A LONGO PRAZO             ; 0000060598620544,44
200505;33700394;UNIBANCO-UNIAO BCOS BRAS S.A.                               ;U;4010;0011000006;DISPONIBILIDADES                                  ; 0000001168039980,30
200505;33700394;UNIBANCO-UNIAO BCOS BRAS S.A.                               ;U;4010;0011100009;CAIXA                                             ; 0000000769230989,46
200505;33700394;UNIBANCO-UNIAO BCOS BRAS S.A.                               ;U;4010;0011500001;DISPONIBILIDADES EM MOEDAS ESTRANGEIRAS           ; 0000000398808990,84
200505;33700394;UNIBANCO-UNIAO BCOS BRAS S.A.                               ;U;4010;0012000005;APLICACOES INTERFINANCEIRAS DE LIQUIDEZ           ; 0000018020678610,09
200505;33700394;UNIBANCO-UNIAO BCOS BRAS S.A.                               ;U;4010;0012100008;APLICACOES EM OPERACOES COMPROMISSADAS            ; 0000011357759297,02
200505;33700394;UNIBANCO-UNIAO BCOS BRAS S.A.                               ;U;4010;0012200001;APLICACOES EM DEPOSITOS INTERFINANCEIROS          ; 0000006547249111,79
200505;33700394;UNIBANCO-UNIAO BCOS BRAS S.A.                               ;U;4010;0012600003;APLICA OES EM MOEDAS ESTRANGEIRAS                 ; 0000000115670201,28
200505;33700394;UNIBANCO-UNIAO BCOS BRAS S.A.                               ;U;4010;0013000004;TITULOS E VAL. MOB. E INST. FINANC. DERIVATIVOS   ; 0000005995824319,81
200505;33700394;UNIBANCO-UNIAO BCOS BRAS S.A.                               ;U;4010;0013100007;LIVRES                                            ; 0000003569910306,90
200505;33700394;UNIBANCO-UNIAO BCOS BRAS S.A.                               ;U;4010;0013200000;VINCULADOS A OPERACOES COMPROMISSADAS             ; 0000000920793044,10
200505;33700394;UNIBANCO-UNIAO BCOS BRAS S.A.                               ;U;4010;0013300003;INSTRUMENTOS FINANCEIROS DERIVATIVOS              ; 0000000908617282,98
200505;33700394;UNIBANCO-UNIAO BCOS BRAS S.A.                               ;U;4010;0013400006;VINCULADOS AO BANCO CENTRAL                       ; 0000000138824218,59
200505;33700394;UNIBANCO-UNIAO BCOS BRAS S.A.                               ;U;4010;0013600002;VINCULADOS A PRESTACAO DE GARANTIAS               ; 0000000457596032,36
200505;33700394;UNIBANCO-UNIAO BCOS BRAS S.A.                               ;U;4010;0013700005;TÍTULOS OBJ. OPER. COMPROMISSADAS COM LIVRE MOV   ; 0000000000083434,88
200505;33700394;UNIBANCO-UNIAO BCOS BRAS S.A.                               ;U;4010;0014000003;RELACOES INTERFINANCEIRAS                         ; 0000005438319186,82
200505;33700394;UNIBANCO-UNIAO BCOS BRAS S.A.                               ;U;4010;0014100006;DIREITOS JUNTO A PARTIC. DE SISTEMAS DE LIQUIDAÇÃO; 0000000549565757,40
200505;33700394;UNIBANCO-UNIAO BCOS BRAS S.A.                               ;U;4010;0014200009;CREDITOS VINCULADOS                               ; 0000004856426682,00
200505;33700394;UNIBANCO-UNIAO BCOS BRAS S.A.                               ;U;4010;0014400005;RELACOES COM CORRESPONDENTES                      ; 0000000032326747,42
200505;33700394;UNIBANCO-UNIAO BCOS BRAS S.A.                               ;U;4010;0015000002;RELACOES INTERDEPENDENCIAS                        ; 0000000008881348,49
200505;33700394;UNIBANCO-UNIAO BCOS BRAS S.A.                               ;U;4010;0015100005;RECURSOS EM TRANSITO DE TERCEIROS                 ; 0000000000061756,58
200505;33700394;UNIBANCO-UNIAO BCOS BRAS S.A.                               ;U;4010;0015200008;TRANSFERENCIAS INTERNAS DE RECURSOS               ; 0000000008819591,91
200505;33700394;UNIBANCO-UNIAO BCOS BRAS S.A.                               ;U;4010;0016000001;OPERACOES DE CREDITO                              ; 0000020339860775,91
200505;33700394;UNIBANCO-UNIAO BCOS BRAS S.A.                               ;U;4010;0016100004;EMPRESTIMOS E TITULOS DESCONTADOS                 ; 0000012750250960,30
200505;33700394;UNIBANCO-UNIAO BCOS BRAS S.A.                               ;U;4010;0016200007;FINANCIAMENTOS                                    ; 0000006515887232,62
200505;33700394;UNIBANCO-UNIAO BCOS BRAS S.A.                               ;U;4010;0016300000;FINANCIAMENTOS RURAIS E AGROINDUSTRIAIS           ; 0000000987505829,95
200505;33700394;UNIBANCO-UNIAO BCOS BRAS S.A.                               ;U;4010;0016400003;FINANCIAMENTOS IMOBILIARIOS                       ; 0000001212945108,72
200505;33700394;UNIBANCO-UNIAO BCOS BRAS S.A.                               ;U;4010;0016900008;(-) PROVISOES PARA OPERACOES DE CREDITO           ;-0000001126728355,68
200505;33700394;UNIBANCO-UNIAO BCOS BRAS S.A.                               ;U;4010;0018000009;OUTROS CREDITOS                                   ; 0000009425588522,72
200505;33700394;UNIBANCO-UNIAO BCOS BRAS S.A.                               ;U;4010;0018100002;AVAIS E FIANCAS HONRADOS                          ; 0000000000110165,21
200505;33700394;UNIBANCO-UNIAO BCOS BRAS S.A.                               ;U;4010;0018200005;CARTEIRA DE CAMBIO                                ; 0000004840523088,49
200505;33700394;UNIBANCO-UNIAO BCOS BRAS S.A.                               ;U;4010;0018300008;RENDAS A RECEBER                                  ; 0000000116919069,61
200505;33700394;UNIBANCO-UNIAO BCOS BRAS S.A.                               ;U;4010;0018400001;NEGOCIACAO E INTERMEDIACAO DE VALORES             ; 0000000007012193,54
200505;33700394;UNIBANCO-UNIAO BCOS BRAS S.A.                               ;U;4010;0018800003;DIVERSOS                                          ; 0000004481436615,60
200505;33700394;UNIBANCO-UNIAO BCOS BRAS S.A.                               ;U;4010;0018900006;(-) PROVISOES PARA OUTROS CREDITOS                ;-0000000020412609,73
200505;33700394;UNIBANCO-UNIAO BCOS BRAS S.A.                               ;U;4010;0019000008;OUTROS VALORES E BENS                             ; 0000000201427800,30
200505;33700394;UNIBANCO-UNIAO BCOS BRAS S.A.                               ;U;4010;0019800002;OUTROS VALORES E BENS                             ; 0000000062589026,24
200505;33700394;UNIBANCO-UNIAO BCOS BRAS S.A.                               ;U;4010;0019900005;DESPESAS ANTECIPADAS                              ; 0000000138838774,06
200505;33700394;UNIBANCO-UNIAO BCOS BRAS S.A.                               ;U;4010;0020000004;PERMANENTE                                        ; 0000006585921708,81
200505;33700394;UNIBANCO-UNIAO BCOS BRAS S.A.                               ;U;4010;0021000003;INVESTIMENTOS                                     ; 0000005859738290,95
200505;33700394;UNIBANCO-UNIAO BCOS BRAS S.A.                               ;U;4010;0021100006;INVESTIMENTOS NO EXTERIOR                         ; 0000001598875703,35
200505;33700394;UNIBANCO-UNIAO BCOS BRAS S.A.                               ;U;4010;0021200009;PARTICIPACOES EM COLIGADAS E CONTROLADAS NO PAIS  ; 0000004229190676,98
200505;33700394;UNIBANCO-UNIAO BCOS BRAS S.A.                               ;U;4010;0021300002;INVESTIMENTOS POR INCENTIVOS FISCAIS              ; 0000000001478100,77
200505;33700394;UNIBANCO-UNIAO BCOS BRAS S.A.                               ;U;4010;0021400005;TITULOS PATRIMONIAIS                              ; 0000000003646762,28
200505;33700394;UNIBANCO-UNIAO BCOS BRAS S.A.                               ;U;4010;0021500008;ACOES E COTAS                                     ; 0000000009244057,59
200505;33700394;UNIBANCO-UNIAO BCOS BRAS S.A.                               ;U;4010;0021900000;OUTROS INVESTIMENTOS                              ; 0000000017302989,98
200505;33700394;UNIBANCO-UNIAO BCOS BRAS S.A.                               ;U;4010;0022000002;IMOBILIZADO DE USO                                ; 0000000336900186,04
200505;33700394;UNIBANCO-UNIAO BCOS BRAS S.A.                               ;U;4010;0022100005;MOVEIS E EQUIPAMENTOS EM ESTOQUE                  ; 0000000000991848,88
200505;33700394;UNIBANCO-UNIAO BCOS BRAS S.A.                               ;U;4010;0022200008;IMOBILIZACOES EM CURSO                            ; 0000000000009669,23
200505;33700394;UNIBANCO-UNIAO BCOS BRAS S.A.                               ;U;4010;0022300001;IMOVEIS DE USO                                    ; 0000000102932650,01
200505;33700394;UNIBANCO-UNIAO BCOS BRAS S.A.                               ;U;4010;0022400004;INSTALACOES, MOVEIS E EQUIPAMENTOS DE USO         ; 0000000062253558,80
200505;33700394;UNIBANCO-UNIAO BCOS BRAS S.A.                               ;U;4010;0022900009;OUTROS                                            ; 0000000170712459,12
200505;33700394;UNIBANCO-UNIAO BCOS BRAS S.A.                               ;U;4010;0024000000;DIFERIDO                                          ; 0000000389283231,82
200505;33700394;UNIBANCO-UNIAO BCOS BRAS S.A.                               ;U;4010;0024100003;GASTOS DE ORGANIZACAO E EXPANSAO                  ; 0000000389283231,82
200505;33700394;UNIBANCO-UNIAO BCOS BRAS S.A.                               ;U;4010;0030000001;COMPENSACAO                                       ; 0000414179846073,26
200505;33700394;UNIBANCO-UNIAO BCOS BRAS S.A.                               ;U;4010;0030100004;COOBRIGACOES E RISCOS EM GARANTIAS PRESTADAS      ; 0000005189393526,33
200505;33700394;UNIBANCO-UNIAO BCOS BRAS S.A.                               ;U;4010;0030300000;TITULOS E VALORES MOBILIARIOS                     ; 0000010174414073,66
200505;33700394;UNIBANCO-UNIAO BCOS BRAS S.A.                               ;U;4010;0030400003;CUSTODIA DE VALORES                               ; 0000042402620865,39
200505;33700394;UNIBANCO-UNIAO BCOS BRAS S.A.                               ;U;4010;0030500006;COBRANCA                                          ; 0000015357854774,69
200505;33700394;UNIBANCO-UNIAO BCOS BRAS S.A.                               ;U;4010;0030600009;NEGOCIACAO E INTERMEDIACAO DE VALORES             ; 0000095112001368,29
200505;33700394;UNIBANCO-UNIAO BCOS BRAS S.A.                               ;U;4010;0030800005;CONTRATOS                                         ; 0000029495434125,17
200505;33700394;UNIBANCO-UNIAO BCOS BRAS S.A.                               ;U;4010;0030900008;CONTROLE                                          ; 0000192947865828,38
200505;33700394;UNIBANCO-UNIAO BCOS BRAS S.A.                               ;U;4010;0031000000;CLASSIFICACAO DA CARTEIRA DE CREDITOS             ; 0000023500261511,35
200505;33700394;UNIBANCO-UNIAO BCOS BRAS S.A.                               ;U;4010;0031100003;OPERACOES DE RISCO NIVEL AA                       ; 0000010057811205,20
200505;33700394;UNIBANCO-UNIAO BCOS BRAS S.A.                               ;U;4010;0031200006;OPERACOES DE RISCO NIVEL A                        ; 0000008153956167,68
200505;33700394;UNIBANCO-UNIAO BCOS BRAS S.A.                               ;U;4010;0031300009;OPERACOES DE RISCO NIVELB                         ; 0000002515182446,35
200505;33700394;UNIBANCO-UNIAO BCOS BRAS S.A.                               ;U;4010;0031400002;OPERACOES DE RISCO NIVELC                         ; 0000001240399252,01
200505;33700394;UNIBANCO-UNIAO BCOS BRAS S.A.                               ;U;4010;0031500005;OPERACOES DE RISCO NIVEL D                        ; 0000000666445758,50
200505;33700394;UNIBANCO-UNIAO BCOS BRAS S.A.                               ;U;4010;0031600008;OPERACOES DE RISCO NIVEL E                        ; 0000000135699832,24
200505;33700394;UNIBANCO-UNIAO BCOS BRAS S.A.                               ;U;4010;0031700001;OPERACOES DE RISCO NIVEL F                        ; 0000000129245001,71
200505;33700394;UNIBANCO-UNIAO BCOS BRAS S.A.                               ;U;4010;0031800004;OPERACOES DE RISCO NIVEL G                        ; 0000000199509548,46
200505;33700394;UNIBANCO-UNIAO BCOS BRAS S.A.                               ;U;4010;0031900007;OPERACOES DE RISCO NIVEL H                        ; 0000000402012299,20
200505;33700394;UNIBANCO-UNIAO BCOS BRAS S.A.                               ;U;4010;0039999993;TOTAL GERAL DO ATIVO                              ; 0000481364388326,51
200505;33700394;UNIBANCO-UNIAO BCOS BRAS S.A.                               ;U;4010;0040000008;CIRCULANTE EXIGIVEL A LONGO PRAZO                 ; 0000058579746396,29
200505;33700394;UNIBANCO-UNIAO BCOS BRAS S.A.                               ;U;4010;0041000007;DEPOSITOS                                         ; 0000035695502927,74
200505;33700394;UNIBANCO-UNIAO BCOS BRAS S.A.                               ;U;4010;0041100000;DEPOSITOS A VISTA                                 ; 0000002937096583,31
200505;33700394;UNIBANCO-UNIAO BCOS BRAS S.A.                               ;U;4010;0041200003;DEPOSITOS DE POUPANCA                             ; 0000005139142558,73
200505;33700394;UNIBANCO-UNIAO BCOS BRAS S.A.                               ;U;4010;0041300006;DEPOSITOS INTERFINANCEIROS                        ; 0000001853170342,96
200505;33700394;UNIBANCO-UNIAO BCOS BRAS S.A.                               ;U;4010;0041500002;DEPOSITOS A PRAZO                                 ; 0000025765007755,04
200505;33700394;UNIBANCO-UNIAO BCOS BRAS S.A.                               ;U;4010;0041800001;DEPOSITOS EM MOEDAS ESTRANGEIRAS                  ; 0000000000949311,72
200505;33700394;UNIBANCO-UNIAO BCOS BRAS S.A.                               ;U;4010;0041900004;OUTROS DEPOSITOS                                  ; 0000000000136375,98
200505;33700394;UNIBANCO-UNIAO BCOS BRAS S.A.                               ;U;4010;0042000006;OBRIGACOES POR OPERACOES COMPROMISSADAS           ; 0000004629046307,04
200505;33700394;UNIBANCO-UNIAO BCOS BRAS S.A.                               ;U;4010;0042100009;CARTEIRA PROPRIA                                  ; 0000000917249997,75
200505;33700394;UNIBANCO-UNIAO BCOS BRAS S.A.                               ;U;4010;0042200002;CARTEIRA DE TERCEIROS                             ; 0000003711713187,54
200505;33700394;UNIBANCO-UNIAO BCOS BRAS S.A.                               ;U;4010;0042300005;CARTEIRA LIVRE MOVIMENTACAO                       ; 0000000000083121,75
200505;33700394;UNIBANCO-UNIAO BCOS BRAS S.A.                               ;U;4010;0043000005;RECURSOS ACEITES CAMB,LI E HIP.,DEBENT.E SIMILARES; 0000002588364309,69
200505;33700394;UNIBANCO-UNIAO BCOS BRAS S.A.                               ;U;4010;0043300004;RECURSOS DE LETRAS HIPOTECARIAS                   ; 0000000222981815,97
200505;33700394;UNIBANCO-UNIAO BCOS BRAS S.A.                               ;U;4010;0043500000;OBRIGACOES P/TITULOS E VALS.MOBILIARIOS EXTERIOR  ; 0000002365382493,72
200505;33700394;UNIBANCO-UNIAO BCOS BRAS S.A.                               ;U;4010;0044000004;RELACOES INTERFINANCEIRAS                         ; 0000000619044950,50
200505;33700394;UNIBANCO-UNIAO BCOS BRAS S.A.                               ;U;4010;0044100007;OBRIGAÇÕES JUNTO A PARTIC. DE SIST. DE LIQUIDACÃO ; 0000000606586247,20
200505;33700394;UNIBANCO-UNIAO BCOS BRAS S.A.                               ;U;4010;0044400006;RELACOES COM CORRESPONDENTES                      ; 0000000012458703,30
200505;33700394;UNIBANCO-UNIAO BCOS BRAS S.A.                               ;U;4010;0045000003;RELACOES INTERDEPENDENCIAS                        ; 0000000343820185,53
200505;33700394;UNIBANCO-UNIAO BCOS BRAS S.A.                               ;U;4010;0045100006;RECURSOS EM TRANSITO DE TERCEIROS                 ; 0000000318388271,83
200505;33700394;UNIBANCO-UNIAO BCOS BRAS S.A.                               ;U;4010;0045200009;TRANSFERENCIAS INTERNAS DE RECURSOS               ; 0000000025431913,70
200505;33700394;UNIBANCO-UNIAO BCOS BRAS S.A.                               ;U;4010;0046000002;OBRIGACOES POR EMPRESTIMOS E REPASSES             ; 0000006841679568,39
200505;33700394;UNIBANCO-UNIAO BCOS BRAS S.A.                               ;U;4010;0046100005;EMPRESTIMOS NO PAIS - INSTITUICOES OFICIAIS       ; 0000000001055748,64
200505;33700394;UNIBANCO-UNIAO BCOS BRAS S.A.                               ;U;4010;0046300001;EMPRESTIMOS NO EXTERIOR                           ; 0000002147408520,63
200505;33700394;UNIBANCO-UNIAO BCOS BRAS S.A.                               ;U;4010;0046400004;REPASSES DO PAIS - INSTITUICOES OFICIAIS          ; 0000004432729038,10
200505;33700394;UNIBANCO-UNIAO BCOS BRAS S.A.                               ;U;4010;0046600000;REPASSES DO EXTERIOR                              ; 0000000260486261,02
200505;33700394;UNIBANCO-UNIAO BCOS BRAS S.A.                               ;U;4010;0047000001;INSTRUMENTOS FINANCEIROS DERIVATIVOS              ; 0000000338668006,91
200505;33700394;UNIBANCO-UNIAO BCOS BRAS S.A.                               ;U;4010;0047100004;INSTRUMENTOS FINANCEIROS DERIVATIVOS              ; 0000000338668006,91
200505;33700394;UNIBANCO-UNIAO BCOS BRAS S.A.                               ;U;4010;0049000009;OUTRAS OBRIGACOES                                 ; 0000007523620140,49
200505;33700394;UNIBANCO-UNIAO BCOS BRAS S.A.                               ;U;4010;0049100002;COBRANCA E ARRECADACAO DE TRIBUTOS E ASSEMELHADOS ; 0000000282262883,84
200505;33700394;UNIBANCO-UNIAO BCOS BRAS S.A.                               ;U;4010;0049200005;CARTEIRA DE CAMBIO                                ; 0000003630948159,20
200505;33700394;UNIBANCO-UNIAO BCOS BRAS S.A.                               ;U;4010;0049300008;SOCIAIS E ESTATUTARIAS                            ; 0000000258988976,44
200505;33700394;UNIBANCO-UNIAO BCOS BRAS S.A.                               ;U;4010;0049400001;FISCAIS E PREVIDENCIARIAS                         ; 0000000923074257,61
200505;33700394;UNIBANCO-UNIAO BCOS BRAS S.A.                               ;U;4010;0049500004;NEGOCIACAO E INTERMEDIACAO DE VALORES             ; 0000000001635266,63
200505;33700394;UNIBANCO-UNIAO BCOS BRAS S.A.                               ;U;4010;0049900006;DIVERSAS                                          ; 0000002426710596,77
200505;33700394;UNIBANCO-UNIAO BCOS BRAS S.A.                               ;U;4010;0050000005;RESULTADOS DE EXERCICIOS FUTUROS                  ; 0000000009872955,88
200505;33700394;UNIBANCO-UNIAO BCOS BRAS S.A.                               ;U;4010;0051000004;RECEITAS DE EXERCICIOS FUTUROS                    ; 0000000009872955,88
200505;33700394;UNIBANCO-UNIAO BCOS BRAS S.A.                               ;U;4010;0051100007;RECEITAS DE EXERCICIOS FUTUROS                    ; 0000000009872955,88
200505;33700394;UNIBANCO-UNIAO BCOS BRAS S.A.                               ;U;4010;0060000002;PATRIMONIO LIQUIDO                                ; 0000008139787885,39
200505;33700394;UNIBANCO-UNIAO BCOS BRAS S.A.                               ;U;4010;0061000001;PATRIMONIO LIQUIDO                                ; 0000008139787885,39
200505;33700394;UNIBANCO-UNIAO BCOS BRAS S.A.                               ;U;4010;0061100004;CAPITAL SOCIAL                                    ; 0000005000000000,00
200505;33700394;UNIBANCO-UNIAO BCOS BRAS S.A.                               ;U;4010;0061300000;RESERVAS DE CAPITAL                               ; 0000000159236094,91
200505;33700394;UNIBANCO-UNIAO BCOS BRAS S.A.                               ;U;4010;0061400003;RESERVAS DE REAVALIACAO                           ; 0000000005623985,44
200505;33700394;UNIBANCO-UNIAO BCOS BRAS S.A.                               ;U;4010;0061500006;RESERVAS DE LUCROS                                ; 0000003075279797,69
200505;33700394;UNIBANCO-UNIAO BCOS BRAS S.A.                               ;U;4010;0061600009;AJUSTES DE AVALIACAO PATRIMONIAL                  ;-0000000050153006,24
200505;33700394;UNIBANCO-UNIAO BCOS BRAS S.A.                               ;U;4010;0061800005;LUCROS OU PREJUIZOS ACUMULADOS                    ;-0000000000018296,38
200505;33700394;UNIBANCO-UNIAO BCOS BRAS S.A.                               ;U;4010;0061900008;(-) ACOES EM TESOURARIA                           ;-0000000050180690,03
200505;33700394;UNIBANCO-UNIAO BCOS BRAS S.A.                               ;U;4010;0070000009;CONTAS DE RESULTADO CREDORAS                      ; 0000008134471860,65
200505;33700394;UNIBANCO-UNIAO BCOS BRAS S.A.                               ;U;4010;0071000008;RECEITAS OPERACIONAIS                             ; 0000008127663915,23
200505;33700394;UNIBANCO-UNIAO BCOS BRAS S.A.                               ;U;4010;0071100001;RENDAS DE OPERACOES DE CREDITO                    ; 0000002348106442,17
200505;33700394;UNIBANCO-UNIAO BCOS BRAS S.A.                               ;U;4010;0071300007;RENDAS DE CAMBIO                                  ; 0000001115240388,62
200505;33700394;UNIBANCO-UNIAO BCOS BRAS S.A.                               ;U;4010;0071400000;RENDAS DE APLICACOES INTERFINANCEIRAS DE LIQUIDEZ ; 0000001296992295,06
200505;33700394;UNIBANCO-UNIAO BCOS BRAS S.A.                               ;U;4010;0071500003;RENDAS COM TIT. E VAL. MOB. E INST. FINANC. DERIV.; 0000001202792274,04
200505;33700394;UNIBANCO-UNIAO BCOS BRAS S.A.                               ;U;4010;0071700009;RENDAS DE PRESTACAO DE SERVICOS                   ; 0000000591208819,53
200505;33700394;UNIBANCO-UNIAO BCOS BRAS S.A.                               ;U;4010;0071800002;RENDAS DE PARTICIPACOES                           ; 0000000359912187,35
200505;33700394;UNIBANCO-UNIAO BCOS BRAS S.A.                               ;U;4010;0071900005;OUTRAS RECEITAS OPERACIONAIS                      ; 0000001213411508,46
200505;33700394;UNIBANCO-UNIAO BCOS BRAS S.A.                               ;U;4010;0073000006;RECEITAS NAO OPERACIONAIS                         ; 0000000006807945,42
200505;33700394;UNIBANCO-UNIAO BCOS BRAS S.A.                               ;U;4010;0073100009;LUCROS EM TRANSACOES COM VALORES E BENS           ; 0000000001498861,24
200505;33700394;UNIBANCO-UNIAO BCOS BRAS S.A.                               ;U;4010;0073900003;OUTRAS RECEITAS NAO OPERACIONAIS                  ; 0000000005309084,18
200505;33700394;UNIBANCO-UNIAO BCOS BRAS S.A.                               ;U;4010;0080000006;(-) CONTAS DE RESULTADO DEVEDORAS                 ;-0000007679336844,96
200505;33700394;UNIBANCO-UNIAO BCOS BRAS S.A.                               ;U;4010;0081000005;(-) DESPESAS OPERACIONAIS                         ;-0000007339982951,56
200505;33700394;UNIBANCO-UNIAO BCOS BRAS S.A.                               ;U;4010;0081100008;(-) DESPESAS DE CAPTACAO                          ;-0000002531482719,23
200505;33700394;UNIBANCO-UNIAO BCOS BRAS S.A.                               ;U;4010;0081200001;(-) DESP DE OBRIGACOES POR EMPRESTIMOS E REPASSES ;-0000000207813591,61
200505;33700394;UNIBANCO-UNIAO BCOS BRAS S.A.                               ;U;4010;0081400007;(-) DESPESAS DE CAMBIO                            ;-0000001211594320,03
200505;33700394;UNIBANCO-UNIAO BCOS BRAS S.A.                               ;U;4010;0081500000;(-) DESP. COM TIT. E VAL. MOB. E INST. FIN. DERIV.;-0000000505035313,06
200505;33700394;UNIBANCO-UNIAO BCOS BRAS S.A.                               ;U;4010;0081600003;(-) DESPESAS DE PARTICIPACOES                     ;-0000000070616320,04
200505;33700394;UNIBANCO-UNIAO BCOS BRAS S.A.                               ;U;4010;0081700006;(-) DESPESAS ADMINISTRATIVAS                      ;-0000001195942623,63
200505;33700394;UNIBANCO-UNIAO BCOS BRAS S.A.                               ;U;4010;0081800009;(-) APROVISIONAMENTOS E AJUSTES PATRIMONIAIS      ;-0000000418693686,73
200505;33700394;UNIBANCO-UNIAO BCOS BRAS S.A.                               ;U;4010;0081900002;(-) OUTRAS DESPESAS OPERACIONAIS                  ;-0000001198804377,23
200505;33700394;UNIBANCO-UNIAO BCOS BRAS S.A.                               ;U;4010;0083000003;(-) DESPESAS NAO OPERACIONAIS                     ;-0000000014915859,38
200505;33700394;UNIBANCO-UNIAO BCOS BRAS S.A.                               ;U;4010;0083100006;(-) PREJUIZOS EM TRANSACOES COM VALORES E BENS    ;-0000000001414017,96
200505;33700394;UNIBANCO-UNIAO BCOS BRAS S.A.                               ;U;4010;0083900000;(-) OUTRAS DESPESAS NAO OPERACIONAIS              ;-0000000013501841,42
200505;33700394;UNIBANCO-UNIAO BCOS BRAS S.A.                               ;U;4010;0089000007;(-) APURACAO DE RESULTADO                         ;-0000000324438034,02
200505;33700394;UNIBANCO-UNIAO BCOS BRAS S.A.                               ;U;4010;0089400009;(-) IMPOSTO DE RENDA                              ;-0000000215538489,02
200505;33700394;UNIBANCO-UNIAO BCOS BRAS S.A.                               ;U;4010;0089700008;(-) PARTICIPACOES NO LUCRO                        ;-0000000108899545,00
200505;33700394;UNIBANCO-UNIAO BCOS BRAS S.A.                               ;U;4010;0090000003;COMPENSACAO                                       ; 0000414179846073,26
200505;33700394;UNIBANCO-UNIAO BCOS BRAS S.A.                               ;U;4010;0090100006;COOBRIGACOES E RISCOS EM GARANTIAS PRESTADAS      ; 0000005189393526,33
200505;33700394;UNIBANCO-UNIAO BCOS BRAS S.A.                               ;U;4010;0090300002;TITULOS E VALORES MOBILIARIOS                     ; 0000010174414073,66
200505;33700394;UNIBANCO-UNIAO BCOS BRAS S.A.                               ;U;4010;0090400005;CUSTODIA DE VALORES                               ; 0000042402620865,39
200505;33700394;UNIBANCO-UNIAO BCOS BRAS S.A.                               ;U;4010;0090500008;COBRANCA                                          ; 0000015357854774,69
200505;33700394;UNIBANCO-UNIAO BCOS BRAS S.A.                               ;U;4010;0090600001;NEGOCIACAO E INTERMEDIACAO DE VALORES             ; 0000095112001368,29
200505;33700394;UNIBANCO-UNIAO BCOS BRAS S.A.                               ;U;4010;0090800007;CONTRATOS                                         ; 0000029495434125,17
200505;33700394;UNIBANCO-UNIAO BCOS BRAS S.A.                               ;U;4010;0090900000;CONTROLE                                          ; 0000192947865828,38
200505;33700394;UNIBANCO-UNIAO BCOS BRAS S.A.                               ;U;4010;0091000002;CLASSIFICACAO DA CARTEIRA DE CREDITOS             ; 0000023500261511,35
200505;33700394;UNIBANCO-UNIAO BCOS BRAS S.A.                               ;U;4010;0091100005;OPERACOES DE CREDITOS E ARRENDAMENTO MERCANTIL    ; 0000023500261511,35
200505;33700394;UNIBANCO-UNIAO BCOS BRAS S.A.                               ;U;4010;0099999995;TOTAL GERAL DO PASSIVO                            ; 0000481364388326,51
200505;33852567;BANCO HSBC S.A.                                             ;U;4010;0010000007;CIRCULANTE E REALIZAVEL A LONGO PRAZO             ; 0000002612015268,32
200505;33852567;BANCO HSBC S.A.                                             ;U;4010;0011000006;DISPONIBILIDADES                                  ; 0000000025721006,06
200505;33852567;BANCO HSBC S.A.                                             ;U;4010;0011100009;CAIXA                                             ; 0000000001964979,51
200505;33852567;BANCO HSBC S.A.                                             ;U;4010;0011200002;DEPOSITOS BANCARIOS                               ; 0000000023756026,55
200505;33852567;BANCO HSBC S.A.                                             ;U;4010;0012000005;APLICACOES INTERFINANCEIRAS DE LIQUIDEZ           ; 0000000218305411,14
200505;33852567;BANCO HSBC S.A.                                             ;U;4010;0012200001;APLICACOES EM DEPOSITOS INTERFINANCEIROS          ; 0000000218305411,14
200505;33852567;BANCO HSBC S.A.                                             ;U;4010;0013000004;TITULOS E VAL. MOB. E INST. FINANC. DERIVATIVOS   ; 0000000026988378,98
200505;33852567;BANCO HSBC S.A.                                             ;U;4010;0013100007;LIVRES                                            ; 0000000026988378,98
200505;33852567;BANCO HSBC S.A.                                             ;U;4010;0016000001;OPERACOES DE CREDITO                              ; 0000002026446659,08
200505;33852567;BANCO HSBC S.A.                                             ;U;4010;0016100004;EMPRESTIMOS E TITULOS DESCONTADOS                 ; 0000000687267966,79
200505;33852567;BANCO HSBC S.A.                                             ;U;4010;0016200007;FINANCIAMENTOS                                    ; 0000001817596652,46
200505;33852567;BANCO HSBC S.A.                                             ;U;4010;0016900008;(-) PROVISOES PARA OPERACOES DE CREDITO           ;-0000000478417960,17
200505;33852567;BANCO HSBC S.A.                                             ;U;4010;0018000009;OUTROS CREDITOS                                   ; 0000000247203420,94
200505;33852567;BANCO HSBC S.A.                                             ;U;4010;0018100002;AVAIS E FIANCAS HONRADOS                          ; 0000000001043462,37
200505;33852567;BANCO HSBC S.A.                                             ;U;4010;0018300008;RENDAS A RECEBER                                  ; 0000000000387657,68
200505;33852567;BANCO HSBC S.A.                                             ;U;4010;0018800003;DIVERSOS                                          ; 0000000247321723,73
200505;33852567;BANCO HSBC S.A.                                             ;U;4010;0018900006;(-) PROVISOES PARA OUTROS CREDITOS                ;-0000000001549422,84
200505;33852567;BANCO HSBC S.A.                                             ;U;4010;0019000008;OUTROS VALORES E BENS                             ; 0000000067350392,12
200505;33852567;BANCO HSBC S.A.                                             ;U;4010;0019800002;OUTROS VALORES E BENS                             ; 0000000000413698,99
200505;33852567;BANCO HSBC S.A.                                             ;U;4010;0019900005;DESPESAS ANTECIPADAS                              ; 0000000066936693,13
200505;33852567;BANCO HSBC S.A.                                             ;U;4010;0020000004;PERMANENTE                                        ; 0000000174269630,52
200505;33852567;BANCO HSBC S.A.                                             ;U;4010;0021000003;INVESTIMENTOS                                     ; 0000000147652403,72
200505;33852567;BANCO HSBC S.A.                                             ;U;4010;0021200009;PARTICIPACOES EM COLIGADAS E CONTROLADAS NO PAIS  ; 0000000147609393,58
200505;33852567;BANCO HSBC S.A.                                             ;U;4010;0021900000;OUTROS INVESTIMENTOS                              ; 0000000000043010,14
200505;33852567;BANCO HSBC S.A.                                             ;U;4010;0022000002;IMOBILIZADO DE USO                                ; 0000000018715528,80
200505;33852567;BANCO HSBC S.A.                                             ;U;4010;0022200008;IMOBILIZACOES EM CURSO                            ; 0000000000819516,54
200505;33852567;BANCO HSBC S.A.                                             ;U;4010;0022300001;IMOVEIS DE USO                                    ; 0000000014346388,93
200505;33852567;BANCO HSBC S.A.                                             ;U;4010;0022400004;INSTALACOES, MOVEIS E EQUIPAMENTOS DE USO         ; 0000000002343916,61
200505;33852567;BANCO HSBC S.A.                                             ;U;4010;0022900009;OUTROS                                            ; 0000000001205706,72
200505;33852567;BANCO HSBC S.A.                                             ;U;4010;0024000000;DIFERIDO                                          ; 0000000007901698,00
200505;33852567;BANCO HSBC S.A.                                             ;U;4010;0024100003;GASTOS DE ORGANIZACAO E EXPANSAO                  ; 0000000007901698,00
200505;33852567;BANCO HSBC S.A.                                             ;U;4010;0030000001;COMPENSACAO                                       ; 0000006056592933,62
200505;33852567;BANCO HSBC S.A.                                             ;U;4010;0030100004;COOBRIGACOES E RISCOS EM GARANTIAS PRESTADAS      ; 0000000000074279,74
200505;33852567;BANCO HSBC S.A.                                             ;U;4010;0030300000;TITULOS E VALORES MOBILIARIOS                     ; 0000000053976757,96
200505;33852567;BANCO HSBC S.A.                                             ;U;4010;0030400003;CUSTODIA DE VALORES                               ; 0000001057707493,19
200505;33852567;BANCO HSBC S.A.                                             ;U;4010;0030500006;COBRANCA                                          ; 0000000287673593,64
200505;33852567;BANCO HSBC S.A.                                             ;U;4010;0030900008;CONTROLE                                          ; 0000002126033368,82
200505;33852567;BANCO HSBC S.A.                                             ;U;4010;0031000000;CLASSIFICACAO DA CARTEIRA DE CREDITOS             ; 0000002531127440,27
200505;33852567;BANCO HSBC S.A.                                             ;U;4010;0031100003;OPERACOES DE RISCO NIVEL AA                       ; 0000000015642713,42
200505;33852567;BANCO HSBC S.A.                                             ;U;4010;0031200006;OPERACOES DE RISCO NIVEL A                        ; 0000001675673199,25
200505;33852567;BANCO HSBC S.A.                                             ;U;4010;0031300009;OPERACOES DE RISCO NIVELB                         ; 0000000174513766,31
200505;33852567;BANCO HSBC S.A.                                             ;U;4010;0031400002;OPERACOES DE RISCO NIVELC                         ; 0000000130044995,79
200505;33852567;BANCO HSBC S.A.                                             ;U;4010;0031500005;OPERACOES DE RISCO NIVEL D                        ; 0000000080001828,01
200505;33852567;BANCO HSBC S.A.                                             ;U;4010;0031600008;OPERACOES DE RISCO NIVEL E                        ; 0000000076163531,66
200505;33852567;BANCO HSBC S.A.                                             ;U;4010;0031700001;OPERACOES DE RISCO NIVEL F                        ; 0000000068190328,84
200505;33852567;BANCO HSBC S.A.                                             ;U;4010;0031800004;OPERACOES DE RISCO NIVEL G                        ; 0000000050252996,48
200505;33852567;BANCO HSBC S.A.                                             ;U;4010;0031900007;OPERACOES DE RISCO NIVEL H                        ; 0000000260644080,51
200505;33852567;BANCO HSBC S.A.                                             ;U;4010;0039999993;TOTAL GERAL DO ATIVO                              ; 0000008842877832,46
200505;33852567;BANCO HSBC S.A.                                             ;U;4010;0040000008;CIRCULANTE EXIGIVEL A LONGO PRAZO                 ; 0000002500084309,25
200505;33852567;BANCO HSBC S.A.                                             ;U;4010;0041000007;DEPOSITOS                                         ; 0000002227693346,54
200505;33852567;BANCO HSBC S.A.                                             ;U;4010;0041300006;DEPOSITOS INTERFINANCEIROS                        ; 0000002227693346,54
200505;33852567;BANCO HSBC S.A.                                             ;U;4010;0046000002;OBRIGACOES POR EMPRESTIMOS E REPASSES             ; 0000000045619564,07
200505;33852567;BANCO HSBC S.A.                                             ;U;4010;0046400004;REPASSES DO PAIS - INSTITUICOES OFICIAIS          ; 0000000045619564,07
200505;33852567;BANCO HSBC S.A.                                             ;U;4010;0049000009;OUTRAS OBRIGACOES                                 ; 0000000226771398,64
200505;33852567;BANCO HSBC S.A.                                             ;U;4010;0049100002;COBRANCA E ARRECADACAO DE TRIBUTOS E ASSEMELHADOS ; 0000000000733904,88
200505;33852567;BANCO HSBC S.A.                                             ;U;4010;0049300008;SOCIAIS E ESTATUTARIAS                            ; 0000000006101797,49
200505;33852567;BANCO HSBC S.A.                                             ;U;4010;0049400001;FISCAIS E PREVIDENCIARIAS                         ; 0000000074821052,65
200505;33852567;BANCO HSBC S.A.                                             ;U;4010;0049900006;DIVERSAS                                          ; 0000000145114643,62
200505;33852567;BANCO HSBC S.A.                                             ;U;4010;0060000002;PATRIMONIO LIQUIDO                                ; 0000000243633891,75
200505;33852567;BANCO HSBC S.A.                                             ;U;4010;0061000001;PATRIMONIO LIQUIDO                                ; 0000000243633891,75
200505;33852567;BANCO HSBC S.A.                                             ;U;4010;0061100004;CAPITAL SOCIAL                                    ; 0000000168064760,45
200505;33852567;BANCO HSBC S.A.                                             ;U;4010;0061300000;RESERVAS DE CAPITAL                               ; 0000000005725533,27
200505;33852567;BANCO HSBC S.A.                                             ;U;4010;0061500006;RESERVAS DE LUCROS                                ; 0000000005609305,65
200505;33852567;BANCO HSBC S.A.                                             ;U;4010;0061600009;AJUSTES DE AVALIACAO PATRIMONIAL                  ; 0000000000028899,92
200505;33852567;BANCO HSBC S.A.                                             ;U;4010;0061800005;LUCROS OU PREJUIZOS ACUMULADOS                    ; 0000000064205392,46
200505;33852567;BANCO HSBC S.A.                                             ;U;4010;0070000009;CONTAS DE RESULTADO CREDORAS                      ; 0000000858816840,28
200505;33852567;BANCO HSBC S.A.                                             ;U;4010;0071000008;RECEITAS OPERACIONAIS                             ; 0000000858383285,06
200505;33852567;BANCO HSBC S.A.                                             ;U;4010;0071100001;RENDAS DE OPERACOES DE CREDITO                    ; 0000000649002529,71
200505;33852567;BANCO HSBC S.A.                                             ;U;4010;0071400000;RENDAS DE APLICACOES INTERFINANCEIRAS DE LIQUIDEZ ; 0000000023246487,94
200505;33852567;BANCO HSBC S.A.                                             ;U;4010;0071500003;RENDAS COM TIT. E VAL. MOB. E INST. FINANC. DERIV.; 0000000002316952,33
200505;33852567;BANCO HSBC S.A.                                             ;U;4010;0071700009;RENDAS DE PRESTACAO DE SERVICOS                   ; 0000000090150463,79
200505;33852567;BANCO HSBC S.A.                                             ;U;4010;0071800002;RENDAS DE PARTICIPACOES                           ; 0000000005644981,66
200505;33852567;BANCO HSBC S.A.                                             ;U;4010;0071900005;OUTRAS RECEITAS OPERACIONAIS                      ; 0000000088021869,63
200505;33852567;BANCO HSBC S.A.                                             ;U;4010;0073000006;RECEITAS NAO OPERACIONAIS                         ; 0000000000433555,22
200505;33852567;BANCO HSBC S.A.                                             ;U;4010;0073100009;LUCROS EM TRANSACOES COM VALORES E BENS           ; 0000000000273670,04
200505;33852567;BANCO HSBC S.A.                                             ;U;4010;0073900003;OUTRAS RECEITAS NAO OPERACIONAIS                  ; 0000000000159885,18
200505;33852567;BANCO HSBC S.A.                                             ;U;4010;0080000006;(-) CONTAS DE RESULTADO DEVEDORAS                 ;-0000000816250142,44
200505;33852567;BANCO HSBC S.A.                                             ;U;4010;0081000005;(-) DESPESAS OPERACIONAIS                         ;-0000000800688187,92
200505;33852567;BANCO HSBC S.A.                                             ;U;4010;0081100008;(-) DESPESAS DE CAPTACAO                          ;-0000000178698379,59
200505;33852567;BANCO HSBC S.A.                                             ;U;4010;0081200001;(-) DESP DE OBRIGACOES POR EMPRESTIMOS E REPASSES ;-0000000002390779,56
200505;33852567;BANCO HSBC S.A.                                             ;U;4010;0081600003;(-) DESPESAS DE PARTICIPACOES                     ;-0000000000165172,69
200505;33852567;BANCO HSBC S.A.                                             ;U;4010;0081700006;(-) DESPESAS ADMINISTRATIVAS                      ;-0000000295302723,18
200505;33852567;BANCO HSBC S.A.                                             ;U;4010;0081800009;(-) APROVISIONAMENTOS E AJUSTES PATRIMONIAIS      ;-0000000262251385,48
200505;33852567;BANCO HSBC S.A.                                             ;U;4010;0081900002;(-) OUTRAS DESPESAS OPERACIONAIS                  ;-0000000061879747,42
200505;33852567;BANCO HSBC S.A.                                             ;U;4010;0083000003;(-) DESPESAS NAO OPERACIONAIS                     ;-0000000001554248,97
200505;33852567;BANCO HSBC S.A.                                             ;U;4010;0083100006;(-) PREJUIZOS EM TRANSACOES COM VALORES E BENS    ;-0000000001372840,32
200505;33852567;BANCO HSBC S.A.                                             ;U;4010;0083900000;(-) OUTRAS DESPESAS NAO OPERACIONAIS              ;-0000000000181408,65
200505;33852567;BANCO HSBC S.A.                                             ;U;4010;0089000007;(-) APURACAO DE RESULTADO                         ;-0000000014007705,55
200505;33852567;BANCO HSBC S.A.                                             ;U;4010;0089400009;(-) IMPOSTO DE RENDA                              ;-0000000014007705,55
200505;33852567;BANCO HSBC S.A.                                             ;U;4010;0090000003;COMPENSACAO                                       ; 0000006056592933,62
200505;33852567;BANCO HSBC S.A.                                             ;U;4010;0090100006;COOBRIGACOES E RISCOS EM GARANTIAS PRESTADAS      ; 0000000000074279,74
200505;33852567;BANCO HSBC S.A.                                             ;U;4010;0090300002;TITULOS E VALORES MOBILIARIOS                     ; 0000000053976757,96
200505;33852567;BANCO HSBC S.A.                                             ;U;4010;0090400005;CUSTODIA DE VALORES                               ; 0000001057707493,19
200505;33852567;BANCO HSBC S.A.                                             ;U;4010;0090500008;COBRANCA                                          ; 0000000287673593,64
200505;33852567;BANCO HSBC S.A.                                             ;U;4010;0090900000;CONTROLE                                          ; 0000002126033368,82
200505;33852567;BANCO HSBC S.A.                                             ;U;4010;0091000002;CLASSIFICACAO DA CARTEIRA DE CREDITOS             ; 0000002531127440,27
200505;33852567;BANCO HSBC S.A.                                             ;U;4010;0091100005;OPERACOES DE CREDITOS E ARRENDAMENTO MERCANTIL    ; 0000002531127440,27
200505;33852567;BANCO HSBC S.A.                                             ;U;4010;0099999995;TOTAL GERAL DO PASSIVO                            ; 0000008842877832,46
200505;33857830;BCO OPPORTUNITY S.A.                                        ;U;4010;0010000007;CIRCULANTE E REALIZAVEL A LONGO PRAZO             ; 0000001004376883,76
200505;33857830;BCO OPPORTUNITY S.A.                                        ;U;4010;0011000006;DISPONIBILIDADES                                  ; 0000000000879100,48
200505;33857830;BCO OPPORTUNITY S.A.                                        ;U;4010;0011100009;CAIXA                                             ; 0000000000001785,35
200505;33857830;BCO OPPORTUNITY S.A.                                        ;U;4010;0011300005;RESERVAS LIVRES                                   ; 0000000000877315,13
200505;33857830;BCO OPPORTUNITY S.A.                                        ;U;4010;0012000005;APLICACOES INTERFINANCEIRAS DE LIQUIDEZ           ; 0000000989996700,93
200505;33857830;BCO OPPORTUNITY S.A.                                        ;U;4010;0012100008;APLICACOES EM OPERACOES COMPROMISSADAS            ; 0000000989996700,93
200505;33857830;BCO OPPORTUNITY S.A.                                        ;U;4010;0013000004;TITULOS E VAL. MOB. E INST. FINANC. DERIVATIVOS   ; 0000000010640643,87
200505;33857830;BCO OPPORTUNITY S.A.                                        ;U;4010;0013100007;LIVRES                                            ; 0000000010640643,87
200505;33857830;BCO OPPORTUNITY S.A.                                        ;U;4010;0014000003;RELACOES INTERFINANCEIRAS                         ; 0000000000059727,81
200505;33857830;BCO OPPORTUNITY S.A.                                        ;U;4010;0014100006;DIREITOS JUNTO A PARTIC. DE SISTEMAS DE LIQUIDAÇÃO; 0000000000003497,87
200505;33857830;BCO OPPORTUNITY S.A.                                        ;U;4010;0014200009;CREDITOS VINCULADOS                               ; 0000000000056229,94
200505;33857830;BCO OPPORTUNITY S.A.                                        ;U;4010;0018000009;OUTROS CREDITOS                                   ; 0000000002798829,23
200505;33857830;BCO OPPORTUNITY S.A.                                        ;U;4010;0018300008;RENDAS A RECEBER                                  ; 0000000001932759,31
200505;33857830;BCO OPPORTUNITY S.A.                                        ;U;4010;0018800003;DIVERSOS                                          ; 0000000000866069,92
200505;33857830;BCO OPPORTUNITY S.A.                                        ;U;4010;0019000008;OUTROS VALORES E BENS                             ; 0000000000001881,44
200505;33857830;BCO OPPORTUNITY S.A.                                        ;U;4010;0019900005;DESPESAS ANTECIPADAS                              ; 0000000000001881,44
200505;33857830;BCO OPPORTUNITY S.A.                                        ;U;4010;0020000004;PERMANENTE                                        ; 0000000043609523,45
200505;33857830;BCO OPPORTUNITY S.A.                                        ;U;4010;0021000003;INVESTIMENTOS                                     ; 0000000043101557,90
200505;33857830;BCO OPPORTUNITY S.A.                                        ;U;4010;0021200009;PARTICIPACOES EM COLIGADAS E CONTROLADAS NO PAIS  ; 0000000011159579,10
200505;33857830;BCO OPPORTUNITY S.A.                                        ;U;4010;0021300002;INVESTIMENTOS POR INCENTIVOS FISCAIS              ; 0000000000014016,35
200505;33857830;BCO OPPORTUNITY S.A.                                        ;U;4010;0021400005;TITULOS PATRIMONIAIS                              ; 0000000000207797,12
200505;33857830;BCO OPPORTUNITY S.A.                                        ;U;4010;0021900000;OUTROS INVESTIMENTOS                              ; 0000000031720165,33
200505;33857830;BCO OPPORTUNITY S.A.                                        ;U;4010;0022000002;IMOBILIZADO DE USO                                ; 0000000000507965,55
200505;33857830;BCO OPPORTUNITY S.A.                                        ;U;4010;0022400004;INSTALACOES, MOVEIS E EQUIPAMENTOS DE USO         ; 0000000000214642,73
200505;33857830;BCO OPPORTUNITY S.A.                                        ;U;4010;0022900009;OUTROS                                            ; 0000000000293322,82
200505;33857830;BCO OPPORTUNITY S.A.                                        ;U;4010;0030000001;COMPENSACAO                                       ; 0000043927859013,77
200505;33857830;BCO OPPORTUNITY S.A.                                        ;U;4010;0030300000;TITULOS E VALORES MOBILIARIOS                     ; 0000000021272762,52
200505;33857830;BCO OPPORTUNITY S.A.                                        ;U;4010;0030400003;CUSTODIA DE VALORES                               ; 0000033474305562,00
200505;33857830;BCO OPPORTUNITY S.A.                                        ;U;4010;0030600009;NEGOCIACAO E INTERMEDIACAO DE VALORES             ; 0000000877409765,00
200505;33857830;BCO OPPORTUNITY S.A.                                        ;U;4010;0030800005;CONTRATOS                                         ; 0000006227540199,27
200505;33857830;BCO OPPORTUNITY S.A.                                        ;U;4010;0030900008;CONTROLE                                          ; 0000003327330724,98
200505;33857830;BCO OPPORTUNITY S.A.                                        ;U;4010;0039999993;TOTAL GERAL DO ATIVO                              ; 0000044975845420,98
200505;33857830;BCO OPPORTUNITY S.A.                                        ;U;4010;0040000008;CIRCULANTE EXIGIVEL A LONGO PRAZO                 ; 0000000928775336,53
200505;33857830;BCO OPPORTUNITY S.A.                                        ;U;4010;0041000007;DEPOSITOS                                         ; 0000000003172676,38
200505;33857830;BCO OPPORTUNITY S.A.                                        ;U;4010;0041100000;DEPOSITOS A VISTA                                 ; 0000000003172676,38
200505;33857830;BCO OPPORTUNITY S.A.                                        ;U;4010;0042000006;OBRIGACOES POR OPERACOES COMPROMISSADAS           ; 0000000920590434,54
200505;33857830;BCO OPPORTUNITY S.A.                                        ;U;4010;0042200002;CARTEIRA DE TERCEIROS                             ; 0000000920590434,54
200505;33857830;BCO OPPORTUNITY S.A.                                        ;U;4010;0044000004;RELACOES INTERFINANCEIRAS                         ; 0000000000019510,52
200505;33857830;BCO OPPORTUNITY S.A.                                        ;U;4010;0044100007;OBRIGAÇÕES JUNTO A PARTIC. DE SIST. DE LIQUIDACÃO ; 0000000000019510,52
200505;33857830;BCO OPPORTUNITY S.A.                                        ;U;4010;0049000009;OUTRAS OBRIGACOES                                 ; 0000000004992715,09
200505;33857830;BCO OPPORTUNITY S.A.                                        ;U;4010;0049400001;FISCAIS E PREVIDENCIARIAS                         ; 0000000004683515,94
200505;33857830;BCO OPPORTUNITY S.A.                                        ;U;4010;0049500004;NEGOCIACAO E INTERMEDIACAO DE VALORES             ; 0000000000071832,47
200505;33857830;BCO OPPORTUNITY S.A.                                        ;U;4010;0049900006;DIVERSAS                                          ; 0000000000237366,68
200505;33857830;BCO OPPORTUNITY S.A.                                        ;U;4010;0060000002;PATRIMONIO LIQUIDO                                ; 0000000110500326,77
200505;33857830;BCO OPPORTUNITY S.A.                                        ;U;4010;0061000001;PATRIMONIO LIQUIDO                                ; 0000000110500326,77
200505;33857830;BCO OPPORTUNITY S.A.                                        ;U;4010;0061100004;CAPITAL SOCIAL                                    ; 0000000061200000,00
200505;33857830;BCO OPPORTUNITY S.A.                                        ;U;4010;0061300000;RESERVAS DE CAPITAL                               ; 0000000000024156,48
200505;33857830;BCO OPPORTUNITY S.A.                                        ;U;4010;0061500006;RESERVAS DE LUCROS                                ; 0000000005862405,18
200505;33857830;BCO OPPORTUNITY S.A.                                        ;U;4010;0061800005;LUCROS OU PREJUIZOS ACUMULADOS                    ; 0000000043413765,11
200505;33857830;BCO OPPORTUNITY S.A.                                        ;U;4010;0070000009;CONTAS DE RESULTADO CREDORAS                      ; 0000000064553028,72
200505;33857830;BCO OPPORTUNITY S.A.                                        ;U;4010;0071000008;RECEITAS OPERACIONAIS                             ; 0000000064553028,72
200505;33857830;BCO OPPORTUNITY S.A.                                        ;U;4010;0071400000;RENDAS DE APLICACOES INTERFINANCEIRAS DE LIQUIDEZ ; 0000000049580245,41
200505;33857830;BCO OPPORTUNITY S.A.                                        ;U;4010;0071500003;RENDAS COM TIT. E VAL. MOB. E INST. FINANC. DERIV.; 0000000002722002,69
200505;33857830;BCO OPPORTUNITY S.A.                                        ;U;4010;0071700009;RENDAS DE PRESTACAO DE SERVICOS                   ; 0000000011041423,95
200505;33857830;BCO OPPORTUNITY S.A.                                        ;U;4010;0071800002;RENDAS DE PARTICIPACOES                           ; 0000000001093822,90
200505;33857830;BCO OPPORTUNITY S.A.                                        ;U;4010;0071900005;OUTRAS RECEITAS OPERACIONAIS                      ; 0000000000115533,77
200505;33857830;BCO OPPORTUNITY S.A.                                        ;U;4010;0080000006;(-) CONTAS DE RESULTADO DEVEDORAS                 ;-0000000055842284,81
200505;33857830;BCO OPPORTUNITY S.A.                                        ;U;4010;0081000005;(-) DESPESAS OPERACIONAIS                         ;-0000000051835077,64
200505;33857830;BCO OPPORTUNITY S.A.                                        ;U;4010;0081100008;(-) DESPESAS DE CAPTACAO                          ;-0000000045171055,91
200505;33857830;BCO OPPORTUNITY S.A.                                        ;U;4010;0081500000;(-) DESP. COM TIT. E VAL. MOB. E INST. FIN. DERIV.;-0000000002782786,85
200505;33857830;BCO OPPORTUNITY S.A.                                        ;U;4010;0081600003;(-) DESPESAS DE PARTICIPACOES                     ;-0000000000187297,17
200505;33857830;BCO OPPORTUNITY S.A.                                        ;U;4010;0081700006;(-) DESPESAS ADMINISTRATIVAS                      ;-0000000002641360,70
200505;33857830;BCO OPPORTUNITY S.A.                                        ;U;4010;0081800009;(-) APROVISIONAMENTOS E AJUSTES PATRIMONIAIS      ;-0000000000041727,96
200505;33857830;BCO OPPORTUNITY S.A.                                        ;U;4010;0081900002;(-) OUTRAS DESPESAS OPERACIONAIS                  ;-0000000001010849,05
200505;33857830;BCO OPPORTUNITY S.A.                                        ;U;4010;0089000007;(-) APURACAO DE RESULTADO                         ;-0000000004007207,17
200505;33857830;BCO OPPORTUNITY S.A.                                        ;U;4010;0089400009;(-) IMPOSTO DE RENDA                              ;-0000000003974719,01
200505;33857830;BCO OPPORTUNITY S.A.                                        ;U;4010;0089700008;(-) PARTICIPACOES NO LUCRO                        ;-0000000000032488,16
200505;33857830;BCO OPPORTUNITY S.A.                                        ;U;4010;0090000003;COMPENSACAO                                       ; 0000043927859013,77
200505;33857830;BCO OPPORTUNITY S.A.                                        ;U;4010;0090300002;TITULOS E VALORES MOBILIARIOS                     ; 0000000021272762,52
200505;33857830;BCO OPPORTUNITY S.A.                                        ;U;4010;0090400005;CUSTODIA DE VALORES                               ; 0000033474305562,00
200505;33857830;BCO OPPORTUNITY S.A.                                        ;U;4010;0090600001;NEGOCIACAO E INTERMEDIACAO DE VALORES             ; 0000000877409765,00
200505;33857830;BCO OPPORTUNITY S.A.                                        ;U;4010;0090800007;CONTRATOS                                         ; 0000006227540199,27
200505;33857830;BCO OPPORTUNITY S.A.                                        ;U;4010;0090900000;CONTROLE                                          ; 0000003327330724,98
200505;33857830;BCO OPPORTUNITY S.A.                                        ;U;4010;0099999995;TOTAL GERAL DO PASSIVO                            ; 0000044975845420,98
200505;33870163;BCO ALVORADA S.A.                                           ;U;4010;0010000007;CIRCULANTE E REALIZAVEL A LONGO PRAZO             ; 0000004862061403,02
200505;33870163;BCO ALVORADA S.A.                                           ;U;4010;0011000006;DISPONIBILIDADES                                  ; 0000000000328396,64
200505;33870163;BCO ALVORADA S.A.                                           ;U;4010;0011200002;DEPOSITOS BANCARIOS                               ; 0000000000318266,98
200505;33870163;BCO ALVORADA S.A.                                           ;U;4010;0011300005;RESERVAS LIVRES                                   ; 0000000000010129,66
200505;33870163;BCO ALVORADA S.A.                                           ;U;4010;0012000005;APLICACOES INTERFINANCEIRAS DE LIQUIDEZ           ; 0000002667976589,75
200505;33870163;BCO ALVORADA S.A.                                           ;U;4010;0012100008;APLICACOES EM OPERACOES COMPROMISSADAS            ; 0000000004639676,61
200505;33870163;BCO ALVORADA S.A.                                           ;U;4010;0012200001;APLICACOES EM DEPOSITOS INTERFINANCEIROS          ; 0000002663336913,14
200505;33870163;BCO ALVORADA S.A.                                           ;U;4010;0013000004;TITULOS E VAL. MOB. E INST. FINANC. DERIVATIVOS   ; 0000001381616570,81
200505;33870163;BCO ALVORADA S.A.                                           ;U;4010;0013100007;LIVRES                                            ; 0000000995884845,19
200505;33870163;BCO ALVORADA S.A.                                           ;U;4010;0013200000;VINCULADOS A OPERACOES COMPROMISSADAS             ; 0000000002075558,09
200505;33870163;BCO ALVORADA S.A.                                           ;U;4010;0013600002;VINCULADOS A PRESTACAO DE GARANTIAS               ; 0000000009382214,68
200505;33870163;BCO ALVORADA S.A.                                           ;U;4010;0013700005;TÍTULOS OBJ. OPER. COMPROMISSADAS COM LIVRE MOV   ; 0000000374273952,85
200505;33870163;BCO ALVORADA S.A.                                           ;U;4010;0014000003;RELACOES INTERFINANCEIRAS                         ; 0000000000355585,66
200505;33870163;BCO ALVORADA S.A.                                           ;U;4010;0014200009;CREDITOS VINCULADOS                               ; 0000000000355585,66
200505;33870163;BCO ALVORADA S.A.                                           ;U;4010;0015000002;RELACOES INTERDEPENDENCIAS                        ; 0000000001863927,58
200505;33870163;BCO ALVORADA S.A.                                           ;U;4010;0015200008;TRANSFERENCIAS INTERNAS DE RECURSOS               ; 0000000001863927,58
200505;33870163;BCO ALVORADA S.A.                                           ;U;4010;0018000009;OUTROS CREDITOS                                   ; 0000000796502625,88
200505;33870163;BCO ALVORADA S.A.                                           ;U;4010;0018300008;RENDAS A RECEBER                                  ; 0000000041300014,99
200505;33870163;BCO ALVORADA S.A.                                           ;U;4010;0018400001;NEGOCIACAO E INTERMEDIACAO DE VALORES             ; 0000000000519469,68
200505;33870163;BCO ALVORADA S.A.                                           ;U;4010;0018800003;DIVERSOS                                          ; 0000000755482791,13
200505;33870163;BCO ALVORADA S.A.                                           ;U;4010;0018900006;(-) PROVISOES PARA OUTROS CREDITOS                ;-0000000000799649,92
200505;33870163;BCO ALVORADA S.A.                                           ;U;4010;0019000008;OUTROS VALORES E BENS                             ; 0000000013417706,70
200505;33870163;BCO ALVORADA S.A.                                           ;U;4010;0019800002;OUTROS VALORES E BENS                             ; 0000000013416759,10
200505;33870163;BCO ALVORADA S.A.                                           ;U;4010;0019900005;DESPESAS ANTECIPADAS                              ; 0000000000000947,60
200505;33870163;BCO ALVORADA S.A.                                           ;U;4010;0020000004;PERMANENTE                                        ; 0000000270756826,24
200505;33870163;BCO ALVORADA S.A.                                           ;U;4010;0021000003;INVESTIMENTOS                                     ; 0000000239711069,07
200505;33870163;BCO ALVORADA S.A.                                           ;U;4010;0021200009;PARTICIPACOES EM COLIGADAS E CONTROLADAS NO PAIS  ; 0000000207254128,36
200505;33870163;BCO ALVORADA S.A.                                           ;U;4010;0021300002;INVESTIMENTOS POR INCENTIVOS FISCAIS              ; 0000000002304677,59
200505;33870163;BCO ALVORADA S.A.                                           ;U;4010;0021400005;TITULOS PATRIMONIAIS                              ; 0000000029181727,43
200505;33870163;BCO ALVORADA S.A.                                           ;U;4010;0021500008;ACOES E COTAS                                     ; 0000000000004447,49
200505;33870163;BCO ALVORADA S.A.                                           ;U;4010;0021900000;OUTROS INVESTIMENTOS                              ; 0000000000966088,20
200505;33870163;BCO ALVORADA S.A.                                           ;U;4010;0022000002;IMOBILIZADO DE USO                                ; 0000000031045757,17
200505;33870163;BCO ALVORADA S.A.                                           ;U;4010;0022300001;IMOVEIS DE USO                                    ; 0000000031039902,38
200505;33870163;BCO ALVORADA S.A.                                           ;U;4010;0022400004;INSTALACOES, MOVEIS E EQUIPAMENTOS DE USO         ; 0000000000005854,79
200505;33870163;BCO ALVORADA S.A.                                           ;U;4010;0030000001;COMPENSACAO                                       ; 0000006684585427,12
200505;33870163;BCO ALVORADA S.A.                                           ;U;4010;0030300000;TITULOS E VALORES MOBILIARIOS                     ; 0000002754216788,91
200505;33870163;BCO ALVORADA S.A.                                           ;U;4010;0030400003;CUSTODIA DE VALORES                               ; 0000001936870527,98
200505;33870163;BCO ALVORADA S.A.                                           ;U;4010;0030600009;NEGOCIACAO E INTERMEDIACAO DE VALORES             ; 0000000002681839,54
200505;33870163;BCO ALVORADA S.A.                                           ;U;4010;0030800005;CONTRATOS                                         ; 0000000018843350,90
200505;33870163;BCO ALVORADA S.A.                                           ;U;4010;0030900008;CONTROLE                                          ; 0000001940515586,45
200505;33870163;BCO ALVORADA S.A.                                           ;U;4010;0031000000;CLASSIFICACAO DA CARTEIRA DE CREDITOS             ; 0000000031457333,34
200505;33870163;BCO ALVORADA S.A.                                           ;U;4010;0031300009;OPERACOES DE RISCO NIVELB                         ; 0000000027533333,34
200505;33870163;BCO ALVORADA S.A.                                           ;U;4010;0031400002;OPERACOES DE RISCO NIVELC                         ; 0000000003924000,00
200505;33870163;BCO ALVORADA S.A.                                           ;U;4010;0039999993;TOTAL GERAL DO ATIVO                              ; 0000011817403656,38
200505;33870163;BCO ALVORADA S.A.                                           ;U;4010;0040000008;CIRCULANTE EXIGIVEL A LONGO PRAZO                 ; 0000001145120013,67
200505;33870163;BCO ALVORADA S.A.                                           ;U;4010;0041000007;DEPOSITOS                                         ; 0000000004000000,00
200505;33870163;BCO ALVORADA S.A.                                           ;U;4010;0041300006;DEPOSITOS INTERFINANCEIROS                        ; 0000000004000000,00
200505;33870163;BCO ALVORADA S.A.                                           ;U;4010;0042000006;OBRIGACOES POR OPERACOES COMPROMISSADAS           ; 0000000401028154,14
200505;33870163;BCO ALVORADA S.A.                                           ;U;4010;0042100009;CARTEIRA PROPRIA                                  ; 0000000002074338,98
200505;33870163;BCO ALVORADA S.A.                                           ;U;4010;0042300005;CARTEIRA LIVRE MOVIMENTACAO                       ; 0000000398953815,16
200505;33870163;BCO ALVORADA S.A.                                           ;U;4010;0046000002;OBRIGACOES POR EMPRESTIMOS E REPASSES             ; 0000000012099342,66
200505;33870163;BCO ALVORADA S.A.                                           ;U;4010;0046100005;EMPRESTIMOS NO PAIS - INSTITUICOES OFICIAIS       ; 0000000001255908,97
200505;33870163;BCO ALVORADA S.A.                                           ;U;4010;0046400004;REPASSES DO PAIS - INSTITUICOES OFICIAIS          ; 0000000010843433,69
200505;33870163;BCO ALVORADA S.A.                                           ;U;4010;0049000009;OUTRAS OBRIGACOES                                 ; 0000000727992516,87
200505;33870163;BCO ALVORADA S.A.                                           ;U;4010;0049300008;SOCIAIS E ESTATUTARIAS                            ; 0000000084585627,11
200505;33870163;BCO ALVORADA S.A.                                           ;U;4010;0049400001;FISCAIS E PREVIDENCIARIAS                         ; 0000000605045778,62
200505;33870163;BCO ALVORADA S.A.                                           ;U;4010;0049900006;DIVERSAS                                          ; 0000000038361111,14
200505;33870163;BCO ALVORADA S.A.                                           ;U;4010;0060000002;PATRIMONIO LIQUIDO                                ; 0000003777795583,84
200505;33870163;BCO ALVORADA S.A.                                           ;U;4010;0061000001;PATRIMONIO LIQUIDO                                ; 0000003777795583,84
200505;33870163;BCO ALVORADA S.A.                                           ;U;4010;0061100004;CAPITAL SOCIAL                                    ; 0000003537457000,00
200505;33870163;BCO ALVORADA S.A.                                           ;U;4010;0061300000;RESERVAS DE CAPITAL                               ; 0000000004643167,97
200505;33870163;BCO ALVORADA S.A.                                           ;U;4010;0061500006;RESERVAS DE LUCROS                                ; 0000000244082429,97
200505;33870163;BCO ALVORADA S.A.                                           ;U;4010;0061600009;AJUSTES DE AVALIACAO PATRIMONIAL                  ;-0000000008387014,10
200505;33870163;BCO ALVORADA S.A.                                           ;U;4010;0070000009;CONTAS DE RESULTADO CREDORAS                      ; 0000000384874180,20
200505;33870163;BCO ALVORADA S.A.                                           ;U;4010;0071000008;RECEITAS OPERACIONAIS                             ; 0000000364975866,88
200505;33870163;BCO ALVORADA S.A.                                           ;U;4010;0071400000;RENDAS DE APLICACOES INTERFINANCEIRAS DE LIQUIDEZ ; 0000000089975441,05
200505;33870163;BCO ALVORADA S.A.                                           ;U;4010;0071500003;RENDAS COM TIT. E VAL. MOB. E INST. FINANC. DERIV.; 0000000190579998,91
200505;33870163;BCO ALVORADA S.A.                                           ;U;4010;0071700009;RENDAS DE PRESTACAO DE SERVICOS                   ; 0000000000150000,00
200505;33870163;BCO ALVORADA S.A.                                           ;U;4010;0071800002;RENDAS DE PARTICIPACOES                           ; 0000000060659800,00
200505;33870163;BCO ALVORADA S.A.                                           ;U;4010;0071900005;OUTRAS RECEITAS OPERACIONAIS                      ; 0000000023610626,92
200505;33870163;BCO ALVORADA S.A.                                           ;U;4010;0073000006;RECEITAS NAO OPERACIONAIS                         ; 0000000019898313,32
200505;33870163;BCO ALVORADA S.A.                                           ;U;4010;0073100009;LUCROS EM TRANSACOES COM VALORES E BENS           ; 0000000008164310,04
200505;33870163;BCO ALVORADA S.A.                                           ;U;4010;0073900003;OUTRAS RECEITAS NAO OPERACIONAIS                  ; 0000000011734003,28
200505;33870163;BCO ALVORADA S.A.                                           ;U;4010;0080000006;(-) CONTAS DE RESULTADO DEVEDORAS                 ;-0000000174971548,45
200505;33870163;BCO ALVORADA S.A.                                           ;U;4010;0081000005;(-) DESPESAS OPERACIONAIS                         ;-0000000092948974,01
200505;33870163;BCO ALVORADA S.A.                                           ;U;4010;0081100008;(-) DESPESAS DE CAPTACAO                          ;-0000000037507084,88
200505;33870163;BCO ALVORADA S.A.                                           ;U;4010;0081200001;(-) DESP DE OBRIGACOES POR EMPRESTIMOS E REPASSES ;-0000000000511189,14
200505;33870163;BCO ALVORADA S.A.                                           ;U;4010;0081500000;(-) DESP. COM TIT. E VAL. MOB. E INST. FIN. DERIV.;-0000000000015766,88
200505;33870163;BCO ALVORADA S.A.                                           ;U;4010;0081600003;(-) DESPESAS DE PARTICIPACOES                     ;-0000000005115597,34
200505;33870163;BCO ALVORADA S.A.                                           ;U;4010;0081700006;(-) DESPESAS ADMINISTRATIVAS                      ;-0000000006152858,22
200505;33870163;BCO ALVORADA S.A.                                           ;U;4010;0081800009;(-) APROVISIONAMENTOS E AJUSTES PATRIMONIAIS      ;-0000000001203900,43
200505;33870163;BCO ALVORADA S.A.                                           ;U;4010;0081900002;(-) OUTRAS DESPESAS OPERACIONAIS                  ;-0000000042442577,12
200505;33870163;BCO ALVORADA S.A.                                           ;U;4010;0083000003;(-) DESPESAS NAO OPERACIONAIS                     ;-0000000005323814,31
200505;33870163;BCO ALVORADA S.A.                                           ;U;4010;0083100006;(-) PREJUIZOS EM TRANSACOES COM VALORES E BENS    ;-0000000000464289,17
200505;33870163;BCO ALVORADA S.A.                                           ;U;4010;0083900000;(-) OUTRAS DESPESAS NAO OPERACIONAIS              ;-0000000004859525,14
200505;33870163;BCO ALVORADA S.A.                                           ;U;4010;0089000007;(-) APURACAO DE RESULTADO                         ;-0000000076698760,13
200505;33870163;BCO ALVORADA S.A.                                           ;U;4010;0089400009;(-) IMPOSTO DE RENDA                              ;-0000000076698760,13
200505;33870163;BCO ALVORADA S.A.                                           ;U;4010;0090000003;COMPENSACAO                                       ; 0000006684585427,12
200505;33870163;BCO ALVORADA S.A.                                           ;U;4010;0090300002;TITULOS E VALORES MOBILIARIOS                     ; 0000002754216788,91
200505;33870163;BCO ALVORADA S.A.                                           ;U;4010;0090400005;CUSTODIA DE VALORES                               ; 0000001936870527,98
200505;33870163;BCO ALVORADA S.A.                                           ;U;4010;0090600001;NEGOCIACAO E INTERMEDIACAO DE VALORES             ; 0000000002681839,54
200505;33870163;BCO ALVORADA S.A.                                           ;U;4010;0090800007;CONTRATOS                                         ; 0000000018843350,90
200505;33870163;BCO ALVORADA S.A.                                           ;U;4010;0090900000;CONTROLE                                          ; 0000001940515586,45
200505;33870163;BCO ALVORADA S.A.                                           ;U;4010;0091000002;CLASSIFICACAO DA CARTEIRA DE CREDITOS             ; 0000000031457333,34
200505;33870163;BCO ALVORADA S.A.                                           ;U;4010;0091100005;OPERACOES DE CREDITOS E ARRENDAMENTO MERCANTIL    ; 0000000031457333,34
200505;33870163;BCO ALVORADA S.A.                                           ;U;4010;0099999995;TOTAL GERAL DO PASSIVO                            ; 0000011817403656,38
200505;33876475;BCO PROSPER S.A.                                            ;U;4010;0010000007;CIRCULANTE E REALIZAVEL A LONGO PRAZO             ; 0000000690937447,08
200505;33876475;BCO PROSPER S.A.                                            ;U;4010;0011000006;DISPONIBILIDADES                                  ; 0000000001508382,25
200505;33876475;BCO PROSPER S.A.                                            ;U;4010;0011200002;DEPOSITOS BANCARIOS                               ; 0000000000004748,10
200505;33876475;BCO PROSPER S.A.                                            ;U;4010;0011300005;RESERVAS LIVRES                                   ; 0000000000123744,70
200505;33876475;BCO PROSPER S.A.                                            ;U;4010;0011500001;DISPONIBILIDADES EM MOEDAS ESTRANGEIRAS           ; 0000000001379889,45
200505;33876475;BCO PROSPER S.A.                                            ;U;4010;0012000005;APLICACOES INTERFINANCEIRAS DE LIQUIDEZ           ; 0000000000850994,10
200505;33876475;BCO PROSPER S.A.                                            ;U;4010;0012100008;APLICACOES EM OPERACOES COMPROMISSADAS            ; 0000000000699687,02
200505;33876475;BCO PROSPER S.A.                                            ;U;4010;0012200001;APLICACOES EM DEPOSITOS INTERFINANCEIROS          ; 0000000000151307,08
200505;33876475;BCO PROSPER S.A.                                            ;U;4010;0013000004;TITULOS E VAL. MOB. E INST. FINANC. DERIVATIVOS   ; 0000000466610358,90
200505;33876475;BCO PROSPER S.A.                                            ;U;4010;0013100007;LIVRES                                            ; 0000000066636335,90
200505;33876475;BCO PROSPER S.A.                                            ;U;4010;0013200000;VINCULADOS A OPERACOES COMPROMISSADAS             ; 0000000379413295,79
200505;33876475;BCO PROSPER S.A.                                            ;U;4010;0013300003;INSTRUMENTOS FINANCEIROS DERIVATIVOS              ; 0000000015419015,82
200505;33876475;BCO PROSPER S.A.                                            ;U;4010;0013600002;VINCULADOS A PRESTACAO DE GARANTIAS               ; 0000000005141711,39
200505;33876475;BCO PROSPER S.A.                                            ;U;4010;0014000003;RELACOES INTERFINANCEIRAS                         ; 0000000000104211,04
200505;33876475;BCO PROSPER S.A.                                            ;U;4010;0014100006;DIREITOS JUNTO A PARTIC. DE SISTEMAS DE LIQUIDAÇÃO; 0000000000050429,78
200505;33876475;BCO PROSPER S.A.                                            ;U;4010;0014400005;RELACOES COM CORRESPONDENTES                      ; 0000000000053781,26
200505;33876475;BCO PROSPER S.A.                                            ;U;4010;0016000001;OPERACOES DE CREDITO                              ; 0000000071764680,48
200505;33876475;BCO PROSPER S.A.                                            ;U;4010;0016100004;EMPRESTIMOS E TITULOS DESCONTADOS                 ; 0000000038805714,34
200505;33876475;BCO PROSPER S.A.                                            ;U;4010;0016200007;FINANCIAMENTOS                                    ; 0000000034368167,74
200505;33876475;BCO PROSPER S.A.                                            ;U;4010;0016900008;(-) PROVISOES PARA OPERACOES DE CREDITO           ;-0000000001409201,60
200505;33876475;BCO PROSPER S.A.                                            ;U;4010;0018000009;OUTROS CREDITOS                                   ; 0000000150098120,31
200505;33876475;BCO PROSPER S.A.                                            ;U;4010;0018200005;CARTEIRA DE CAMBIO                                ; 0000000126694996,88
200505;33876475;BCO PROSPER S.A.                                            ;U;4010;0018300008;RENDAS A RECEBER                                  ; 0000000000002315,62
200505;33876475;BCO PROSPER S.A.                                            ;U;4010;0018400001;NEGOCIACAO E INTERMEDIACAO DE VALORES             ; 0000000000001567,19
200505;33876475;BCO PROSPER S.A.                                            ;U;4010;0018800003;DIVERSOS                                          ; 0000000023399240,62
200505;33876475;BCO PROSPER S.A.                                            ;U;4010;0019000008;OUTROS VALORES E BENS                             ; 0000000000000700,00
200505;33876475;BCO PROSPER S.A.                                            ;U;4010;0019900005;DESPESAS ANTECIPADAS                              ; 0000000000000700,00
200505;33876475;BCO PROSPER S.A.                                            ;U;4010;0020000004;PERMANENTE                                        ; 0000000038696183,90
200505;33876475;BCO PROSPER S.A.                                            ;U;4010;0021000003;INVESTIMENTOS                                     ; 0000000037875357,99
200505;33876475;BCO PROSPER S.A.                                            ;U;4010;0021200009;PARTICIPACOES EM COLIGADAS E CONTROLADAS NO PAIS  ; 0000000035671799,84
200505;33876475;BCO PROSPER S.A.                                            ;U;4010;0021300002;INVESTIMENTOS POR INCENTIVOS FISCAIS              ; 0000000000037859,00
200505;33876475;BCO PROSPER S.A.                                            ;U;4010;0021400005;TITULOS PATRIMONIAIS                              ; 0000000002005699,15
200505;33876475;BCO PROSPER S.A.                                            ;U;4010;0021900000;OUTROS INVESTIMENTOS                              ; 0000000000160000,00
200505;33876475;BCO PROSPER S.A.                                            ;U;4010;0022000002;IMOBILIZADO DE USO                                ; 0000000000530473,75
200505;33876475;BCO PROSPER S.A.                                            ;U;4010;0022400004;INSTALACOES, MOVEIS E EQUIPAMENTOS DE USO         ; 0000000000114986,34
200505;33876475;BCO PROSPER S.A.                                            ;U;4010;0022900009;OUTROS                                            ; 0000000000415487,41
200505;33876475;BCO PROSPER S.A.                                            ;U;4010;0024000000;DIFERIDO                                          ; 0000000000290352,16
200505;33876475;BCO PROSPER S.A.                                            ;U;4010;0024100003;GASTOS DE ORGANIZACAO E EXPANSAO                  ; 0000000000290352,16
200505;33876475;BCO PROSPER S.A.                                            ;U;4010;0030000001;COMPENSACAO                                       ; 0000021622135504,05
200505;33876475;BCO PROSPER S.A.                                            ;U;4010;0030100004;COOBRIGACOES E RISCOS EM GARANTIAS PRESTADAS      ; 0000000009088071,24
200505;33876475;BCO PROSPER S.A.                                            ;U;4010;0030300000;TITULOS E VALORES MOBILIARIOS                     ; 0000000451191343,08
200505;33876475;BCO PROSPER S.A.                                            ;U;4010;0030400003;CUSTODIA DE VALORES                               ; 0000019501454831,54
200505;33876475;BCO PROSPER S.A.                                            ;U;4010;0030500006;COBRANCA                                          ; 0000000221994330,17
200505;33876475;BCO PROSPER S.A.                                            ;U;4010;0030600009;NEGOCIACAO E INTERMEDIACAO DE VALORES             ; 0000000526740875,92
200505;33876475;BCO PROSPER S.A.                                            ;U;4010;0030800005;CONTRATOS                                         ; 0000000003525880,31
200505;33876475;BCO PROSPER S.A.                                            ;U;4010;0030900008;CONTROLE                                          ; 0000000834966289,71
200505;33876475;BCO PROSPER S.A.                                            ;U;4010;0031000000;CLASSIFICACAO DA CARTEIRA DE CREDITOS             ; 0000000073173882,08
200505;33876475;BCO PROSPER S.A.                                            ;U;4010;0031100003;OPERACOES DE RISCO NIVEL AA                       ; 0000000007046748,02
200505;33876475;BCO PROSPER S.A.                                            ;U;4010;0031200006;OPERACOES DE RISCO NIVEL A                        ; 0000000059726851,99
200505;33876475;BCO PROSPER S.A.                                            ;U;4010;0031300009;OPERACOES DE RISCO NIVELB                         ; 0000000003461229,33
200505;33876475;BCO PROSPER S.A.                                            ;U;4010;0031400002;OPERACOES DE RISCO NIVELC                         ; 0000000000522107,71
200505;33876475;BCO PROSPER S.A.                                            ;U;4010;0031500005;OPERACOES DE RISCO NIVEL D                        ; 0000000000430969,39
200505;33876475;BCO PROSPER S.A.                                            ;U;4010;0031600008;OPERACOES DE RISCO NIVEL E                        ; 0000000000634631,82
200505;33876475;BCO PROSPER S.A.                                            ;U;4010;0031700001;OPERACOES DE RISCO NIVEL F                        ; 0000000000875319,17
200505;33876475;BCO PROSPER S.A.                                            ;U;4010;0031800004;OPERACOES DE RISCO NIVEL G                        ; 0000000000289596,40
200505;33876475;BCO PROSPER S.A.                                            ;U;4010;0031900007;OPERACOES DE RISCO NIVEL H                        ; 0000000000186428,25
200505;33876475;BCO PROSPER S.A.                                            ;U;4010;0039999993;TOTAL GERAL DO ATIVO                              ; 0000022351769135,03
200505;33876475;BCO PROSPER S.A.                                            ;U;4010;0040000008;CIRCULANTE EXIGIVEL A LONGO PRAZO                 ; 0000000666176218,59
200505;33876475;BCO PROSPER S.A.                                            ;U;4010;0041000007;DEPOSITOS                                         ; 0000000055574622,52
200505;33876475;BCO PROSPER S.A.                                            ;U;4010;0041100000;DEPOSITOS A VISTA                                 ; 0000000006046624,72
200505;33876475;BCO PROSPER S.A.                                            ;U;4010;0041300006;DEPOSITOS INTERFINANCEIROS                        ; 0000000012062682,79
200505;33876475;BCO PROSPER S.A.                                            ;U;4010;0041500002;DEPOSITOS A PRAZO                                 ; 0000000037133781,52
200505;33876475;BCO PROSPER S.A.                                            ;U;4010;0041900004;OUTROS DEPOSITOS                                  ; 0000000000331533,49
200505;33876475;BCO PROSPER S.A.                                            ;U;4010;0042000006;OBRIGACOES POR OPERACOES COMPROMISSADAS           ; 0000000377984964,91
200505;33876475;BCO PROSPER S.A.                                            ;U;4010;0042100009;CARTEIRA PROPRIA                                  ; 0000000377984964,91
200505;33876475;BCO PROSPER S.A.                                            ;U;4010;0043000005;RECURSOS ACEITES CAMB,LI E HIP.,DEBENT.E SIMILARES; 0000000053814321,31
200505;33876475;BCO PROSPER S.A.                                            ;U;4010;0043500000;OBRIGACOES P/TITULOS E VALS.MOBILIARIOS EXTERIOR  ; 0000000053814321,31
200505;33876475;BCO PROSPER S.A.                                            ;U;4010;0044000004;RELACOES INTERFINANCEIRAS                         ; 0000000000103844,53
200505;33876475;BCO PROSPER S.A.                                            ;U;4010;0044100007;OBRIGAÇÕES JUNTO A PARTIC. DE SIST. DE LIQUIDACÃO ; 0000000000103844,53
200505;33876475;BCO PROSPER S.A.                                            ;U;4010;0045000003;RELACOES INTERDEPENDENCIAS                        ; 0000000000332864,09
200505;33876475;BCO PROSPER S.A.                                            ;U;4010;0045100006;RECURSOS EM TRANSITO DE TERCEIROS                 ; 0000000000332864,09
200505;33876475;BCO PROSPER S.A.                                            ;U;4010;0046000002;OBRIGACOES POR EMPRESTIMOS E REPASSES             ; 0000000034264647,42
200505;33876475;BCO PROSPER S.A.                                            ;U;4010;0046400004;REPASSES DO PAIS - INSTITUICOES OFICIAIS          ; 0000000034264647,42
200505;33876475;BCO PROSPER S.A.                                            ;U;4010;0047000001;INSTRUMENTOS FINANCEIROS DERIVATIVOS              ; 0000000005904460,05
200505;33876475;BCO PROSPER S.A.                                            ;U;4010;0047100004;INSTRUMENTOS FINANCEIROS DERIVATIVOS              ; 0000000005904460,05
200505;33876475;BCO PROSPER S.A.                                            ;U;4010;0049000009;OUTRAS OBRIGACOES                                 ; 0000000138196493,76
200505;33876475;BCO PROSPER S.A.                                            ;U;4010;0049100002;COBRANCA E ARRECADACAO DE TRIBUTOS E ASSEMELHADOS ; 0000000000127247,75
200505;33876475;BCO PROSPER S.A.                                            ;U;4010;0049200005;CARTEIRA DE CAMBIO                                ; 0000000130436766,95
200505;33876475;BCO PROSPER S.A.                                            ;U;4010;0049400001;FISCAIS E PREVIDENCIARIAS                         ; 0000000000668509,64
200505;33876475;BCO PROSPER S.A.                                            ;U;4010;0049500004;NEGOCIACAO E INTERMEDIACAO DE VALORES             ; 0000000001560693,53
200505;33876475;BCO PROSPER S.A.                                            ;U;4010;0049900006;DIVERSAS                                          ; 0000000005403275,89
200505;33876475;BCO PROSPER S.A.                                            ;U;4010;0060000002;PATRIMONIO LIQUIDO                                ; 0000000061219828,98
200505;33876475;BCO PROSPER S.A.                                            ;U;4010;0061000001;PATRIMONIO LIQUIDO                                ; 0000000061219828,98
200505;33876475;BCO PROSPER S.A.                                            ;U;4010;0061100004;CAPITAL SOCIAL                                    ; 0000000072695552,33
200505;33876475;BCO PROSPER S.A.                                            ;U;4010;0061300000;RESERVAS DE CAPITAL                               ; 0000000000198055,21
200505;33876475;BCO PROSPER S.A.                                            ;U;4010;0061800005;LUCROS OU PREJUIZOS ACUMULADOS                    ;-0000000011673778,56
200505;33876475;BCO PROSPER S.A.                                            ;U;4010;0070000009;CONTAS DE RESULTADO CREDORAS                      ; 0000000094367622,78
200505;33876475;BCO PROSPER S.A.                                            ;U;4010;0071000008;RECEITAS OPERACIONAIS                             ; 0000000094017384,83
200505;33876475;BCO PROSPER S.A.                                            ;U;4010;0071100001;RENDAS DE OPERACOES DE CREDITO                    ; 0000000009052330,42
200505;33876475;BCO PROSPER S.A.                                            ;U;4010;0071300007;RENDAS DE CAMBIO                                  ; 0000000002679683,70
200505;33876475;BCO PROSPER S.A.                                            ;U;4010;0071400000;RENDAS DE APLICACOES INTERFINANCEIRAS DE LIQUIDEZ ; 0000000003555924,45
200505;33876475;BCO PROSPER S.A.                                            ;U;4010;0071500003;RENDAS COM TIT. E VAL. MOB. E INST. FINANC. DERIV.; 0000000065139177,19
200505;33876475;BCO PROSPER S.A.                                            ;U;4010;0071700009;RENDAS DE PRESTACAO DE SERVICOS                   ; 0000000000077716,06
200505;33876475;BCO PROSPER S.A.                                            ;U;4010;0071800002;RENDAS DE PARTICIPACOES                           ; 0000000005669512,27
200505;33876475;BCO PROSPER S.A.                                            ;U;4010;0071900005;OUTRAS RECEITAS OPERACIONAIS                      ; 0000000007843040,74
200505;33876475;BCO PROSPER S.A.                                            ;U;4010;0073000006;RECEITAS NAO OPERACIONAIS                         ; 0000000000350237,95
200505;33876475;BCO PROSPER S.A.                                            ;U;4010;0073100009;LUCROS EM TRANSACOES COM VALORES E BENS           ; 0000000000347347,95
200505;33876475;BCO PROSPER S.A.                                            ;U;4010;0073900003;OUTRAS RECEITAS NAO OPERACIONAIS                  ; 0000000000002890,00
200505;33876475;BCO PROSPER S.A.                                            ;U;4010;0080000006;(-) CONTAS DE RESULTADO DEVEDORAS                 ;-0000000092130039,37
200505;33876475;BCO PROSPER S.A.                                            ;U;4010;0081000005;(-) DESPESAS OPERACIONAIS                         ;-0000000093190264,94
200505;33876475;BCO PROSPER S.A.                                            ;U;4010;0081100008;(-) DESPESAS DE CAPTACAO                          ;-0000000021982220,13
200505;33876475;BCO PROSPER S.A.                                            ;U;4010;0081200001;(-) DESP DE OBRIGACOES POR EMPRESTIMOS E REPASSES ;-0000000002184516,66
200505;33876475;BCO PROSPER S.A.                                            ;U;4010;0081400007;(-) DESPESAS DE CAMBIO                            ;-0000000000476875,84
200505;33876475;BCO PROSPER S.A.                                            ;U;4010;0081500000;(-) DESP. COM TIT. E VAL. MOB. E INST. FIN. DERIV.;-0000000057020455,62
200505;33876475;BCO PROSPER S.A.                                            ;U;4010;0081600003;(-) DESPESAS DE PARTICIPACOES                     ;-0000000000288085,33
200505;33876475;BCO PROSPER S.A.                                            ;U;4010;0081700006;(-) DESPESAS ADMINISTRATIVAS                      ;-0000000005459796,76
200505;33876475;BCO PROSPER S.A.                                            ;U;4010;0081800009;(-) APROVISIONAMENTOS E AJUSTES PATRIMONIAIS      ;-0000000000837947,79
200505;33876475;BCO PROSPER S.A.                                            ;U;4010;0081900002;(-) OUTRAS DESPESAS OPERACIONAIS                  ;-0000000004940366,81
200505;33876475;BCO PROSPER S.A.                                            ;U;4010;0083000003;(-) DESPESAS NAO OPERACIONAIS                     ;-0000000000038239,17
200505;33876475;BCO PROSPER S.A.                                            ;U;4010;0083900000;(-) OUTRAS DESPESAS NAO OPERACIONAIS              ;-0000000000038239,17
200505;33876475;BCO PROSPER S.A.                                            ;U;4010;0089000007;(-) APURACAO DE RESULTADO                         ; 0000000001098464,74
200505;33876475;BCO PROSPER S.A.                                            ;U;4010;0089400009;(-) IMPOSTO DE RENDA                              ; 0000000001124930,74
200505;33876475;BCO PROSPER S.A.                                            ;U;4010;0089700008;(-) PARTICIPACOES NO LUCRO                        ;-0000000000026466,00
200505;33876475;BCO PROSPER S.A.                                            ;U;4010;0090000003;COMPENSACAO                                       ; 0000021622135504,05
200505;33876475;BCO PROSPER S.A.                                            ;U;4010;0090100006;COOBRIGACOES E RISCOS EM GARANTIAS PRESTADAS      ; 0000000009088071,24
200505;33876475;BCO PROSPER S.A.                                            ;U;4010;0090300002;TITULOS E VALORES MOBILIARIOS                     ; 0000000451191343,08
200505;33876475;BCO PROSPER S.A.                                            ;U;4010;0090400005;CUSTODIA DE VALORES                               ; 0000019501454831,54
200505;33876475;BCO PROSPER S.A.                                            ;U;4010;0090500008;COBRANCA                                          ; 0000000221994330,17
200505;33876475;BCO PROSPER S.A.                                            ;U;4010;0090600001;NEGOCIACAO E INTERMEDIACAO DE VALORES             ; 0000000526740875,92
200505;33876475;BCO PROSPER S.A.                                            ;U;4010;0090800007;CONTRATOS                                         ; 0000000003525880,31
200505;33876475;BCO PROSPER S.A.                                            ;U;4010;0090900000;CONTROLE                                          ; 0000000834966289,71
200505;33876475;BCO PROSPER S.A.                                            ;U;4010;0091000002;CLASSIFICACAO DA CARTEIRA DE CREDITOS             ; 0000000073173882,08
200505;33876475;BCO PROSPER S.A.                                            ;U;4010;0091100005;OPERACOES DE CREDITOS E ARRENDAMENTO MERCANTIL    ; 0000000073173882,08
200505;33876475;BCO PROSPER S.A.                                            ;U;4010;0099999995;TOTAL GERAL DO PASSIVO                            ; 0000022351769135,03
200505;33884941;BANIF BRASIL                                                ;U;4010;0010000007;CIRCULANTE E REALIZAVEL A LONGO PRAZO             ; 0000000583191367,49
200505;33884941;BANIF BRASIL                                                ;U;4010;0011000006;DISPONIBILIDADES                                  ; 0000000004987626,31
200505;33884941;BANIF BRASIL                                                ;U;4010;0011100009;CAIXA                                             ; 0000000000326196,02
200505;33884941;BANIF BRASIL                                                ;U;4010;0011300005;RESERVAS LIVRES                                   ; 0000000000683274,25
200505;33884941;BANIF BRASIL                                                ;U;4010;0011500001;DISPONIBILIDADES EM MOEDAS ESTRANGEIRAS           ; 0000000003978156,04
200505;33884941;BANIF BRASIL                                                ;U;4010;0012000005;APLICACOES INTERFINANCEIRAS DE LIQUIDEZ           ; 0000000015143546,14
200505;33884941;BANIF BRASIL                                                ;U;4010;0012100008;APLICACOES EM OPERACOES COMPROMISSADAS            ; 0000000007941662,31
200505;33884941;BANIF BRASIL                                                ;U;4010;0012200001;APLICACOES EM DEPOSITOS INTERFINANCEIROS          ; 0000000004520323,64
200505;33884941;BANIF BRASIL                                                ;U;4010;0012600003;APLICA OES EM MOEDAS ESTRANGEIRAS                 ; 0000000002681560,19
200505;33884941;BANIF BRASIL                                                ;U;4010;0013000004;TITULOS E VAL. MOB. E INST. FINANC. DERIVATIVOS   ; 0000000140204134,97
200505;33884941;BANIF BRASIL                                                ;U;4010;0013100007;LIVRES                                            ; 0000000083389553,84
200505;33884941;BANIF BRASIL                                                ;U;4010;0013200000;VINCULADOS A OPERACOES COMPROMISSADAS             ; 0000000018604663,67
200505;33884941;BANIF BRASIL                                                ;U;4010;0013300003;INSTRUMENTOS FINANCEIROS DERIVATIVOS              ; 0000000006234137,48
200505;33884941;BANIF BRASIL                                                ;U;4010;0013600002;VINCULADOS A PRESTACAO DE GARANTIAS               ; 0000000031975779,98
200505;33884941;BANIF BRASIL                                                ;U;4010;0014000003;RELACOES INTERFINANCEIRAS                         ; 0000000001759021,98
200505;33884941;BANIF BRASIL                                                ;U;4010;0014100006;DIREITOS JUNTO A PARTIC. DE SISTEMAS DE LIQUIDAÇÃO; 0000000000786085,70
200505;33884941;BANIF BRASIL                                                ;U;4010;0014200009;CREDITOS VINCULADOS                               ; 0000000000972936,28
200505;33884941;BANIF BRASIL                                                ;U;4010;0016000001;OPERACOES DE CREDITO                              ; 0000000276686381,90
200505;33884941;BANIF BRASIL                                                ;U;4010;0016100004;EMPRESTIMOS E TITULOS DESCONTADOS                 ; 0000000272799111,24
200505;33884941;BANIF BRASIL                                                ;U;4010;0016200007;FINANCIAMENTOS                                    ; 0000000007552410,80
200505;33884941;BANIF BRASIL                                                ;U;4010;0016900008;(-) PROVISOES PARA OPERACOES DE CREDITO           ;-0000000003665140,14
200505;33884941;BANIF BRASIL                                                ;U;4010;0018000009;OUTROS CREDITOS                                   ; 0000000142662931,29
200505;33884941;BANIF BRASIL                                                ;U;4010;0018200005;CARTEIRA DE CAMBIO                                ; 0000000130770491,20
200505;33884941;BANIF BRASIL                                                ;U;4010;0018300008;RENDAS A RECEBER                                  ; 0000000000994877,28
200505;33884941;BANIF BRASIL                                                ;U;4010;0018400001;NEGOCIACAO E INTERMEDIACAO DE VALORES             ; 0000000004563286,68
200505;33884941;BANIF BRASIL                                                ;U;4010;0018800003;DIVERSOS                                          ; 0000000006417754,10
200505;33884941;BANIF BRASIL                                                ;U;4010;0018900006;(-) PROVISOES PARA OUTROS CREDITOS                ;-0000000000083477,97
200505;33884941;BANIF BRASIL                                                ;U;4010;0019000008;OUTROS VALORES E BENS                             ; 0000000001747724,90
200505;33884941;BANIF BRASIL                                                ;U;4010;0019900005;DESPESAS ANTECIPADAS                              ; 0000000001747724,90
200505;33884941;BANIF BRASIL                                                ;U;4010;0020000004;PERMANENTE                                        ; 0000000030820746,42
200505;33884941;BANIF BRASIL                                                ;U;4010;0021000003;INVESTIMENTOS                                     ; 0000000018477934,38
200505;33884941;BANIF BRASIL                                                ;U;4010;0021200009;PARTICIPACOES EM COLIGADAS E CONTROLADAS NO PAIS  ; 0000000018243824,86
200505;33884941;BANIF BRASIL                                                ;U;4010;0021300002;INVESTIMENTOS POR INCENTIVOS FISCAIS              ; 0000000000045682,34
200505;33884941;BANIF BRASIL                                                ;U;4010;0021400005;TITULOS PATRIMONIAIS                              ; 0000000000158911,17
200505;33884941;BANIF BRASIL                                                ;U;4010;0021500008;ACOES E COTAS                                     ; 0000000000000782,46
200505;33884941;BANIF BRASIL                                                ;U;4010;0021900000;OUTROS INVESTIMENTOS                              ; 0000000000028733,55
200505;33884941;BANIF BRASIL                                                ;U;4010;0022000002;IMOBILIZADO DE USO                                ; 0000000008459685,26
200505;33884941;BANIF BRASIL                                                ;U;4010;0022300001;IMOVEIS DE USO                                    ; 0000000006211600,06
200505;33884941;BANIF BRASIL                                                ;U;4010;0022400004;INSTALACOES, MOVEIS E EQUIPAMENTOS DE USO         ; 0000000001094129,12
200505;33884941;BANIF BRASIL                                                ;U;4010;0022900009;OUTROS                                            ; 0000000001153956,08
200505;33884941;BANIF BRASIL                                                ;U;4010;0024000000;DIFERIDO                                          ; 0000000003883126,78
200505;33884941;BANIF BRASIL                                                ;U;4010;0024100003;GASTOS DE ORGANIZACAO E EXPANSAO                  ; 0000000003883126,78
200505;33884941;BANIF BRASIL                                                ;U;4010;0030000001;COMPENSACAO                                       ; 0000004547136041,37
200505;33884941;BANIF BRASIL                                                ;U;4010;0030100004;COOBRIGACOES E RISCOS EM GARANTIAS PRESTADAS      ; 0000000006930868,66
200505;33884941;BANIF BRASIL                                                ;U;4010;0030300000;TITULOS E VALORES MOBILIARIOS                     ; 0000000839034152,92
200505;33884941;BANIF BRASIL                                                ;U;4010;0030400003;CUSTODIA DE VALORES                               ; 0000000538237064,12
200505;33884941;BANIF BRASIL                                                ;U;4010;0030500006;COBRANCA                                          ; 0000000157347294,25
200505;33884941;BANIF BRASIL                                                ;U;4010;0030600009;NEGOCIACAO E INTERMEDIACAO DE VALORES             ; 0000001215794415,75
200505;33884941;BANIF BRASIL                                                ;U;4010;0030800005;CONTRATOS                                         ; 0000000000154021,00
200505;33884941;BANIF BRASIL                                                ;U;4010;0030900008;CONTROLE                                          ; 0000001421003635,33
200505;33884941;BANIF BRASIL                                                ;U;4010;0031000000;CLASSIFICACAO DA CARTEIRA DE CREDITOS             ; 0000000368634589,34
200505;33884941;BANIF BRASIL                                                ;U;4010;0031100003;OPERACOES DE RISCO NIVEL AA                       ; 0000000209008152,13
200505;33884941;BANIF BRASIL                                                ;U;4010;0031200006;OPERACOES DE RISCO NIVEL A                        ; 0000000143436257,12
200505;33884941;BANIF BRASIL                                                ;U;4010;0031300009;OPERACOES DE RISCO NIVELB                         ; 0000000011463158,17
200505;33884941;BANIF BRASIL                                                ;U;4010;0031400002;OPERACOES DE RISCO NIVELC                         ; 0000000002794333,77
200505;33884941;BANIF BRASIL                                                ;U;4010;0031500005;OPERACOES DE RISCO NIVEL D                        ; 0000000000830206,85
200505;33884941;BANIF BRASIL                                                ;U;4010;0031600008;OPERACOES DE RISCO NIVEL E                        ; 0000000000135556,04
200505;33884941;BANIF BRASIL                                                ;U;4010;0031700001;OPERACOES DE RISCO NIVEL F                        ; 0000000000460394,04
200505;33884941;BANIF BRASIL                                                ;U;4010;0031800004;OPERACOES DE RISCO NIVEL G                        ; 0000000000364142,77
200505;33884941;BANIF BRASIL                                                ;U;4010;0031900007;OPERACOES DE RISCO NIVEL H                        ; 0000000000142388,45
200505;33884941;BANIF BRASIL                                                ;U;4010;0039999993;TOTAL GERAL DO ATIVO                              ; 0000005161148155,28
200505;33884941;BANIF BRASIL                                                ;U;4010;0040000008;CIRCULANTE EXIGIVEL A LONGO PRAZO                 ; 0000000564583712,53
200505;33884941;BANIF BRASIL                                                ;U;4010;0041000007;DEPOSITOS                                         ; 0000000169881172,70
200505;33884941;BANIF BRASIL                                                ;U;4010;0041100000;DEPOSITOS A VISTA                                 ; 0000000017268227,07
200505;33884941;BANIF BRASIL                                                ;U;4010;0041300006;DEPOSITOS INTERFINANCEIROS                        ; 0000000003336824,98
200505;33884941;BANIF BRASIL                                                ;U;4010;0041500002;DEPOSITOS A PRAZO                                 ; 0000000148734258,89
200505;33884941;BANIF BRASIL                                                ;U;4010;0041900004;OUTROS DEPOSITOS                                  ; 0000000000541861,76
200505;33884941;BANIF BRASIL                                                ;U;4010;0042000006;OBRIGACOES POR OPERACOES COMPROMISSADAS           ; 0000000018582372,10
200505;33884941;BANIF BRASIL                                                ;U;4010;0042100009;CARTEIRA PROPRIA                                  ; 0000000018582372,10
200505;33884941;BANIF BRASIL                                                ;U;4010;0043000005;RECURSOS ACEITES CAMB,LI E HIP.,DEBENT.E SIMILARES; 0000000179640404,72
200505;33884941;BANIF BRASIL                                                ;U;4010;0043500000;OBRIGACOES P/TITULOS E VALS.MOBILIARIOS EXTERIOR  ; 0000000179640404,72
200505;33884941;BANIF BRASIL                                                ;U;4010;0044000004;RELACOES INTERFINANCEIRAS                         ; 0000000000456662,19
200505;33884941;BANIF BRASIL                                                ;U;4010;0044100007;OBRIGAÇÕES JUNTO A PARTIC. DE SIST. DE LIQUIDACÃO ; 0000000000456662,19
200505;33884941;BANIF BRASIL                                                ;U;4010;0045000003;RELACOES INTERDEPENDENCIAS                        ; 0000000000000780,00
200505;33884941;BANIF BRASIL                                                ;U;4010;0045100006;RECURSOS EM TRANSITO DE TERCEIROS                 ; 0000000000000780,00
200505;33884941;BANIF BRASIL                                                ;U;4010;0046000002;OBRIGACOES POR EMPRESTIMOS E REPASSES             ; 0000000096850856,56
200505;33884941;BANIF BRASIL                                                ;U;4010;0046200008;EMPRESTIMOS NO PAIS - OUTRAS INSTITUICOES         ; 0000000003123460,21
200505;33884941;BANIF BRASIL                                                ;U;4010;0046300001;EMPRESTIMOS NO EXTERIOR                           ; 0000000087741467,35
200505;33884941;BANIF BRASIL                                                ;U;4010;0046400004;REPASSES DO PAIS - INSTITUICOES OFICIAIS          ; 0000000005985929,00
200505;33884941;BANIF BRASIL                                                ;U;4010;0047000001;INSTRUMENTOS FINANCEIROS DERIVATIVOS              ; 0000000005348449,76
200505;33884941;BANIF BRASIL                                                ;U;4010;0047100004;INSTRUMENTOS FINANCEIROS DERIVATIVOS              ; 0000000005348449,76
200505;33884941;BANIF BRASIL                                                ;U;4010;0049000009;OUTRAS OBRIGACOES                                 ; 0000000093823014,50
200505;33884941;BANIF BRASIL                                                ;U;4010;0049100002;COBRANCA E ARRECADACAO DE TRIBUTOS E ASSEMELHADOS ; 0000000000163154,02
200505;33884941;BANIF BRASIL                                                ;U;4010;0049200005;CARTEIRA DE CAMBIO                                ; 0000000065976470,12
200505;33884941;BANIF BRASIL                                                ;U;4010;0049400001;FISCAIS E PREVIDENCIARIAS                         ; 0000000005193497,17
200505;33884941;BANIF BRASIL                                                ;U;4010;0049900006;DIVERSAS                                          ; 0000000022489893,19
200505;33884941;BANIF BRASIL                                                ;U;4010;0050000005;RESULTADOS DE EXERCICIOS FUTUROS                  ; 0000000000232893,48
200505;33884941;BANIF BRASIL                                                ;U;4010;0051000004;RECEITAS DE EXERCICIOS FUTUROS                    ; 0000000000232893,48
200505;33884941;BANIF BRASIL                                                ;U;4010;0051100007;RECEITAS DE EXERCICIOS FUTUROS                    ; 0000000000232893,48
200505;33884941;BANIF BRASIL                                                ;U;4010;0060000002;PATRIMONIO LIQUIDO                                ; 0000000047021601,44
200505;33884941;BANIF BRASIL                                                ;U;4010;0061000001;PATRIMONIO LIQUIDO                                ; 0000000047021601,44
200505;33884941;BANIF BRASIL                                                ;U;4010;0061100004;CAPITAL SOCIAL                                    ; 0000000041000000,00
200505;33884941;BANIF BRASIL                                                ;U;4010;0061400003;RESERVAS DE REAVALIACAO                           ; 0000000002088812,79
200505;33884941;BANIF BRASIL                                                ;U;4010;0061500006;RESERVAS DE LUCROS                                ; 0000000000191053,26
200505;33884941;BANIF BRASIL                                                ;U;4010;0061600009;AJUSTES DE AVALIACAO PATRIMONIAL                  ;-0000000000174988,68
200505;33884941;BANIF BRASIL                                                ;U;4010;0061800005;LUCROS OU PREJUIZOS ACUMULADOS                    ; 0000000003916724,07
200505;33884941;BANIF BRASIL                                                ;U;4010;0070000009;CONTAS DE RESULTADO CREDORAS                      ; 0000000181609625,32
200505;33884941;BANIF BRASIL                                                ;U;4010;0071000008;RECEITAS OPERACIONAIS                             ; 0000000181282295,15
200505;33884941;BANIF BRASIL                                                ;U;4010;0071100001;RENDAS DE OPERACOES DE CREDITO                    ; 0000000035921350,71
200505;33884941;BANIF BRASIL                                                ;U;4010;0071300007;RENDAS DE CAMBIO                                  ; 0000000009314497,32
200505;33884941;BANIF BRASIL                                                ;U;4010;0071400000;RENDAS DE APLICACOES INTERFINANCEIRAS DE LIQUIDEZ ; 0000000002512803,19
200505;33884941;BANIF BRASIL                                                ;U;4010;0071500003;RENDAS COM TIT. E VAL. MOB. E INST. FINANC. DERIV.; 0000000083189048,60
200505;33884941;BANIF BRASIL                                                ;U;4010;0071700009;RENDAS DE PRESTACAO DE SERVICOS                   ; 0000000000496016,65
200505;33884941;BANIF BRASIL                                                ;U;4010;0071800002;RENDAS DE PARTICIPACOES                           ; 0000000000235278,53
200505;33884941;BANIF BRASIL                                                ;U;4010;0071900005;OUTRAS RECEITAS OPERACIONAIS                      ; 0000000049613300,15
200505;33884941;BANIF BRASIL                                                ;U;4010;0073000006;RECEITAS NAO OPERACIONAIS                         ; 0000000000327330,17
200505;33884941;BANIF BRASIL                                                ;U;4010;0073100009;LUCROS EM TRANSACOES COM VALORES E BENS           ; 0000000000019000,00
200505;33884941;BANIF BRASIL                                                ;U;4010;0073900003;OUTRAS RECEITAS NAO OPERACIONAIS                  ; 0000000000308330,17
200505;33884941;BANIF BRASIL                                                ;U;4010;0080000006;(-) CONTAS DE RESULTADO DEVEDORAS                 ;-0000000179435718,86
200505;33884941;BANIF BRASIL                                                ;U;4010;0081000005;(-) DESPESAS OPERACIONAIS                         ;-0000000177786864,26
200505;33884941;BANIF BRASIL                                                ;U;4010;0081100008;(-) DESPESAS DE CAPTACAO                          ;-0000000014690905,63
200505;33884941;BANIF BRASIL                                                ;U;4010;0081200001;(-) DESP DE OBRIGACOES POR EMPRESTIMOS E REPASSES ;-0000000004100939,36
200505;33884941;BANIF BRASIL                                                ;U;4010;0081400007;(-) DESPESAS DE CAMBIO                            ;-0000000007809121,23
200505;33884941;BANIF BRASIL                                                ;U;4010;0081500000;(-) DESP. COM TIT. E VAL. MOB. E INST. FIN. DERIV.;-0000000118206602,05
200505;33884941;BANIF BRASIL                                                ;U;4010;0081700006;(-) DESPESAS ADMINISTRATIVAS                      ;-0000000011042331,44
200505;33884941;BANIF BRASIL                                                ;U;4010;0081800009;(-) APROVISIONAMENTOS E AJUSTES PATRIMONIAIS      ;-0000000002124254,12
200505;33884941;BANIF BRASIL                                                ;U;4010;0081900002;(-) OUTRAS DESPESAS OPERACIONAIS                  ;-0000000019812710,43
200505;33884941;BANIF BRASIL                                                ;U;4010;0083000003;(-) DESPESAS NAO OPERACIONAIS                     ;-0000000000018756,72
200505;33884941;BANIF BRASIL                                                ;U;4010;0083100006;(-) PREJUIZOS EM TRANSACOES COM VALORES E BENS    ;-0000000000001957,88
200505;33884941;BANIF BRASIL                                                ;U;4010;0083900000;(-) OUTRAS DESPESAS NAO OPERACIONAIS              ;-0000000000016798,84
200505;33884941;BANIF BRASIL                                                ;U;4010;0089000007;(-) APURACAO DE RESULTADO                         ;-0000000001630097,88
200505;33884941;BANIF BRASIL                                                ;U;4010;0089400009;(-) IMPOSTO DE RENDA                              ;-0000000001617474,55
200505;33884941;BANIF BRASIL                                                ;U;4010;0089700008;(-) PARTICIPACOES NO LUCRO                        ;-0000000000012623,33
200505;33884941;BANIF BRASIL                                                ;U;4010;0090000003;COMPENSACAO                                       ; 0000004547136041,37
200505;33884941;BANIF BRASIL                                                ;U;4010;0090100006;COOBRIGACOES E RISCOS EM GARANTIAS PRESTADAS      ; 0000000006930868,66
200505;33884941;BANIF BRASIL                                                ;U;4010;0090300002;TITULOS E VALORES MOBILIARIOS                     ; 0000000839034152,92
200505;33884941;BANIF BRASIL                                                ;U;4010;0090400005;CUSTODIA DE VALORES                               ; 0000000538237064,12
200505;33884941;BANIF BRASIL                                                ;U;4010;0090500008;COBRANCA                                          ; 0000000157347294,25
200505;33884941;BANIF BRASIL                                                ;U;4010;0090600001;NEGOCIACAO E INTERMEDIACAO DE VALORES             ; 0000001215794415,75
200505;33884941;BANIF BRASIL                                                ;U;4010;0090800007;CONTRATOS                                         ; 0000000000154021,00
200505;33884941;BANIF BRASIL                                                ;U;4010;0090900000;CONTROLE                                          ; 0000001421003635,33
200505;33884941;BANIF BRASIL                                                ;U;4010;0091000002;CLASSIFICACAO DA CARTEIRA DE CREDITOS             ; 0000000368634589,34
200505;33884941;BANIF BRASIL                                                ;U;4010;0091100005;OPERACOES DE CREDITOS E ARRENDAMENTO MERCANTIL    ; 0000000368634589,34
200505;33884941;BANIF BRASIL                                                ;U;4010;0099999995;TOTAL GERAL DO PASSIVO                            ; 0000005161148155,28
200505;33885724;BCO BANERJ S.A.                                             ;U;4010;0010000007;CIRCULANTE E REALIZAVEL A LONGO PRAZO             ; 0000001962416164,38
200505;33885724;BCO BANERJ S.A.                                             ;U;4010;0012000005;APLICACOES INTERFINANCEIRAS DE LIQUIDEZ           ; 0000001962094604,35
200505;33885724;BCO BANERJ S.A.                                             ;U;4010;0012100008;APLICACOES EM OPERACOES COMPROMISSADAS            ; 0000000004508572,77
200505;33885724;BCO BANERJ S.A.                                             ;U;4010;0012200001;APLICACOES EM DEPOSITOS INTERFINANCEIROS          ; 0000001957586031,58
200505;33885724;BCO BANERJ S.A.                                             ;U;4010;0013000004;TITULOS E VAL. MOB. E INST. FINANC. DERIVATIVOS   ; 0000000000283984,22
200505;33885724;BCO BANERJ S.A.                                             ;U;4010;0013100007;LIVRES                                            ; 0000000000283984,22
200505;33885724;BCO BANERJ S.A.                                             ;U;4010;0014000003;RELACOES INTERFINANCEIRAS                         ; 0000000000001257,00
200505;33885724;BCO BANERJ S.A.                                             ;U;4010;0014200009;CREDITOS VINCULADOS                               ; 0000000000001257,00
200505;33885724;BCO BANERJ S.A.                                             ;U;4010;0018000009;OUTROS CREDITOS                                   ; 0000000000036318,81
200505;33885724;BCO BANERJ S.A.                                             ;U;4010;0018800003;DIVERSOS                                          ; 0000000000036318,81
200505;33885724;BCO BANERJ S.A.                                             ;U;4010;0030000001;COMPENSACAO                                       ; 0000001919699379,29
200505;33885724;BCO BANERJ S.A.                                             ;U;4010;0030300000;TITULOS E VALORES MOBILIARIOS                     ; 0000000000567968,44
200505;33885724;BCO BANERJ S.A.                                             ;U;4010;0030400003;CUSTODIA DE VALORES                               ; 0000001919000780,54
200505;33885724;BCO BANERJ S.A.                                             ;U;4010;0030900008;CONTROLE                                          ; 0000000000130630,31
200505;33885724;BCO BANERJ S.A.                                             ;U;4010;0039999993;TOTAL GERAL DO ATIVO                              ; 0000003882115543,67
200505;33885724;BCO BANERJ S.A.                                             ;U;4010;0040000008;CIRCULANTE EXIGIVEL A LONGO PRAZO                 ; 0000001861577189,25
200505;33885724;BCO BANERJ S.A.                                             ;U;4010;0041000007;DEPOSITOS                                         ; 0000001859758346,22
200505;33885724;BCO BANERJ S.A.                                             ;U;4010;0041300006;DEPOSITOS INTERFINANCEIROS                        ; 0000001859758346,22
200505;33885724;BCO BANERJ S.A.                                             ;U;4010;0049000009;OUTRAS OBRIGACOES                                 ; 0000000001818843,03
200505;33885724;BCO BANERJ S.A.                                             ;U;4010;0049400001;FISCAIS E PREVIDENCIARIAS                         ; 0000000001673848,55
200505;33885724;BCO BANERJ S.A.                                             ;U;4010;0049900006;DIVERSAS                                          ; 0000000000144994,48
200505;33885724;BCO BANERJ S.A.                                             ;U;4010;0060000002;PATRIMONIO LIQUIDO                                ; 0000000097112545,49
200505;33885724;BCO BANERJ S.A.                                             ;U;4010;0061000001;PATRIMONIO LIQUIDO                                ; 0000000097112545,49
200505;33885724;BCO BANERJ S.A.                                             ;U;4010;0061100004;CAPITAL SOCIAL                                    ; 0000000090170477,83
200505;33885724;BCO BANERJ S.A.                                             ;U;4010;0061500006;RESERVAS DE LUCROS                                ; 0000000006913309,06
200505;33885724;BCO BANERJ S.A.                                             ;U;4010;0061600009;AJUSTES DE AVALIACAO PATRIMONIAL                  ; 0000000000028758,60
200505;33885724;BCO BANERJ S.A.                                             ;U;4010;0070000009;CONTAS DE RESULTADO CREDORAS                      ; 0000000044220395,60
200505;33885724;BCO BANERJ S.A.                                             ;U;4010;0071000008;RECEITAS OPERACIONAIS                             ; 0000000044220395,59
200505;33885724;BCO BANERJ S.A.                                             ;U;4010;0071400000;RENDAS DE APLICACOES INTERFINANCEIRAS DE LIQUIDEZ ; 0000000044220217,64
200505;33885724;BCO BANERJ S.A.                                             ;U;4010;0071500003;RENDAS COM TIT. E VAL. MOB. E INST. FINANC. DERIV.; 0000000000000177,95
200505;33885724;BCO BANERJ S.A.                                             ;U;4010;0073000006;RECEITAS NAO OPERACIONAIS                         ; 0000000000000000,01
200505;33885724;BCO BANERJ S.A.                                             ;U;4010;0073900003;OUTRAS RECEITAS NAO OPERACIONAIS                  ; 0000000000000000,01
200505;33885724;BCO BANERJ S.A.                                             ;U;4010;0080000006;(-) CONTAS DE RESULTADO DEVEDORAS                 ;-0000000040493965,96
200505;33885724;BCO BANERJ S.A.                                             ;U;4010;0081000005;(-) DESPESAS OPERACIONAIS                         ;-0000000038589186,57
200505;33885724;BCO BANERJ S.A.                                             ;U;4010;0081100008;(-) DESPESAS DE CAPTACAO                          ;-0000000037758346,22
200505;33885724;BCO BANERJ S.A.                                             ;U;4010;0081700006;(-) DESPESAS ADMINISTRATIVAS                      ;-0000000000058802,17
200505;33885724;BCO BANERJ S.A.                                             ;U;4010;0081900002;(-) OUTRAS DESPESAS OPERACIONAIS                  ;-0000000000772038,18
200505;33885724;BCO BANERJ S.A.                                             ;U;4010;0083000003;(-) DESPESAS NAO OPERACIONAIS                     ;-0000000000000000,03
200505;33885724;BCO BANERJ S.A.                                             ;U;4010;0083900000;(-) OUTRAS DESPESAS NAO OPERACIONAIS              ;-0000000000000000,03
200505;33885724;BCO BANERJ S.A.                                             ;U;4010;0089000007;(-) APURACAO DE RESULTADO                         ;-0000000001904779,36
200505;33885724;BCO BANERJ S.A.                                             ;U;4010;0089400009;(-) IMPOSTO DE RENDA                              ;-0000000001904779,36
200505;33885724;BCO BANERJ S.A.                                             ;U;4010;0090000003;COMPENSACAO                                       ; 0000001919699379,29
200505;33885724;BCO BANERJ S.A.                                             ;U;4010;0090300002;TITULOS E VALORES MOBILIARIOS                     ; 0000000000567968,44
200505;33885724;BCO BANERJ S.A.                                             ;U;4010;0090400005;CUSTODIA DE VALORES                               ; 0000001919000780,54
200505;33885724;BCO BANERJ S.A.                                             ;U;4010;0090900000;CONTROLE                                          ; 0000000000130630,31
200505;33885724;BCO BANERJ S.A.                                             ;U;4010;0099999995;TOTAL GERAL DO PASSIVO                            ; 0000003882115543,67
200505;33923111;BCO BRASCAN S.A.                                            ;U;4010;0010000007;CIRCULANTE E REALIZAVEL A LONGO PRAZO             ; 0000002422309884,22
200505;33923111;BCO BRASCAN S.A.                                            ;U;4010;0011000006;DISPONIBILIDADES                                  ; 0000000004311581,28
200505;33923111;BCO BRASCAN S.A.                                            ;U;4010;0011100009;CAIXA                                             ; 0000000000015627,66
200505;33923111;BCO BRASCAN S.A.                                            ;U;4010;0011200002;DEPOSITOS BANCARIOS                               ; 0000000000006953,15
200505;33923111;BCO BRASCAN S.A.                                            ;U;4010;0011300005;RESERVAS LIVRES                                   ; 0000000002682987,34
200505;33923111;BCO BRASCAN S.A.                                            ;U;4010;0011500001;DISPONIBILIDADES EM MOEDAS ESTRANGEIRAS           ; 0000000001606013,13
200505;33923111;BCO BRASCAN S.A.                                            ;U;4010;0012000005;APLICACOES INTERFINANCEIRAS DE LIQUIDEZ           ; 0000000054878741,49
200505;33923111;BCO BRASCAN S.A.                                            ;U;4010;0012200001;APLICACOES EM DEPOSITOS INTERFINANCEIROS          ; 0000000001005479,44
200505;33923111;BCO BRASCAN S.A.                                            ;U;4010;0012600003;APLICA OES EM MOEDAS ESTRANGEIRAS                 ; 0000000053873262,05
200505;33923111;BCO BRASCAN S.A.                                            ;U;4010;0013000004;TITULOS E VAL. MOB. E INST. FINANC. DERIVATIVOS   ; 0000002032273598,43
200505;33923111;BCO BRASCAN S.A.                                            ;U;4010;0013100007;LIVRES                                            ; 0000000269501221,79
200505;33923111;BCO BRASCAN S.A.                                            ;U;4010;0013200000;VINCULADOS A OPERACOES COMPROMISSADAS             ; 0000001646482148,17
200505;33923111;BCO BRASCAN S.A.                                            ;U;4010;0013300003;INSTRUMENTOS FINANCEIROS DERIVATIVOS              ; 0000000019128440,20
200505;33923111;BCO BRASCAN S.A.                                            ;U;4010;0013600002;VINCULADOS A PRESTACAO DE GARANTIAS               ; 0000000097161788,27
200505;33923111;BCO BRASCAN S.A.                                            ;U;4010;0014000003;RELACOES INTERFINANCEIRAS                         ; 0000000000065785,03
200505;33923111;BCO BRASCAN S.A.                                            ;U;4010;0014100006;DIREITOS JUNTO A PARTIC. DE SISTEMAS DE LIQUIDAÇÃO; 0000000000006878,06
200505;33923111;BCO BRASCAN S.A.                                            ;U;4010;0014200009;CREDITOS VINCULADOS                               ; 0000000000058906,97
200505;33923111;BCO BRASCAN S.A.                                            ;U;4010;0015000002;RELACOES INTERDEPENDENCIAS                        ; 0000000014093423,29
200505;33923111;BCO BRASCAN S.A.                                            ;U;4010;0015200008;TRANSFERENCIAS INTERNAS DE RECURSOS               ; 0000000014093423,29
200505;33923111;BCO BRASCAN S.A.                                            ;U;4010;0016000001;OPERACOES DE CREDITO                              ; 0000000051995079,48
200505;33923111;BCO BRASCAN S.A.                                            ;U;4010;0016100004;EMPRESTIMOS E TITULOS DESCONTADOS                 ; 0000000039256349,06
200505;33923111;BCO BRASCAN S.A.                                            ;U;4010;0016200007;FINANCIAMENTOS                                    ; 0000000012955110,77
200505;33923111;BCO BRASCAN S.A.                                            ;U;4010;0016900008;(-) PROVISOES PARA OPERACOES DE CREDITO           ;-0000000000216380,35
200505;33923111;BCO BRASCAN S.A.                                            ;U;4010;0018000009;OUTROS CREDITOS                                   ; 0000000264420537,85
200505;33923111;BCO BRASCAN S.A.                                            ;U;4010;0018200005;CARTEIRA DE CAMBIO                                ; 0000000248083000,00
200505;33923111;BCO BRASCAN S.A.                                            ;U;4010;0018300008;RENDAS A RECEBER                                  ; 0000000001798117,39
200505;33923111;BCO BRASCAN S.A.                                            ;U;4010;0018400001;NEGOCIACAO E INTERMEDIACAO DE VALORES             ; 0000000001355050,39
200505;33923111;BCO BRASCAN S.A.                                            ;U;4010;0018800003;DIVERSOS                                          ; 0000000013184370,07
200505;33923111;BCO BRASCAN S.A.                                            ;U;4010;0019000008;OUTROS VALORES E BENS                             ; 0000000000271137,37
200505;33923111;BCO BRASCAN S.A.                                            ;U;4010;0019800002;OUTROS VALORES E BENS                             ; 0000000000071895,11
200505;33923111;BCO BRASCAN S.A.                                            ;U;4010;0019900005;DESPESAS ANTECIPADAS                              ; 0000000000199242,26
200505;33923111;BCO BRASCAN S.A.                                            ;U;4010;0020000004;PERMANENTE                                        ; 0000000052461217,97
200505;33923111;BCO BRASCAN S.A.                                            ;U;4010;0021000003;INVESTIMENTOS                                     ; 0000000048054349,18
200505;33923111;BCO BRASCAN S.A.                                            ;U;4010;0021200009;PARTICIPACOES EM COLIGADAS E CONTROLADAS NO PAIS  ; 0000000041658535,88
200505;33923111;BCO BRASCAN S.A.                                            ;U;4010;0021300002;INVESTIMENTOS POR INCENTIVOS FISCAIS              ; 0000000000014992,27
200505;33923111;BCO BRASCAN S.A.                                            ;U;4010;0021400005;TITULOS PATRIMONIAIS                              ; 0000000003590529,22
200505;33923111;BCO BRASCAN S.A.                                            ;U;4010;0021500008;ACOES E COTAS                                     ; 0000000002698038,28
200505;33923111;BCO BRASCAN S.A.                                            ;U;4010;0021900000;OUTROS INVESTIMENTOS                              ; 0000000000092253,53
200505;33923111;BCO BRASCAN S.A.                                            ;U;4010;0022000002;IMOBILIZADO DE USO                                ; 0000000003543457,79
200505;33923111;BCO BRASCAN S.A.                                            ;U;4010;0022300001;IMOVEIS DE USO                                    ; 0000000000561182,20
200505;33923111;BCO BRASCAN S.A.                                            ;U;4010;0022400004;INSTALACOES, MOVEIS E EQUIPAMENTOS DE USO         ; 0000000001678227,09
200505;33923111;BCO BRASCAN S.A.                                            ;U;4010;0022900009;OUTROS                                            ; 0000000001304048,50
200505;33923111;BCO BRASCAN S.A.                                            ;U;4010;0024000000;DIFERIDO                                          ; 0000000000863411,00
200505;33923111;BCO BRASCAN S.A.                                            ;U;4010;0024100003;GASTOS DE ORGANIZACAO E EXPANSAO                  ; 0000000000863411,00
200505;33923111;BCO BRASCAN S.A.                                            ;U;4010;0030000001;COMPENSACAO                                       ; 0000006952774147,31
200505;33923111;BCO BRASCAN S.A.                                            ;U;4010;0030100004;COOBRIGACOES E RISCOS EM GARANTIAS PRESTADAS      ; 0000000050067890,55
200505;33923111;BCO BRASCAN S.A.                                            ;U;4010;0030300000;TITULOS E VALORES MOBILIARIOS                     ; 0000004026438680,46
200505;33923111;BCO BRASCAN S.A.                                            ;U;4010;0030400003;CUSTODIA DE VALORES                               ; 0000001420179144,52
200505;33923111;BCO BRASCAN S.A.                                            ;U;4010;0030500006;COBRANCA                                          ; 0000000012432045,31
200505;33923111;BCO BRASCAN S.A.                                            ;U;4010;0030600009;NEGOCIACAO E INTERMEDIACAO DE VALORES             ; 0000001141788538,44
200505;33923111;BCO BRASCAN S.A.                                            ;U;4010;0030800005;CONTRATOS                                         ; 0000000179600575,78
200505;33923111;BCO BRASCAN S.A.                                            ;U;4010;0030900008;CONTROLE                                          ; 0000000070055812,42
200505;33923111;BCO BRASCAN S.A.                                            ;U;4010;0031000000;CLASSIFICACAO DA CARTEIRA DE CREDITOS             ; 0000000052211459,83
200505;33923111;BCO BRASCAN S.A.                                            ;U;4010;0031100003;OPERACOES DE RISCO NIVEL AA                       ; 0000000039425935,65
200505;33923111;BCO BRASCAN S.A.                                            ;U;4010;0031200006;OPERACOES DE RISCO NIVEL A                        ; 0000000010962080,78
200505;33923111;BCO BRASCAN S.A.                                            ;U;4010;0031300009;OPERACOES DE RISCO NIVELB                         ; 0000000000230826,47
200505;33923111;BCO BRASCAN S.A.                                            ;U;4010;0031500005;OPERACOES DE RISCO NIVEL D                        ; 0000000001592616,93
200505;33923111;BCO BRASCAN S.A.                                            ;U;4010;0039999993;TOTAL GERAL DO ATIVO                              ; 0000009427545249,50
200505;33923111;BCO BRASCAN S.A.                                            ;U;4010;0040000008;CIRCULANTE EXIGIVEL A LONGO PRAZO                 ; 0000002206625018,93
200505;33923111;BCO BRASCAN S.A.                                            ;U;4010;0041000007;DEPOSITOS                                         ; 0000000185464447,97
200505;33923111;BCO BRASCAN S.A.                                            ;U;4010;0041100000;DEPOSITOS A VISTA                                 ; 0000000003980037,77
200505;33923111;BCO BRASCAN S.A.                                            ;U;4010;0041300006;DEPOSITOS INTERFINANCEIROS                        ; 0000000015842942,09
200505;33923111;BCO BRASCAN S.A.                                            ;U;4010;0041500002;DEPOSITOS A PRAZO                                 ; 0000000165581299,61
200505;33923111;BCO BRASCAN S.A.                                            ;U;4010;0041900004;OUTROS DEPOSITOS                                  ; 0000000000060168,50
200505;33923111;BCO BRASCAN S.A.                                            ;U;4010;0042000006;OBRIGACOES POR OPERACOES COMPROMISSADAS           ; 0000001643004782,13
200505;33923111;BCO BRASCAN S.A.                                            ;U;4010;0042100009;CARTEIRA PROPRIA                                  ; 0000001643004782,13
200505;33923111;BCO BRASCAN S.A.                                            ;U;4010;0044000004;RELACOES INTERFINANCEIRAS                         ; 0000000000065170,80
200505;33923111;BCO BRASCAN S.A.                                            ;U;4010;0044100007;OBRIGAÇÕES JUNTO A PARTIC. DE SIST. DE LIQUIDACÃO ; 0000000000065170,80
200505;33923111;BCO BRASCAN S.A.                                            ;U;4010;0045000003;RELACOES INTERDEPENDENCIAS                        ; 0000000014120769,73
200505;33923111;BCO BRASCAN S.A.                                            ;U;4010;0045100006;RECURSOS EM TRANSITO DE TERCEIROS                 ; 0000000000027346,44
200505;33923111;BCO BRASCAN S.A.                                            ;U;4010;0045200009;TRANSFERENCIAS INTERNAS DE RECURSOS               ; 0000000014093423,29
200505;33923111;BCO BRASCAN S.A.                                            ;U;4010;0046000002;OBRIGACOES POR EMPRESTIMOS E REPASSES             ; 0000000012867827,28
200505;33923111;BCO BRASCAN S.A.                                            ;U;4010;0046400004;REPASSES DO PAIS - INSTITUICOES OFICIAIS          ; 0000000012867827,28
200505;33923111;BCO BRASCAN S.A.                                            ;U;4010;0047000001;INSTRUMENTOS FINANCEIROS DERIVATIVOS              ; 0000000000438952,09
200505;33923111;BCO BRASCAN S.A.                                            ;U;4010;0047100004;INSTRUMENTOS FINANCEIROS DERIVATIVOS              ; 0000000000438952,09
200505;33923111;BCO BRASCAN S.A.                                            ;U;4010;0049000009;OUTRAS OBRIGACOES                                 ; 0000000350663068,93
200505;33923111;BCO BRASCAN S.A.                                            ;U;4010;0049200005;CARTEIRA DE CAMBIO                                ; 0000000296518451,64
200505;33923111;BCO BRASCAN S.A.                                            ;U;4010;0049300008;SOCIAIS E ESTATUTARIAS                            ; 0000000009943721,25
200505;33923111;BCO BRASCAN S.A.                                            ;U;4010;0049400001;FISCAIS E PREVIDENCIARIAS                         ; 0000000006575792,53
200505;33923111;BCO BRASCAN S.A.                                            ;U;4010;0049500004;NEGOCIACAO E INTERMEDIACAO DE VALORES             ; 0000000008953207,01
200505;33923111;BCO BRASCAN S.A.                                            ;U;4010;0049900006;DIVERSAS                                          ; 0000000028671896,50
200505;33923111;BCO BRASCAN S.A.                                            ;U;4010;0050000005;RESULTADOS DE EXERCICIOS FUTUROS                  ; 0000000000083569,18
200505;33923111;BCO BRASCAN S.A.                                            ;U;4010;0051000004;RECEITAS DE EXERCICIOS FUTUROS                    ; 0000000000083569,18
200505;33923111;BCO BRASCAN S.A.                                            ;U;4010;0051100007;RECEITAS DE EXERCICIOS FUTUROS                    ; 0000000000083569,18
200505;33923111;BCO BRASCAN S.A.                                            ;U;4010;0060000002;PATRIMONIO LIQUIDO                                ; 0000000253600051,30
200505;33923111;BCO BRASCAN S.A.                                            ;U;4010;0061000001;PATRIMONIO LIQUIDO                                ; 0000000253600051,30
200505;33923111;BCO BRASCAN S.A.                                            ;U;4010;0061100004;CAPITAL SOCIAL                                    ; 0000000177977460,00
200505;33923111;BCO BRASCAN S.A.                                            ;U;4010;0061300000;RESERVAS DE CAPITAL                               ; 0000000001320593,76
200505;33923111;BCO BRASCAN S.A.                                            ;U;4010;0061500006;RESERVAS DE LUCROS                                ; 0000000002884899,37
200505;33923111;BCO BRASCAN S.A.                                            ;U;4010;0061600009;AJUSTES DE AVALIACAO PATRIMONIAL                  ; 0000000000209121,08
200505;33923111;BCO BRASCAN S.A.                                            ;U;4010;0061800005;LUCROS OU PREJUIZOS ACUMULADOS                    ; 0000000071207977,09
200505;33923111;BCO BRASCAN S.A.                                            ;U;4010;0070000009;CONTAS DE RESULTADO CREDORAS                      ; 0000000371691120,44
200505;33923111;BCO BRASCAN S.A.                                            ;U;4010;0071000008;RECEITAS OPERACIONAIS                             ; 0000000371690930,51
200505;33923111;BCO BRASCAN S.A.                                            ;U;4010;0071100001;RENDAS DE OPERACOES DE CREDITO                    ; 0000000014774358,94
200505;33923111;BCO BRASCAN S.A.                                            ;U;4010;0071300007;RENDAS DE CAMBIO                                  ; 0000000101026839,35
200505;33923111;BCO BRASCAN S.A.                                            ;U;4010;0071400000;RENDAS DE APLICACOES INTERFINANCEIRAS DE LIQUIDEZ ; 0000000000249059,45
200505;33923111;BCO BRASCAN S.A.                                            ;U;4010;0071500003;RENDAS COM TIT. E VAL. MOB. E INST. FINANC. DERIV.; 0000000230213897,50
200505;33923111;BCO BRASCAN S.A.                                            ;U;4010;0071700009;RENDAS DE PRESTACAO DE SERVICOS                   ; 0000000000490314,57
200505;33923111;BCO BRASCAN S.A.                                            ;U;4010;0071800002;RENDAS DE PARTICIPACOES                           ; 0000000003454054,26
200505;33923111;BCO BRASCAN S.A.                                            ;U;4010;0071900005;OUTRAS RECEITAS OPERACIONAIS                      ; 0000000021482406,44
200505;33923111;BCO BRASCAN S.A.                                            ;U;4010;0073000006;RECEITAS NAO OPERACIONAIS                         ; 0000000000000189,93
200505;33923111;BCO BRASCAN S.A.                                            ;U;4010;0073100009;LUCROS EM TRANSACOES COM VALORES E BENS           ; 0000000000000189,93
200505;33923111;BCO BRASCAN S.A.                                            ;U;4010;0080000006;(-) CONTAS DE RESULTADO DEVEDORAS                 ;-0000000357228657,66
200505;33923111;BCO BRASCAN S.A.                                            ;U;4010;0081000005;(-) DESPESAS OPERACIONAIS                         ;-0000000339013949,92
200505;33923111;BCO BRASCAN S.A.                                            ;U;4010;0081100008;(-) DESPESAS DE CAPTACAO                          ;-0000000060372239,81
200505;33923111;BCO BRASCAN S.A.                                            ;U;4010;0081200001;(-) DESP DE OBRIGACOES POR EMPRESTIMOS E REPASSES ;-0000000002970016,48
200505;33923111;BCO BRASCAN S.A.                                            ;U;4010;0081400007;(-) DESPESAS DE CAMBIO                            ;-0000000099249883,55
200505;33923111;BCO BRASCAN S.A.                                            ;U;4010;0081500000;(-) DESP. COM TIT. E VAL. MOB. E INST. FIN. DERIV.;-0000000146895419,37
200505;33923111;BCO BRASCAN S.A.                                            ;U;4010;0081600003;(-) DESPESAS DE PARTICIPACOES                     ;-0000000000011879,48
200505;33923111;BCO BRASCAN S.A.                                            ;U;4010;0081700006;(-) DESPESAS ADMINISTRATIVAS                      ;-0000000017093029,58
200505;33923111;BCO BRASCAN S.A.                                            ;U;4010;0081800009;(-) APROVISIONAMENTOS E AJUSTES PATRIMONIAIS      ;-0000000000654977,04
200505;33923111;BCO BRASCAN S.A.                                            ;U;4010;0081900002;(-) OUTRAS DESPESAS OPERACIONAIS                  ;-0000000011766504,61
200505;33923111;BCO BRASCAN S.A.                                            ;U;4010;0083000003;(-) DESPESAS NAO OPERACIONAIS                     ;-0000000000000103,15
200505;33923111;BCO BRASCAN S.A.                                            ;U;4010;0083100006;(-) PREJUIZOS EM TRANSACOES COM VALORES E BENS    ;-0000000000000103,15
200505;33923111;BCO BRASCAN S.A.                                            ;U;4010;0089000007;(-) APURACAO DE RESULTADO                         ;-0000000018214604,59
200505;33923111;BCO BRASCAN S.A.                                            ;U;4010;0089400009;(-) IMPOSTO DE RENDA                              ;-0000000008270883,29
200505;33923111;BCO BRASCAN S.A.                                            ;U;4010;0089700008;(-) PARTICIPACOES NO LUCRO                        ;-0000000009943721,30
200505;33923111;BCO BRASCAN S.A.                                            ;U;4010;0090000003;COMPENSACAO                                       ; 0000006952774147,31
200505;33923111;BCO BRASCAN S.A.                                            ;U;4010;0090100006;COOBRIGACOES E RISCOS EM GARANTIAS PRESTADAS      ; 0000000050067890,55
200505;33923111;BCO BRASCAN S.A.                                            ;U;4010;0090300002;TITULOS E VALORES MOBILIARIOS                     ; 0000004026438680,46
200505;33923111;BCO BRASCAN S.A.                                            ;U;4010;0090400005;CUSTODIA DE VALORES                               ; 0000001420179144,52
200505;33923111;BCO BRASCAN S.A.                                            ;U;4010;0090500008;COBRANCA                                          ; 0000000012432045,31
200505;33923111;BCO BRASCAN S.A.                                            ;U;4010;0090600001;NEGOCIACAO E INTERMEDIACAO DE VALORES             ; 0000001141788538,44
200505;33923111;BCO BRASCAN S.A.                                            ;U;4010;0090800007;CONTRATOS                                         ; 0000000179600575,78
200505;33923111;BCO BRASCAN S.A.                                            ;U;4010;0090900000;CONTROLE                                          ; 0000000070055812,42
200505;33923111;BCO BRASCAN S.A.                                            ;U;4010;0091000002;CLASSIFICACAO DA CARTEIRA DE CREDITOS             ; 0000000052211459,83
200505;33923111;BCO BRASCAN S.A.                                            ;U;4010;0091100005;OPERACOES DE CREDITOS E ARRENDAMENTO MERCANTIL    ; 0000000052211459,83
200505;33923111;BCO BRASCAN S.A.                                            ;U;4010;0099999995;TOTAL GERAL DO PASSIVO                            ; 0000009427545249,50
200505;33923798;BCO MÁXIMA S.A.                                             ;B;4010;0010000007;CIRCULANTE E REALIZAVEL A LONGO PRAZO             ; 0000000099361677,26
200505;33923798;BCO MÁXIMA S.A.                                             ;B;4010;0011000006;DISPONIBILIDADES                                  ; 0000000000166533,39
200505;33923798;BCO MÁXIMA S.A.                                             ;B;4010;0011100009;CAIXA                                             ; 0000000000000140,95
200505;33923798;BCO MÁXIMA S.A.                                             ;B;4010;0011300005;RESERVAS LIVRES                                   ; 0000000000166392,44
200505;33923798;BCO MÁXIMA S.A.                                             ;B;4010;0012000005;APLICACOES INTERFINANCEIRAS DE LIQUIDEZ           ; 0000000023798623,45
200505;33923798;BCO MÁXIMA S.A.                                             ;B;4010;0012100008;APLICACOES EM OPERACOES COMPROMISSADAS            ; 0000000023798623,45
200505;33923798;BCO MÁXIMA S.A.                                             ;B;4010;0013000004;TITULOS E VAL. MOB. E INST. FINANC. DERIVATIVOS   ; 0000000042707873,18
200505;33923798;BCO MÁXIMA S.A.                                             ;B;4010;0013100007;LIVRES                                            ; 0000000019157674,12
200505;33923798;BCO MÁXIMA S.A.                                             ;B;4010;0013200000;VINCULADOS A OPERACOES COMPROMISSADAS             ; 0000000021812130,79
200505;33923798;BCO MÁXIMA S.A.                                             ;B;4010;0013300003;INSTRUMENTOS FINANCEIROS DERIVATIVOS              ; 0000000000800200,31
200505;33923798;BCO MÁXIMA S.A.                                             ;B;4010;0013600002;VINCULADOS A PRESTACAO DE GARANTIAS               ; 0000000000937867,96
200505;33923798;BCO MÁXIMA S.A.                                             ;B;4010;0014000003;RELACOES INTERFINANCEIRAS                         ; 0000000000182173,20
200505;33923798;BCO MÁXIMA S.A.                                             ;B;4010;0014100006;DIREITOS JUNTO A PARTIC. DE SISTEMAS DE LIQUIDAÇÃO; 0000000000004911,96
200505;33923798;BCO MÁXIMA S.A.                                             ;B;4010;0014200009;CREDITOS VINCULADOS                               ; 0000000000177261,24
200505;33923798;BCO MÁXIMA S.A.                                             ;B;4010;0016000001;OPERACOES DE CREDITO                              ; 0000000021817875,58
200505;33923798;BCO MÁXIMA S.A.                                             ;B;4010;0016100004;EMPRESTIMOS E TITULOS DESCONTADOS                 ; 0000000023180722,39
200505;33923798;BCO MÁXIMA S.A.                                             ;B;4010;0016300000;FINANCIAMENTOS RURAIS E AGROINDUSTRIAIS           ; 0000000001201676,81
200505;33923798;BCO MÁXIMA S.A.                                             ;B;4010;0016900008;(-) PROVISOES PARA OPERACOES DE CREDITO           ;-0000000002564523,62
200505;33923798;BCO MÁXIMA S.A.                                             ;B;4010;0018000009;OUTROS CREDITOS                                   ; 0000000010688598,46
200505;33923798;BCO MÁXIMA S.A.                                             ;B;4010;0018300008;RENDAS A RECEBER                                  ; 0000000000928585,42
200505;33923798;BCO MÁXIMA S.A.                                             ;B;4010;0018400001;NEGOCIACAO E INTERMEDIACAO DE VALORES             ; 0000000000002246,10
200505;33923798;BCO MÁXIMA S.A.                                             ;B;4010;0018800003;DIVERSOS                                          ; 0000000009757766,94
200505;33923798;BCO MÁXIMA S.A.                                             ;B;4010;0020000004;PERMANENTE                                        ; 0000000025235184,97
200505;33923798;BCO MÁXIMA S.A.                                             ;B;4010;0021000003;INVESTIMENTOS                                     ; 0000000024745113,35
200505;33923798;BCO MÁXIMA S.A.                                             ;B;4010;0021200009;PARTICIPACOES EM COLIGADAS E CONTROLADAS NO PAIS  ; 0000000024367273,57
200505;33923798;BCO MÁXIMA S.A.                                             ;B;4010;0021400005;TITULOS PATRIMONIAIS                              ; 0000000000333457,68
200505;33923798;BCO MÁXIMA S.A.                                             ;B;4010;0021900000;OUTROS INVESTIMENTOS                              ; 0000000000044382,10
200505;33923798;BCO MÁXIMA S.A.                                             ;B;4010;0022000002;IMOBILIZADO DE USO                                ; 0000000000218910,10
200505;33923798;BCO MÁXIMA S.A.                                             ;B;4010;0022400004;INSTALACOES, MOVEIS E EQUIPAMENTOS DE USO         ; 0000000000046967,94
200505;33923798;BCO MÁXIMA S.A.                                             ;B;4010;0022900009;OUTROS                                            ; 0000000000171942,16
200505;33923798;BCO MÁXIMA S.A.                                             ;B;4010;0024000000;DIFERIDO                                          ; 0000000000271161,52
200505;33923798;BCO MÁXIMA S.A.                                             ;B;4010;0024100003;GASTOS DE ORGANIZACAO E EXPANSAO                  ; 0000000000271161,52
200505;33923798;BCO MÁXIMA S.A.                                             ;B;4010;0030000001;COMPENSACAO                                       ; 0000000358686481,21
200505;33923798;BCO MÁXIMA S.A.                                             ;B;4010;0030100004;COOBRIGACOES E RISCOS EM GARANTIAS PRESTADAS      ; 0000000009804543,77
200505;33923798;BCO MÁXIMA S.A.                                             ;B;4010;0030300000;TITULOS E VALORES MOBILIARIOS                     ; 0000000077832801,76
200505;33923798;BCO MÁXIMA S.A.                                             ;B;4010;0030400003;CUSTODIA DE VALORES                               ; 0000000090486032,18
200505;33923798;BCO MÁXIMA S.A.                                             ;B;4010;0030600009;NEGOCIACAO E INTERMEDIACAO DE VALORES             ; 0000000043956174,59
200505;33923798;BCO MÁXIMA S.A.                                             ;B;4010;0030900008;CONTROLE                                          ; 0000000111029130,50
200505;33923798;BCO MÁXIMA S.A.                                             ;B;4010;0031000000;CLASSIFICACAO DA CARTEIRA DE CREDITOS             ; 0000000025577798,41
200505;33923798;BCO MÁXIMA S.A.                                             ;B;4010;0031100003;OPERACOES DE RISCO NIVEL AA                       ; 0000000001195399,21
200505;33923798;BCO MÁXIMA S.A.                                             ;B;4010;0031200006;OPERACOES DE RISCO NIVEL A                        ; 0000000016906220,28
200505;33923798;BCO MÁXIMA S.A.                                             ;B;4010;0031300009;OPERACOES DE RISCO NIVELB                         ; 0000000001015322,24
200505;33923798;BCO MÁXIMA S.A.                                             ;B;4010;0031400002;OPERACOES DE RISCO NIVELC                         ; 0000000001840172,67
200505;33923798;BCO MÁXIMA S.A.                                             ;B;4010;0031500005;OPERACOES DE RISCO NIVEL D                        ; 0000000000949904,51
200505;33923798;BCO MÁXIMA S.A.                                             ;B;4010;0031600008;OPERACOES DE RISCO NIVEL E                        ; 0000000000965549,23
200505;33923798;BCO MÁXIMA S.A.                                             ;B;4010;0031700001;OPERACOES DE RISCO NIVEL F                        ; 0000000000846740,78
200505;33923798;BCO MÁXIMA S.A.                                             ;B;4010;0031800004;OPERACOES DE RISCO NIVEL G                        ; 0000000000839603,27
200505;33923798;BCO MÁXIMA S.A.                                             ;B;4010;0031900007;OPERACOES DE RISCO NIVEL H                        ; 0000000001018886,22
200505;33923798;BCO MÁXIMA S.A.                                             ;B;4010;0039999993;TOTAL GERAL DO ATIVO                              ; 0000000483283343,44
200505;33923798;BCO MÁXIMA S.A.                                             ;B;4010;0040000008;CIRCULANTE EXIGIVEL A LONGO PRAZO                 ; 0000000086356452,69
200505;33923798;BCO MÁXIMA S.A.                                             ;B;4010;0041000007;DEPOSITOS                                         ; 0000000032159289,73
200505;33923798;BCO MÁXIMA S.A.                                             ;B;4010;0041100000;DEPOSITOS A VISTA                                 ; 0000000000624764,69
200505;33923798;BCO MÁXIMA S.A.                                             ;B;4010;0041300006;DEPOSITOS INTERFINANCEIROS                        ; 0000000014001965,95
200505;33923798;BCO MÁXIMA S.A.                                             ;B;4010;0041500002;DEPOSITOS A PRAZO                                 ; 0000000017532559,09
200505;33923798;BCO MÁXIMA S.A.                                             ;B;4010;0042000006;OBRIGACOES POR OPERACOES COMPROMISSADAS           ; 0000000044801484,92
200505;33923798;BCO MÁXIMA S.A.                                             ;B;4010;0042100009;CARTEIRA PROPRIA                                  ; 0000000021800988,81
200505;33923798;BCO MÁXIMA S.A.                                             ;B;4010;0042200002;CARTEIRA DE TERCEIROS                             ; 0000000023000496,11
200505;33923798;BCO MÁXIMA S.A.                                             ;B;4010;0044000004;RELACOES INTERFINANCEIRAS                         ; 0000000000181661,57
200505;33923798;BCO MÁXIMA S.A.                                             ;B;4010;0044100007;OBRIGAÇÕES JUNTO A PARTIC. DE SIST. DE LIQUIDACÃO ; 0000000000181661,57
200505;33923798;BCO MÁXIMA S.A.                                             ;B;4010;0047000001;INSTRUMENTOS FINANCEIROS DERIVATIVOS              ; 0000000002755722,24
200505;33923798;BCO MÁXIMA S.A.                                             ;B;4010;0047100004;INSTRUMENTOS FINANCEIROS DERIVATIVOS              ; 0000000002755722,24
200505;33923798;BCO MÁXIMA S.A.                                             ;B;4010;0049000009;OUTRAS OBRIGACOES                                 ; 0000000006458294,23
200505;33923798;BCO MÁXIMA S.A.                                             ;B;4010;0049100002;COBRANCA E ARRECADACAO DE TRIBUTOS E ASSEMELHADOS ; 0000000000019271,55
200505;33923798;BCO MÁXIMA S.A.                                             ;B;4010;0049400001;FISCAIS E PREVIDENCIARIAS                         ; 0000000003384315,53
200505;33923798;BCO MÁXIMA S.A.                                             ;B;4010;0049500004;NEGOCIACAO E INTERMEDIACAO DE VALORES             ; 0000000000645490,09
200505;33923798;BCO MÁXIMA S.A.                                             ;B;4010;0049900006;DIVERSAS                                          ; 0000000002409217,06
200505;33923798;BCO MÁXIMA S.A.                                             ;B;4010;0060000002;PATRIMONIO LIQUIDO                                ; 0000000036087414,59
200505;33923798;BCO MÁXIMA S.A.                                             ;B;4010;0061000001;PATRIMONIO LIQUIDO                                ; 0000000036087414,59
200505;33923798;BCO MÁXIMA S.A.                                             ;B;4010;0061100004;CAPITAL SOCIAL                                    ; 0000000030000000,00
200505;33923798;BCO MÁXIMA S.A.                                             ;B;4010;0061300000;RESERVAS DE CAPITAL                               ; 0000000000053122,17
200505;33923798;BCO MÁXIMA S.A.                                             ;B;4010;0061500006;RESERVAS DE LUCROS                                ; 0000000003792021,59
200505;33923798;BCO MÁXIMA S.A.                                             ;B;4010;0061600009;AJUSTES DE AVALIACAO PATRIMONIAL                  ;-0000000000468530,92
200505;33923798;BCO MÁXIMA S.A.                                             ;B;4010;0061800005;LUCROS OU PREJUIZOS ACUMULADOS                    ; 0000000002710801,75
200505;33923798;BCO MÁXIMA S.A.                                             ;B;4010;0070000009;CONTAS DE RESULTADO CREDORAS                      ; 0000000052612498,21
200505;33923798;BCO MÁXIMA S.A.                                             ;B;4010;0071000008;RECEITAS OPERACIONAIS                             ; 0000000052189699,00
200505;33923798;BCO MÁXIMA S.A.                                             ;B;4010;0071100001;RENDAS DE OPERACOES DE CREDITO                    ; 0000000013511119,29
200505;33923798;BCO MÁXIMA S.A.                                             ;B;4010;0071400000;RENDAS DE APLICACOES INTERFINANCEIRAS DE LIQUIDEZ ; 0000000002309613,01
200505;33923798;BCO MÁXIMA S.A.                                             ;B;4010;0071500003;RENDAS COM TIT. E VAL. MOB. E INST. FINANC. DERIV.; 0000000032822338,69
200505;33923798;BCO MÁXIMA S.A.                                             ;B;4010;0071700009;RENDAS DE PRESTACAO DE SERVICOS                   ; 0000000000565428,41
200505;33923798;BCO MÁXIMA S.A.                                             ;B;4010;0071800002;RENDAS DE PARTICIPACOES                           ; 0000000001993958,00
200505;33923798;BCO MÁXIMA S.A.                                             ;B;4010;0071900005;OUTRAS RECEITAS OPERACIONAIS                      ; 0000000000987241,60
200505;33923798;BCO MÁXIMA S.A.                                             ;B;4010;0073000006;RECEITAS NAO OPERACIONAIS                         ; 0000000000422799,21
200505;33923798;BCO MÁXIMA S.A.                                             ;B;4010;0073100009;LUCROS EM TRANSACOES COM VALORES E BENS           ; 0000000000422799,21
200505;33923798;BCO MÁXIMA S.A.                                             ;B;4010;0080000006;(-) CONTAS DE RESULTADO DEVEDORAS                 ;-0000000050459503,26
200505;33923798;BCO MÁXIMA S.A.                                             ;B;4010;0081000005;(-) DESPESAS OPERACIONAIS                         ;-0000000050283872,73
200505;33923798;BCO MÁXIMA S.A.                                             ;B;4010;0081100008;(-) DESPESAS DE CAPTACAO                          ;-0000000005766065,50
200505;33923798;BCO MÁXIMA S.A.                                             ;B;4010;0081200001;(-) DESP DE OBRIGACOES POR EMPRESTIMOS E REPASSES ;-0000000000034485,49
200505;33923798;BCO MÁXIMA S.A.                                             ;B;4010;0081500000;(-) DESP. COM TIT. E VAL. MOB. E INST. FIN. DERIV.;-0000000031028312,84
200505;33923798;BCO MÁXIMA S.A.                                             ;B;4010;0081700006;(-) DESPESAS ADMINISTRATIVAS                      ;-0000000008003164,96
200505;33923798;BCO MÁXIMA S.A.                                             ;B;4010;0081800009;(-) APROVISIONAMENTOS E AJUSTES PATRIMONIAIS      ;-0000000004364540,51
200505;33923798;BCO MÁXIMA S.A.                                             ;B;4010;0081900002;(-) OUTRAS DESPESAS OPERACIONAIS                  ;-0000000001087303,43
200505;33923798;BCO MÁXIMA S.A.                                             ;B;4010;0089000007;(-) APURACAO DE RESULTADO                         ;-0000000000175630,53
200505;33923798;BCO MÁXIMA S.A.                                             ;B;4010;0089400009;(-) IMPOSTO DE RENDA                              ;-0000000000142260,45
200505;33923798;BCO MÁXIMA S.A.                                             ;B;4010;0089700008;(-) PARTICIPACOES NO LUCRO                        ;-0000000000033370,08
200505;33923798;BCO MÁXIMA S.A.                                             ;B;4010;0090000003;COMPENSACAO                                       ; 0000000358686481,21
200505;33923798;BCO MÁXIMA S.A.                                             ;B;4010;0090100006;COOBRIGACOES E RISCOS EM GARANTIAS PRESTADAS      ; 0000000009804543,77
200505;33923798;BCO MÁXIMA S.A.                                             ;B;4010;0090300002;TITULOS E VALORES MOBILIARIOS                     ; 0000000077832801,76
200505;33923798;BCO MÁXIMA S.A.                                             ;B;4010;0090400005;CUSTODIA DE VALORES                               ; 0000000090486032,18
200505;33923798;BCO MÁXIMA S.A.                                             ;B;4010;0090600001;NEGOCIACAO E INTERMEDIACAO DE VALORES             ; 0000000043956174,59
200505;33923798;BCO MÁXIMA S.A.                                             ;B;4010;0090900000;CONTROLE                                          ; 0000000111029130,50
200505;33923798;BCO MÁXIMA S.A.                                             ;B;4010;0091000002;CLASSIFICACAO DA CARTEIRA DE CREDITOS             ; 0000000025577798,41
200505;33923798;BCO MÁXIMA S.A.                                             ;B;4010;0091100005;OPERACOES DE CREDITOS E ARRENDAMENTO MERCANTIL    ; 0000000025577798,41
200505;33923798;BCO MÁXIMA S.A.                                             ;B;4010;0099999995;TOTAL GERAL DO PASSIVO                            ; 0000000483283343,44
200505;33987793;BI CREDIT SUISSE (BRASIL)                                   ;I;4010;0010000007;CIRCULANTE E REALIZAVEL A LONGO PRAZO             ; 0000009004148812,19
200505;33987793;BI CREDIT SUISSE (BRASIL)                                   ;I;4010;0011000006;DISPONIBILIDADES                                  ; 0000000006436564,32
200505;33987793;BI CREDIT SUISSE (BRASIL)                                   ;I;4010;0011100009;CAIXA                                             ; 0000000000004024,03
200505;33987793;BI CREDIT SUISSE (BRASIL)                                   ;I;4010;0011200002;DEPOSITOS BANCARIOS                               ; 0000000000319888,60
200505;33987793;BI CREDIT SUISSE (BRASIL)                                   ;I;4010;0011500001;DISPONIBILIDADES EM MOEDAS ESTRANGEIRAS           ; 0000000006112651,69
200505;33987793;BI CREDIT SUISSE (BRASIL)                                   ;I;4010;0012000005;APLICACOES INTERFINANCEIRAS DE LIQUIDEZ           ; 0000003479426704,60
200505;33987793;BI CREDIT SUISSE (BRASIL)                                   ;I;4010;0012100008;APLICACOES EM OPERACOES COMPROMISSADAS            ; 0000003435311765,14
200505;33987793;BI CREDIT SUISSE (BRASIL)                                   ;I;4010;0012200001;APLICACOES EM DEPOSITOS INTERFINANCEIROS          ; 0000000044114939,46
200505;33987793;BI CREDIT SUISSE (BRASIL)                                   ;I;4010;0013000004;TITULOS E VAL. MOB. E INST. FINANC. DERIVATIVOS   ; 0000003282297543,35
200505;33987793;BI CREDIT SUISSE (BRASIL)                                   ;I;4010;0013100007;LIVRES                                            ; 0000000807994226,55
200505;33987793;BI CREDIT SUISSE (BRASIL)                                   ;I;4010;0013200000;VINCULADOS A OPERACOES COMPROMISSADAS             ; 0000001127146911,81
200505;33987793;BI CREDIT SUISSE (BRASIL)                                   ;I;4010;0013300003;INSTRUMENTOS FINANCEIROS DERIVATIVOS              ; 0000001033294641,27
200505;33987793;BI CREDIT SUISSE (BRASIL)                                   ;I;4010;0013600002;VINCULADOS A PRESTACAO DE GARANTIAS               ; 0000000313861763,72
200505;33987793;BI CREDIT SUISSE (BRASIL)                                   ;I;4010;0014000003;RELACOES INTERFINANCEIRAS                         ; 0000000009986669,36
200505;33987793;BI CREDIT SUISSE (BRASIL)                                   ;I;4010;0014200009;CREDITOS VINCULADOS                               ; 0000000009986669,36
200505;33987793;BI CREDIT SUISSE (BRASIL)                                   ;I;4010;0016000001;OPERACOES DE CREDITO                              ; 0000000202580567,49
200505;33987793;BI CREDIT SUISSE (BRASIL)                                   ;I;4010;0016100004;EMPRESTIMOS E TITULOS DESCONTADOS                 ; 0000000202732792,16
200505;33987793;BI CREDIT SUISSE (BRASIL)                                   ;I;4010;0016900008;(-) PROVISOES PARA OPERACOES DE CREDITO           ;-0000000000152224,67
200505;33987793;BI CREDIT SUISSE (BRASIL)                                   ;I;4010;0018000009;OUTROS CREDITOS                                   ; 0000002023420012,97
200505;33987793;BI CREDIT SUISSE (BRASIL)                                   ;I;4010;0018200005;CARTEIRA DE CAMBIO                                ; 0000001497304338,56
200505;33987793;BI CREDIT SUISSE (BRASIL)                                   ;I;4010;0018300008;RENDAS A RECEBER                                  ; 0000000004744242,64
200505;33987793;BI CREDIT SUISSE (BRASIL)                                   ;I;4010;0018400001;NEGOCIACAO E INTERMEDIACAO DE VALORES             ; 0000000234092411,52
200505;33987793;BI CREDIT SUISSE (BRASIL)                                   ;I;4010;0018800003;DIVERSOS                                          ; 0000000288344001,36
200505;33987793;BI CREDIT SUISSE (BRASIL)                                   ;I;4010;0018900006;(-) PROVISOES PARA OUTROS CREDITOS                ;-0000000001064981,11
200505;33987793;BI CREDIT SUISSE (BRASIL)                                   ;I;4010;0019000008;OUTROS VALORES E BENS                             ; 0000000000000750,10
200505;33987793;BI CREDIT SUISSE (BRASIL)                                   ;I;4010;0019900005;DESPESAS ANTECIPADAS                              ; 0000000000000750,10
200505;33987793;BI CREDIT SUISSE (BRASIL)                                   ;I;4010;0020000004;PERMANENTE                                        ; 0000000824738223,16
200505;33987793;BI CREDIT SUISSE (BRASIL)                                   ;I;4010;0021000003;INVESTIMENTOS                                     ; 0000000819089512,55
200505;33987793;BI CREDIT SUISSE (BRASIL)                                   ;I;4010;0021100006;INVESTIMENTOS NO EXTERIOR                         ; 0000000414516800,56
200505;33987793;BI CREDIT SUISSE (BRASIL)                                   ;I;4010;0021200009;PARTICIPACOES EM COLIGADAS E CONTROLADAS NO PAIS  ; 0000000398973746,77
200505;33987793;BI CREDIT SUISSE (BRASIL)                                   ;I;4010;0021400005;TITULOS PATRIMONIAIS                              ; 0000000003286671,85
200505;33987793;BI CREDIT SUISSE (BRASIL)                                   ;I;4010;0021500008;ACOES E COTAS                                     ; 0000000002312047,32
200505;33987793;BI CREDIT SUISSE (BRASIL)                                   ;I;4010;0021900000;OUTROS INVESTIMENTOS                              ; 0000000000000246,05
200505;33987793;BI CREDIT SUISSE (BRASIL)                                   ;I;4010;0022000002;IMOBILIZADO DE USO                                ; 0000000005398523,13
200505;33987793;BI CREDIT SUISSE (BRASIL)                                   ;I;4010;0022200008;IMOBILIZACOES EM CURSO                            ; 0000000000010580,00
200505;33987793;BI CREDIT SUISSE (BRASIL)                                   ;I;4010;0022400004;INSTALACOES, MOVEIS E EQUIPAMENTOS DE USO         ; 0000000000223575,49
200505;33987793;BI CREDIT SUISSE (BRASIL)                                   ;I;4010;0022900009;OUTROS                                            ; 0000000005164367,64
200505;33987793;BI CREDIT SUISSE (BRASIL)                                   ;I;4010;0024000000;DIFERIDO                                          ; 0000000000250187,48
200505;33987793;BI CREDIT SUISSE (BRASIL)                                   ;I;4010;0024100003;GASTOS DE ORGANIZACAO E EXPANSAO                  ; 0000000000250187,48
200505;33987793;BI CREDIT SUISSE (BRASIL)                                   ;I;4010;0030000001;COMPENSACAO                                       ; 0000127938683260,05
200505;33987793;BI CREDIT SUISSE (BRASIL)                                   ;I;4010;0030100004;COOBRIGACOES E RISCOS EM GARANTIAS PRESTADAS      ; 0000000354474113,35
200505;33987793;BI CREDIT SUISSE (BRASIL)                                   ;I;4010;0030300000;TITULOS E VALORES MOBILIARIOS                     ; 0000005531300445,43
200505;33987793;BI CREDIT SUISSE (BRASIL)                                   ;I;4010;0030400003;CUSTODIA DE VALORES                               ; 0000019216974145,17
200505;33987793;BI CREDIT SUISSE (BRASIL)                                   ;I;4010;0030600009;NEGOCIACAO E INTERMEDIACAO DE VALORES             ; 0000089659617687,80
200505;33987793;BI CREDIT SUISSE (BRASIL)                                   ;I;4010;0030800005;CONTRATOS                                         ; 0000003239479245,60
200505;33987793;BI CREDIT SUISSE (BRASIL)                                   ;I;4010;0030900008;CONTROLE                                          ; 0000009521108608,14
200505;33987793;BI CREDIT SUISSE (BRASIL)                                   ;I;4010;0031000000;CLASSIFICACAO DA CARTEIRA DE CREDITOS             ; 0000000415729014,56
200505;33987793;BI CREDIT SUISSE (BRASIL)                                   ;I;4010;0031100003;OPERACOES DE RISCO NIVEL AA                       ; 0000000172287859,16
200505;33987793;BI CREDIT SUISSE (BRASIL)                                   ;I;4010;0031200006;OPERACOES DE RISCO NIVEL A                        ; 0000000243441155,40
200505;33987793;BI CREDIT SUISSE (BRASIL)                                   ;I;4010;0039999993;TOTAL GERAL DO ATIVO                              ; 0000137767570295,40
200505;33987793;BI CREDIT SUISSE (BRASIL)                                   ;I;4010;0040000008;CIRCULANTE EXIGIVEL A LONGO PRAZO                 ; 0000009068219177,11
200505;33987793;BI CREDIT SUISSE (BRASIL)                                   ;I;4010;0041000007;DEPOSITOS                                         ; 0000001807683045,70
200505;33987793;BI CREDIT SUISSE (BRASIL)                                   ;I;4010;0041100000;DEPOSITOS A VISTA                                 ; 0000000000000223,15
200505;33987793;BI CREDIT SUISSE (BRASIL)                                   ;I;4010;0041300006;DEPOSITOS INTERFINANCEIROS                        ; 0000000756867119,83
200505;33987793;BI CREDIT SUISSE (BRASIL)                                   ;I;4010;0041500002;DEPOSITOS A PRAZO                                 ; 0000001050815702,72
200505;33987793;BI CREDIT SUISSE (BRASIL)                                   ;I;4010;0042000006;OBRIGACOES POR OPERACOES COMPROMISSADAS           ; 0000003287129922,41
200505;33987793;BI CREDIT SUISSE (BRASIL)                                   ;I;4010;0042100009;CARTEIRA PROPRIA                                  ; 0000001142347668,49
200505;33987793;BI CREDIT SUISSE (BRASIL)                                   ;I;4010;0042200002;CARTEIRA DE TERCEIROS                             ; 0000002144782253,92
200505;33987793;BI CREDIT SUISSE (BRASIL)                                   ;I;4010;0043000005;RECURSOS ACEITES CAMB,LI E HIP.,DEBENT.E SIMILARES; 0000000168777475,22
200505;33987793;BI CREDIT SUISSE (BRASIL)                                   ;I;4010;0043500000;OBRIGACOES P/TITULOS E VALS.MOBILIARIOS EXTERIOR  ; 0000000168777475,22
200505;33987793;BI CREDIT SUISSE (BRASIL)                                   ;I;4010;0046000002;OBRIGACOES POR EMPRESTIMOS E REPASSES             ; 0000000754694264,38
200505;33987793;BI CREDIT SUISSE (BRASIL)                                   ;I;4010;0046300001;EMPRESTIMOS NO EXTERIOR                           ; 0000000754694264,38
200505;33987793;BI CREDIT SUISSE (BRASIL)                                   ;I;4010;0047000001;INSTRUMENTOS FINANCEIROS DERIVATIVOS              ; 0000001196910809,09
200505;33987793;BI CREDIT SUISSE (BRASIL)                                   ;I;4010;0047100004;INSTRUMENTOS FINANCEIROS DERIVATIVOS              ; 0000001196910809,09
200505;33987793;BI CREDIT SUISSE (BRASIL)                                   ;I;4010;0049000009;OUTRAS OBRIGACOES                                 ; 0000001853023660,31
200505;33987793;BI CREDIT SUISSE (BRASIL)                                   ;I;4010;0049100002;COBRANCA E ARRECADACAO DE TRIBUTOS E ASSEMELHADOS ; 0000000000000256,70
200505;33987793;BI CREDIT SUISSE (BRASIL)                                   ;I;4010;0049200005;CARTEIRA DE CAMBIO                                ; 0000001502018548,26
200505;33987793;BI CREDIT SUISSE (BRASIL)                                   ;I;4010;0049400001;FISCAIS E PREVIDENCIARIAS                         ; 0000000060998127,70
200505;33987793;BI CREDIT SUISSE (BRASIL)                                   ;I;4010;0049500004;NEGOCIACAO E INTERMEDIACAO DE VALORES             ; 0000000165412810,05
200505;33987793;BI CREDIT SUISSE (BRASIL)                                   ;I;4010;0049900006;DIVERSAS                                          ; 0000000124593917,60
200505;33987793;BI CREDIT SUISSE (BRASIL)                                   ;I;4010;0050000005;RESULTADOS DE EXERCICIOS FUTUROS                  ; 0000000002077180,05
200505;33987793;BI CREDIT SUISSE (BRASIL)                                   ;I;4010;0051000004;RECEITAS DE EXERCICIOS FUTUROS                    ; 0000000002077180,05
200505;33987793;BI CREDIT SUISSE (BRASIL)                                   ;I;4010;0051100007;RECEITAS DE EXERCICIOS FUTUROS                    ; 0000000002077180,05
200505;33987793;BI CREDIT SUISSE (BRASIL)                                   ;I;4010;0060000002;PATRIMONIO LIQUIDO                                ; 0000000699111006,30
200505;33987793;BI CREDIT SUISSE (BRASIL)                                   ;I;4010;0061000001;PATRIMONIO LIQUIDO                                ; 0000000699111006,30
200505;33987793;BI CREDIT SUISSE (BRASIL)                                   ;I;4010;0061100004;CAPITAL SOCIAL                                    ; 0000000164833781,59
200505;33987793;BI CREDIT SUISSE (BRASIL)                                   ;I;4010;0061300000;RESERVAS DE CAPITAL                               ; 0000000001393827,12
200505;33987793;BI CREDIT SUISSE (BRASIL)                                   ;I;4010;0061500006;RESERVAS DE LUCROS                                ; 0000000032966756,32
200505;33987793;BI CREDIT SUISSE (BRASIL)                                   ;I;4010;0061600009;AJUSTES DE AVALIACAO PATRIMONIAL                  ;-0000000002868777,70
200505;33987793;BI CREDIT SUISSE (BRASIL)                                   ;I;4010;0061800005;LUCROS OU PREJUIZOS ACUMULADOS                    ; 0000000712302418,97
200505;33987793;BI CREDIT SUISSE (BRASIL)                                   ;I;4010;0061900008;(-) ACOES EM TESOURARIA                           ;-0000000209517000,00
200505;33987793;BI CREDIT SUISSE (BRASIL)                                   ;I;4010;0070000009;CONTAS DE RESULTADO CREDORAS                      ; 0000002002544560,39
200505;33987793;BI CREDIT SUISSE (BRASIL)                                   ;I;4010;0071000008;RECEITAS OPERACIONAIS                             ; 0000002002542869,02
200505;33987793;BI CREDIT SUISSE (BRASIL)                                   ;I;4010;0071100001;RENDAS DE OPERACOES DE CREDITO                    ; 0000000002782977,12
200505;33987793;BI CREDIT SUISSE (BRASIL)                                   ;I;4010;0071300007;RENDAS DE CAMBIO                                  ; 0000000046830634,80
200505;33987793;BI CREDIT SUISSE (BRASIL)                                   ;I;4010;0071400000;RENDAS DE APLICACOES INTERFINANCEIRAS DE LIQUIDEZ ; 0000000322922982,19
200505;33987793;BI CREDIT SUISSE (BRASIL)                                   ;I;4010;0071500003;RENDAS COM TIT. E VAL. MOB. E INST. FINANC. DERIV.; 0000001321418834,83
200505;33987793;BI CREDIT SUISSE (BRASIL)                                   ;I;4010;0071700009;RENDAS DE PRESTACAO DE SERVICOS                   ; 0000000040279978,19
200505;33987793;BI CREDIT SUISSE (BRASIL)                                   ;I;4010;0071800002;RENDAS DE PARTICIPACOES                           ; 0000000194660898,27
200505;33987793;BI CREDIT SUISSE (BRASIL)                                   ;I;4010;0071900005;OUTRAS RECEITAS OPERACIONAIS                      ; 0000000073646563,62
200505;33987793;BI CREDIT SUISSE (BRASIL)                                   ;I;4010;0073000006;RECEITAS NAO OPERACIONAIS                         ; 0000000000001691,37
200505;33987793;BI CREDIT SUISSE (BRASIL)                                   ;I;4010;0073100009;LUCROS EM TRANSACOES COM VALORES E BENS           ; 0000000000001691,37
200505;33987793;BI CREDIT SUISSE (BRASIL)                                   ;I;4010;0080000006;(-) CONTAS DE RESULTADO DEVEDORAS                 ;-0000001943064888,50
200505;33987793;BI CREDIT SUISSE (BRASIL)                                   ;I;4010;0081000005;(-) DESPESAS OPERACIONAIS                         ;-0000001940304079,68
200505;33987793;BI CREDIT SUISSE (BRASIL)                                   ;I;4010;0081100008;(-) DESPESAS DE CAPTACAO                          ;-0000000375206331,65
200505;33987793;BI CREDIT SUISSE (BRASIL)                                   ;I;4010;0081200001;(-) DESP DE OBRIGACOES POR EMPRESTIMOS E REPASSES ;-0000000056582479,17
200505;33987793;BI CREDIT SUISSE (BRASIL)                                   ;I;4010;0081400007;(-) DESPESAS DE CAMBIO                            ;-0000000005137888,02
200505;33987793;BI CREDIT SUISSE (BRASIL)                                   ;I;4010;0081500000;(-) DESP. COM TIT. E VAL. MOB. E INST. FIN. DERIV.;-0000001396239857,56
200505;33987793;BI CREDIT SUISSE (BRASIL)                                   ;I;4010;0081700006;(-) DESPESAS ADMINISTRATIVAS                      ;-0000000032707666,37
200505;33987793;BI CREDIT SUISSE (BRASIL)                                   ;I;4010;0081800009;(-) APROVISIONAMENTOS E AJUSTES PATRIMONIAIS      ;-0000000001210000,01
200505;33987793;BI CREDIT SUISSE (BRASIL)                                   ;I;4010;0081900002;(-) OUTRAS DESPESAS OPERACIONAIS                  ;-0000000073219856,90
200505;33987793;BI CREDIT SUISSE (BRASIL)                                   ;I;4010;0083000003;(-) DESPESAS NAO OPERACIONAIS                     ;-0000000000000241,61
200505;33987793;BI CREDIT SUISSE (BRASIL)                                   ;I;4010;0083100006;(-) PREJUIZOS EM TRANSACOES COM VALORES E BENS    ;-0000000000000241,61
200505;33987793;BI CREDIT SUISSE (BRASIL)                                   ;I;4010;0089000007;(-) APURACAO DE RESULTADO                         ;-0000000002760567,21
200505;33987793;BI CREDIT SUISSE (BRASIL)                                   ;I;4010;0089400009;(-) IMPOSTO DE RENDA                              ;-0000000002469106,51
200505;33987793;BI CREDIT SUISSE (BRASIL)                                   ;I;4010;0089700008;(-) PARTICIPACOES NO LUCRO                        ;-0000000000291460,70
200505;33987793;BI CREDIT SUISSE (BRASIL)                                   ;I;4010;0090000003;COMPENSACAO                                       ; 0000127938683260,05
200505;33987793;BI CREDIT SUISSE (BRASIL)                                   ;I;4010;0090100006;COOBRIGACOES E RISCOS EM GARANTIAS PRESTADAS      ; 0000000354474113,35
200505;33987793;BI CREDIT SUISSE (BRASIL)                                   ;I;4010;0090300002;TITULOS E VALORES MOBILIARIOS                     ; 0000005531300445,43
200505;33987793;BI CREDIT SUISSE (BRASIL)                                   ;I;4010;0090400005;CUSTODIA DE VALORES                               ; 0000019216974145,17
200505;33987793;BI CREDIT SUISSE (BRASIL)                                   ;I;4010;0090600001;NEGOCIACAO E INTERMEDIACAO DE VALORES             ; 0000089659617687,80
200505;33987793;BI CREDIT SUISSE (BRASIL)                                   ;I;4010;0090800007;CONTRATOS                                         ; 0000003239479245,60
200505;33987793;BI CREDIT SUISSE (BRASIL)                                   ;I;4010;0090900000;CONTROLE                                          ; 0000009521108608,14
200505;33987793;BI CREDIT SUISSE (BRASIL)                                   ;I;4010;0091000002;CLASSIFICACAO DA CARTEIRA DE CREDITOS             ; 0000000415729014,56
200505;33987793;BI CREDIT SUISSE (BRASIL)                                   ;I;4010;0091100005;OPERACOES DE CREDITOS E ARRENDAMENTO MERCANTIL    ; 0000000415729014,56
200505;33987793;BI CREDIT SUISSE (BRASIL)                                   ;I;4010;0099999995;TOTAL GERAL DO PASSIVO                            ; 0000137767570295,40
200505;34098442;BANCO CITICARD                                              ;U;4010;0010000007;CIRCULANTE E REALIZAVEL A LONGO PRAZO             ; 0000005361098459,05
200505;34098442;BANCO CITICARD                                              ;U;4010;0011000006;DISPONIBILIDADES                                  ; 0000000030591513,60
200505;34098442;BANCO CITICARD                                              ;U;4010;0011200002;DEPOSITOS BANCARIOS                               ; 0000000030591513,60
200505;34098442;BANCO CITICARD                                              ;U;4010;0012000005;APLICACOES INTERFINANCEIRAS DE LIQUIDEZ           ; 0000000112054345,71
200505;34098442;BANCO CITICARD                                              ;U;4010;0012200001;APLICACOES EM DEPOSITOS INTERFINANCEIROS          ; 0000000112054345,71
200505;34098442;BANCO CITICARD                                              ;U;4010;0013000004;TITULOS E VAL. MOB. E INST. FINANC. DERIVATIVOS   ; 0000000181335943,95
200505;34098442;BANCO CITICARD                                              ;U;4010;0013100007;LIVRES                                            ; 0000000178790213,88
200505;34098442;BANCO CITICARD                                              ;U;4010;0013600002;VINCULADOS A PRESTACAO DE GARANTIAS               ; 0000000002545730,07
200505;34098442;BANCO CITICARD                                              ;U;4010;0016000001;OPERACOES DE CREDITO                              ; 0000001450220927,94
200505;34098442;BANCO CITICARD                                              ;U;4010;0016100004;EMPRESTIMOS E TITULOS DESCONTADOS                 ; 0000001820039259,79
200505;34098442;BANCO CITICARD                                              ;U;4010;0016900008;(-) PROVISOES PARA OPERACOES DE CREDITO           ;-0000000369818331,85
200505;34098442;BANCO CITICARD                                              ;U;4010;0018000009;OUTROS CREDITOS                                   ; 0000003576209910,03
200505;34098442;BANCO CITICARD                                              ;U;4010;0018300008;RENDAS A RECEBER                                  ; 0000000014249017,28
200505;34098442;BANCO CITICARD                                              ;U;4010;0018800003;DIVERSOS                                          ; 0000003786831993,33
200505;34098442;BANCO CITICARD                                              ;U;4010;0018900006;(-) PROVISOES PARA OUTROS CREDITOS                ;-0000000224871100,58
200505;34098442;BANCO CITICARD                                              ;U;4010;0019000008;OUTROS VALORES E BENS                             ; 0000000010685817,82
200505;34098442;BANCO CITICARD                                              ;U;4010;0019800002;OUTROS VALORES E BENS                             ; 0000000004296280,53
200505;34098442;BANCO CITICARD                                              ;U;4010;0019900005;DESPESAS ANTECIPADAS                              ; 0000000006389537,29
200505;34098442;BANCO CITICARD                                              ;U;4010;0020000004;PERMANENTE                                        ; 0000000014922960,04
200505;34098442;BANCO CITICARD                                              ;U;4010;0021000003;INVESTIMENTOS                                     ; 0000000004289430,10
200505;34098442;BANCO CITICARD                                              ;U;4010;0021200009;PARTICIPACOES EM COLIGADAS E CONTROLADAS NO PAIS  ; 0000000004034474,38
200505;34098442;BANCO CITICARD                                              ;U;4010;0021400005;TITULOS PATRIMONIAIS                              ; 0000000000009000,00
200505;34098442;BANCO CITICARD                                              ;U;4010;0021900000;OUTROS INVESTIMENTOS                              ; 0000000000245955,72
200505;34098442;BANCO CITICARD                                              ;U;4010;0022000002;IMOBILIZADO DE USO                                ; 0000000007777781,32
200505;34098442;BANCO CITICARD                                              ;U;4010;0022200008;IMOBILIZACOES EM CURSO                            ; 0000000000047713,81
200505;34098442;BANCO CITICARD                                              ;U;4010;0022400004;INSTALACOES, MOVEIS E EQUIPAMENTOS DE USO         ; 0000000003982272,56
200505;34098442;BANCO CITICARD                                              ;U;4010;0022900009;OUTROS                                            ; 0000000003747794,95
200505;34098442;BANCO CITICARD                                              ;U;4010;0024000000;DIFERIDO                                          ; 0000000002855748,62
200505;34098442;BANCO CITICARD                                              ;U;4010;0024100003;GASTOS DE ORGANIZACAO E EXPANSAO                  ; 0000000002855748,62
200505;34098442;BANCO CITICARD                                              ;U;4010;0030000001;COMPENSACAO                                       ; 0000017619416441,49
200505;34098442;BANCO CITICARD                                              ;U;4010;0030300000;TITULOS E VALORES MOBILIARIOS                     ; 0000000362671887,90
200505;34098442;BANCO CITICARD                                              ;U;4010;0030400003;CUSTODIA DE VALORES                               ; 0000000075236658,00
200505;34098442;BANCO CITICARD                                              ;U;4010;0030800005;CONTRATOS                                         ; 0000000011971923,00
200505;34098442;BANCO CITICARD                                              ;U;4010;0030900008;CONTROLE                                          ; 0000012213117334,05
200505;34098442;BANCO CITICARD                                              ;U;4010;0031000000;CLASSIFICACAO DA CARTEIRA DE CREDITOS             ; 0000004956418638,54
200505;34098442;BANCO CITICARD                                              ;U;4010;0031200006;OPERACOES DE RISCO NIVEL A                        ; 0000004212810456,99
200505;34098442;BANCO CITICARD                                              ;U;4010;0031300009;OPERACOES DE RISCO NIVELB                         ; 0000000151542240,47
200505;34098442;BANCO CITICARD                                              ;U;4010;0031400002;OPERACOES DE RISCO NIVELC                         ; 0000000113139190,76
200505;34098442;BANCO CITICARD                                              ;U;4010;0031500005;OPERACOES DE RISCO NIVEL D                        ; 0000000064481295,47
200505;34098442;BANCO CITICARD                                              ;U;4010;0031600008;OPERACOES DE RISCO NIVEL E                        ; 0000000065877022,11
200505;34098442;BANCO CITICARD                                              ;U;4010;0031700001;OPERACOES DE RISCO NIVEL F                        ; 0000000055030757,20
200505;34098442;BANCO CITICARD                                              ;U;4010;0031800004;OPERACOES DE RISCO NIVEL G                        ; 0000000039572968,04
200505;34098442;BANCO CITICARD                                              ;U;4010;0031900007;OPERACOES DE RISCO NIVEL H                        ; 0000000253964707,50
200505;34098442;BANCO CITICARD                                              ;U;4010;0039999993;TOTAL GERAL DO ATIVO                              ; 0000022995437860,58
200505;34098442;BANCO CITICARD                                              ;U;4010;0040000008;CIRCULANTE EXIGIVEL A LONGO PRAZO                 ; 0000005037441178,75
200505;34098442;BANCO CITICARD                                              ;U;4010;0041000007;DEPOSITOS                                         ; 0000001132439608,41
200505;34098442;BANCO CITICARD                                              ;U;4010;0041300006;DEPOSITOS INTERFINANCEIROS                        ; 0000001132439608,41
200505;34098442;BANCO CITICARD                                              ;U;4010;0046000002;OBRIGACOES POR EMPRESTIMOS E REPASSES             ; 0000000029569834,82
200505;34098442;BANCO CITICARD                                              ;U;4010;0046300001;EMPRESTIMOS NO EXTERIOR                           ; 0000000029569834,82
200505;34098442;BANCO CITICARD                                              ;U;4010;0049000009;OUTRAS OBRIGACOES                                 ; 0000003875431735,52
200505;34098442;BANCO CITICARD                                              ;U;4010;0049100002;COBRANCA E ARRECADACAO DE TRIBUTOS E ASSEMELHADOS ; 0000000000505742,51
200505;34098442;BANCO CITICARD                                              ;U;4010;0049300008;SOCIAIS E ESTATUTARIAS                            ; 0000000010323650,41
200505;34098442;BANCO CITICARD                                              ;U;4010;0049400001;FISCAIS E PREVIDENCIARIAS                         ; 0000000462264513,93
200505;34098442;BANCO CITICARD                                              ;U;4010;0049900006;DIVERSAS                                          ; 0000003402337828,67
200505;34098442;BANCO CITICARD                                              ;U;4010;0060000002;PATRIMONIO LIQUIDO                                ; 0000000158052534,54
200505;34098442;BANCO CITICARD                                              ;U;4010;0061000001;PATRIMONIO LIQUIDO                                ; 0000000158052534,54
200505;34098442;BANCO CITICARD                                              ;U;4010;0061100004;CAPITAL SOCIAL                                    ; 0000000181795000,00
200505;34098442;BANCO CITICARD                                              ;U;4010;0061300000;RESERVAS DE CAPITAL                               ; 0000000066399364,03
200505;34098442;BANCO CITICARD                                              ;U;4010;0061500006;RESERVAS DE LUCROS                                ; 0000000012132303,41
200505;34098442;BANCO CITICARD                                              ;U;4010;0061600009;AJUSTES DE AVALIACAO PATRIMONIAL                  ; 0000000000176824,53
200505;34098442;BANCO CITICARD                                              ;U;4010;0061800005;LUCROS OU PREJUIZOS ACUMULADOS                    ;-0000000102450957,43
200505;34098442;BANCO CITICARD                                              ;U;4010;0070000009;CONTAS DE RESULTADO CREDORAS                      ; 0000001265772371,57
200505;34098442;BANCO CITICARD                                              ;U;4010;0071000008;RECEITAS OPERACIONAIS                             ; 0000001265220774,82
200505;34098442;BANCO CITICARD                                              ;U;4010;0071100001;RENDAS DE OPERACOES DE CREDITO                    ; 0000000639175390,87
200505;34098442;BANCO CITICARD                                              ;U;4010;0071400000;RENDAS DE APLICACOES INTERFINANCEIRAS DE LIQUIDEZ ; 0000000006668942,67
200505;34098442;BANCO CITICARD                                              ;U;4010;0071500003;RENDAS COM TIT. E VAL. MOB. E INST. FINANC. DERIV.; 0000000017026502,27
200505;34098442;BANCO CITICARD                                              ;U;4010;0071700009;RENDAS DE PRESTACAO DE SERVICOS                   ; 0000000352391400,31
200505;34098442;BANCO CITICARD                                              ;U;4010;0071900005;OUTRAS RECEITAS OPERACIONAIS                      ; 0000000249958538,70
200505;34098442;BANCO CITICARD                                              ;U;4010;0073000006;RECEITAS NAO OPERACIONAIS                         ; 0000000000551596,75
200505;34098442;BANCO CITICARD                                              ;U;4010;0073100009;LUCROS EM TRANSACOES COM VALORES E BENS           ; 0000000000005750,00
200505;34098442;BANCO CITICARD                                              ;U;4010;0073900003;OUTRAS RECEITAS NAO OPERACIONAIS                  ; 0000000000545846,75
200505;34098442;BANCO CITICARD                                              ;U;4010;0080000006;(-) CONTAS DE RESULTADO DEVEDORAS                 ;-0000001085244665,77
200505;34098442;BANCO CITICARD                                              ;U;4010;0081000005;(-) DESPESAS OPERACIONAIS                         ;-0000000988924976,18
200505;34098442;BANCO CITICARD                                              ;U;4010;0081100008;(-) DESPESAS DE CAPTACAO                          ;-0000000081172111,81
200505;34098442;BANCO CITICARD                                              ;U;4010;0081200001;(-) DESP DE OBRIGACOES POR EMPRESTIMOS E REPASSES ;-0000000000838335,46
200505;34098442;BANCO CITICARD                                              ;U;4010;0081700006;(-) DESPESAS ADMINISTRATIVAS                      ;-0000000436665354,39
200505;34098442;BANCO CITICARD                                              ;U;4010;0081800009;(-) APROVISIONAMENTOS E AJUSTES PATRIMONIAIS      ;-0000000200358079,17
200505;34098442;BANCO CITICARD                                              ;U;4010;0081900002;(-) OUTRAS DESPESAS OPERACIONAIS                  ;-0000000269891095,35
200505;34098442;BANCO CITICARD                                              ;U;4010;0083000003;(-) DESPESAS NAO OPERACIONAIS                     ;-0000000000078857,12
200505;34098442;BANCO CITICARD                                              ;U;4010;0083100006;(-) PREJUIZOS EM TRANSACOES COM VALORES E BENS    ;-0000000000078857,12
200505;34098442;BANCO CITICARD                                              ;U;4010;0089000007;(-) APURACAO DE RESULTADO                         ;-0000000096240832,47
200505;34098442;BANCO CITICARD                                              ;U;4010;0089400009;(-) IMPOSTO DE RENDA                              ;-0000000091238683,16
200505;34098442;BANCO CITICARD                                              ;U;4010;0089700008;(-) PARTICIPACOES NO LUCRO                        ;-0000000005002149,31
200505;34098442;BANCO CITICARD                                              ;U;4010;0090000003;COMPENSACAO                                       ; 0000017619416441,49
200505;34098442;BANCO CITICARD                                              ;U;4010;0090300002;TITULOS E VALORES MOBILIARIOS                     ; 0000000362671887,90
200505;34098442;BANCO CITICARD                                              ;U;4010;0090400005;CUSTODIA DE VALORES                               ; 0000000075236658,00
200505;34098442;BANCO CITICARD                                              ;U;4010;0090800007;CONTRATOS                                         ; 0000000011971923,00
200505;34098442;BANCO CITICARD                                              ;U;4010;0090900000;CONTROLE                                          ; 0000012213117334,05
200505;34098442;BANCO CITICARD                                              ;U;4010;0091000002;CLASSIFICACAO DA CARTEIRA DE CREDITOS             ; 0000004956418638,54
200505;34098442;BANCO CITICARD                                              ;U;4010;0091100005;OPERACOES DE CREDITOS E ARRENDAMENTO MERCANTIL    ; 0000004956418638,54
200505;34098442;BANCO CITICARD                                              ;U;4010;0099999995;TOTAL GERAL DO PASSIVO                            ; 0000022995437860,58
200505;34111187;BES INVEST.BRASIL S.A. - BI                                 ;I;4010;0010000007;CIRCULANTE E REALIZAVEL A LONGO PRAZO             ; 0000001234294717,90
200505;34111187;BES INVEST.BRASIL S.A. - BI                                 ;I;4010;0011000006;DISPONIBILIDADES                                  ; 0000000000262336,72
200505;34111187;BES INVEST.BRASIL S.A. - BI                                 ;I;4010;0011100009;CAIXA                                             ; 0000000000002000,00
200505;34111187;BES INVEST.BRASIL S.A. - BI                                 ;I;4010;0011200002;DEPOSITOS BANCARIOS                               ; 0000000000097835,49
200505;34111187;BES INVEST.BRASIL S.A. - BI                                 ;I;4010;0011500001;DISPONIBILIDADES EM MOEDAS ESTRANGEIRAS           ; 0000000000162501,23
200505;34111187;BES INVEST.BRASIL S.A. - BI                                 ;I;4010;0012000005;APLICACOES INTERFINANCEIRAS DE LIQUIDEZ           ; 0000000070433140,57
200505;34111187;BES INVEST.BRASIL S.A. - BI                                 ;I;4010;0012100008;APLICACOES EM OPERACOES COMPROMISSADAS            ; 0000000006849849,83
200505;34111187;BES INVEST.BRASIL S.A. - BI                                 ;I;4010;0012200001;APLICACOES EM DEPOSITOS INTERFINANCEIROS          ; 0000000063583290,74
200505;34111187;BES INVEST.BRASIL S.A. - BI                                 ;I;4010;0013000004;TITULOS E VAL. MOB. E INST. FINANC. DERIVATIVOS   ; 0000001151385533,82
200505;34111187;BES INVEST.BRASIL S.A. - BI                                 ;I;4010;0013100007;LIVRES                                            ; 0000000327731097,96
200505;34111187;BES INVEST.BRASIL S.A. - BI                                 ;I;4010;0013200000;VINCULADOS A OPERACOES COMPROMISSADAS             ; 0000000560979043,76
200505;34111187;BES INVEST.BRASIL S.A. - BI                                 ;I;4010;0013300003;INSTRUMENTOS FINANCEIROS DERIVATIVOS              ; 0000000112698028,14
200505;34111187;BES INVEST.BRASIL S.A. - BI                                 ;I;4010;0013600002;VINCULADOS A PRESTACAO DE GARANTIAS               ; 0000000149977363,96
200505;34111187;BES INVEST.BRASIL S.A. - BI                                 ;I;4010;0018000009;OUTROS CREDITOS                                   ; 0000000012004173,58
200505;34111187;BES INVEST.BRASIL S.A. - BI                                 ;I;4010;0018200005;CARTEIRA DE CAMBIO                                ; 0000000001438888,07
200505;34111187;BES INVEST.BRASIL S.A. - BI                                 ;I;4010;0018300008;RENDAS A RECEBER                                  ; 0000000003514789,81
200505;34111187;BES INVEST.BRASIL S.A. - BI                                 ;I;4010;0018400001;NEGOCIACAO E INTERMEDIACAO DE VALORES             ; 0000000004554354,94
200505;34111187;BES INVEST.BRASIL S.A. - BI                                 ;I;4010;0018800003;DIVERSOS                                          ; 0000000002496140,76
200505;34111187;BES INVEST.BRASIL S.A. - BI                                 ;I;4010;0019000008;OUTROS VALORES E BENS                             ; 0000000000209533,21
200505;34111187;BES INVEST.BRASIL S.A. - BI                                 ;I;4010;0019900005;DESPESAS ANTECIPADAS                              ; 0000000000209533,21
200505;34111187;BES INVEST.BRASIL S.A. - BI                                 ;I;4010;0020000004;PERMANENTE                                        ; 0000000044522392,45
200505;34111187;BES INVEST.BRASIL S.A. - BI                                 ;I;4010;0021000003;INVESTIMENTOS                                     ; 0000000041022938,60
200505;34111187;BES INVEST.BRASIL S.A. - BI                                 ;I;4010;0021200009;PARTICIPACOES EM COLIGADAS E CONTROLADAS NO PAIS  ; 0000000040817903,05
200505;34111187;BES INVEST.BRASIL S.A. - BI                                 ;I;4010;0021400005;TITULOS PATRIMONIAIS                              ; 0000000000201035,55
200505;34111187;BES INVEST.BRASIL S.A. - BI                                 ;I;4010;0021900000;OUTROS INVESTIMENTOS                              ; 0000000000004000,00
200505;34111187;BES INVEST.BRASIL S.A. - BI                                 ;I;4010;0022000002;IMOBILIZADO DE USO                                ; 0000000001956260,56
200505;34111187;BES INVEST.BRASIL S.A. - BI                                 ;I;4010;0022400004;INSTALACOES, MOVEIS E EQUIPAMENTOS DE USO         ; 0000000000768781,13
200505;34111187;BES INVEST.BRASIL S.A. - BI                                 ;I;4010;0022900009;OUTROS                                            ; 0000000001187479,43
200505;34111187;BES INVEST.BRASIL S.A. - BI                                 ;I;4010;0024000000;DIFERIDO                                          ; 0000000001543193,29
200505;34111187;BES INVEST.BRASIL S.A. - BI                                 ;I;4010;0024100003;GASTOS DE ORGANIZACAO E EXPANSAO                  ; 0000000001543193,29
200505;34111187;BES INVEST.BRASIL S.A. - BI                                 ;I;4010;0030000001;COMPENSACAO                                       ; 0000004538860385,40
200505;34111187;BES INVEST.BRASIL S.A. - BI                                 ;I;4010;0030100004;COOBRIGACOES E RISCOS EM GARANTIAS PRESTADAS      ; 0000000030208025,29
200505;34111187;BES INVEST.BRASIL S.A. - BI                                 ;I;4010;0030300000;TITULOS E VALORES MOBILIARIOS                     ; 0000002084211294,21
200505;34111187;BES INVEST.BRASIL S.A. - BI                                 ;I;4010;0030400003;CUSTODIA DE VALORES                               ; 0000000000362163,31
200505;34111187;BES INVEST.BRASIL S.A. - BI                                 ;I;4010;0030600009;NEGOCIACAO E INTERMEDIACAO DE VALORES             ; 0000002393745296,84
200505;34111187;BES INVEST.BRASIL S.A. - BI                                 ;I;4010;0030800005;CONTRATOS                                         ; 0000000013385404,69
200505;34111187;BES INVEST.BRASIL S.A. - BI                                 ;I;4010;0030900008;CONTROLE                                          ; 0000000016948201,06
200505;34111187;BES INVEST.BRASIL S.A. - BI                                 ;I;4010;0039999993;TOTAL GERAL DO ATIVO                              ; 0000005817677495,75
200505;34111187;BES INVEST.BRASIL S.A. - BI                                 ;I;4010;0040000008;CIRCULANTE EXIGIVEL A LONGO PRAZO                 ; 0000001189655536,38
200505;34111187;BES INVEST.BRASIL S.A. - BI                                 ;I;4010;0041000007;DEPOSITOS                                         ; 0000000617619721,59
200505;34111187;BES INVEST.BRASIL S.A. - BI                                 ;I;4010;0041500002;DEPOSITOS A PRAZO                                 ; 0000000617619721,59
200505;34111187;BES INVEST.BRASIL S.A. - BI                                 ;I;4010;0042000006;OBRIGACOES POR OPERACOES COMPROMISSADAS           ; 0000000553666994,33
200505;34111187;BES INVEST.BRASIL S.A. - BI                                 ;I;4010;0042100009;CARTEIRA PROPRIA                                  ; 0000000553666994,33
200505;34111187;BES INVEST.BRASIL S.A. - BI                                 ;I;4010;0047000001;INSTRUMENTOS FINANCEIROS DERIVATIVOS              ; 0000000006427133,43
200505;34111187;BES INVEST.BRASIL S.A. - BI                                 ;I;4010;0047100004;INSTRUMENTOS FINANCEIROS DERIVATIVOS              ; 0000000006427133,43
200505;34111187;BES INVEST.BRASIL S.A. - BI                                 ;I;4010;0049000009;OUTRAS OBRIGACOES                                 ; 0000000011941687,03
200505;34111187;BES INVEST.BRASIL S.A. - BI                                 ;I;4010;0049200005;CARTEIRA DE CAMBIO                                ; 0000000001413140,17
200505;34111187;BES INVEST.BRASIL S.A. - BI                                 ;I;4010;0049300008;SOCIAIS E ESTATUTARIAS                            ; 0000000000000001,31
200505;34111187;BES INVEST.BRASIL S.A. - BI                                 ;I;4010;0049400001;FISCAIS E PREVIDENCIARIAS                         ; 0000000008033622,12
200505;34111187;BES INVEST.BRASIL S.A. - BI                                 ;I;4010;0049900006;DIVERSAS                                          ; 0000000002494923,43
200505;34111187;BES INVEST.BRASIL S.A. - BI                                 ;I;4010;0050000005;RESULTADOS DE EXERCICIOS FUTUROS                  ; 0000000000101099,59
200505;34111187;BES INVEST.BRASIL S.A. - BI                                 ;I;4010;0051000004;RECEITAS DE EXERCICIOS FUTUROS                    ; 0000000000101099,59
200505;34111187;BES INVEST.BRASIL S.A. - BI                                 ;I;4010;0051100007;RECEITAS DE EXERCICIOS FUTUROS                    ; 0000000000101099,59
200505;34111187;BES INVEST.BRASIL S.A. - BI                                 ;I;4010;0060000002;PATRIMONIO LIQUIDO                                ; 0000000082818107,16
200505;34111187;BES INVEST.BRASIL S.A. - BI                                 ;I;4010;0061000001;PATRIMONIO LIQUIDO                                ; 0000000082818107,16
200505;34111187;BES INVEST.BRASIL S.A. - BI                                 ;I;4010;0061100004;CAPITAL SOCIAL                                    ; 0000000046467758,39
200505;34111187;BES INVEST.BRASIL S.A. - BI                                 ;I;4010;0061300000;RESERVAS DE CAPITAL                               ; 0000000001391931,21
200505;34111187;BES INVEST.BRASIL S.A. - BI                                 ;I;4010;0061500006;RESERVAS DE LUCROS                                ; 0000000004505459,14
200505;34111187;BES INVEST.BRASIL S.A. - BI                                 ;I;4010;0061800005;LUCROS OU PREJUIZOS ACUMULADOS                    ; 0000000030452958,42
200505;34111187;BES INVEST.BRASIL S.A. - BI                                 ;I;4010;0070000009;CONTAS DE RESULTADO CREDORAS                      ; 0000000490577881,71
200505;34111187;BES INVEST.BRASIL S.A. - BI                                 ;I;4010;0071000008;RECEITAS OPERACIONAIS                             ; 0000000490300312,04
200505;34111187;BES INVEST.BRASIL S.A. - BI                                 ;I;4010;0071300007;RENDAS DE CAMBIO                                  ; 0000000011363374,38
200505;34111187;BES INVEST.BRASIL S.A. - BI                                 ;I;4010;0071400000;RENDAS DE APLICACOES INTERFINANCEIRAS DE LIQUIDEZ ; 0000000004279008,20
200505;34111187;BES INVEST.BRASIL S.A. - BI                                 ;I;4010;0071500003;RENDAS COM TIT. E VAL. MOB. E INST. FINANC. DERIV.; 0000000466417625,86
200505;34111187;BES INVEST.BRASIL S.A. - BI                                 ;I;4010;0071700009;RENDAS DE PRESTACAO DE SERVICOS                   ; 0000000003665221,40
200505;34111187;BES INVEST.BRASIL S.A. - BI                                 ;I;4010;0071800002;RENDAS DE PARTICIPACOES                           ; 0000000002661825,28
200505;34111187;BES INVEST.BRASIL S.A. - BI                                 ;I;4010;0071900005;OUTRAS RECEITAS OPERACIONAIS                      ; 0000000001913256,92
200505;34111187;BES INVEST.BRASIL S.A. - BI                                 ;I;4010;0073000006;RECEITAS NAO OPERACIONAIS                         ; 0000000000277569,67
200505;34111187;BES INVEST.BRASIL S.A. - BI                                 ;I;4010;0073900003;OUTRAS RECEITAS NAO OPERACIONAIS                  ; 0000000000277569,67
200505;34111187;BES INVEST.BRASIL S.A. - BI                                 ;I;4010;0080000006;(-) CONTAS DE RESULTADO DEVEDORAS                 ;-0000000484335514,49
200505;34111187;BES INVEST.BRASIL S.A. - BI                                 ;I;4010;0081000005;(-) DESPESAS OPERACIONAIS                         ;-0000000482830250,81
200505;34111187;BES INVEST.BRASIL S.A. - BI                                 ;I;4010;0081100008;(-) DESPESAS DE CAPTACAO                          ;-0000000068186802,52
200505;34111187;BES INVEST.BRASIL S.A. - BI                                 ;I;4010;0081200001;(-) DESP DE OBRIGACOES POR EMPRESTIMOS E REPASSES ;-0000000001225840,13
200505;34111187;BES INVEST.BRASIL S.A. - BI                                 ;I;4010;0081400007;(-) DESPESAS DE CAMBIO                            ;-0000000009579038,33
200505;34111187;BES INVEST.BRASIL S.A. - BI                                 ;I;4010;0081500000;(-) DESP. COM TIT. E VAL. MOB. E INST. FIN. DERIV.;-0000000391728351,18
200505;34111187;BES INVEST.BRASIL S.A. - BI                                 ;I;4010;0081600003;(-) DESPESAS DE PARTICIPACOES                     ;-0000000000051648,97
200505;34111187;BES INVEST.BRASIL S.A. - BI                                 ;I;4010;0081700006;(-) DESPESAS ADMINISTRATIVAS                      ;-0000000008357690,95
200505;34111187;BES INVEST.BRASIL S.A. - BI                                 ;I;4010;0081800009;(-) APROVISIONAMENTOS E AJUSTES PATRIMONIAIS      ;-0000000000375622,63
200505;34111187;BES INVEST.BRASIL S.A. - BI                                 ;I;4010;0081900002;(-) OUTRAS DESPESAS OPERACIONAIS                  ;-0000000003325256,10
200505;34111187;BES INVEST.BRASIL S.A. - BI                                 ;I;4010;0089000007;(-) APURACAO DE RESULTADO                         ;-0000000001505263,68
200505;34111187;BES INVEST.BRASIL S.A. - BI                                 ;I;4010;0089400009;(-) IMPOSTO DE RENDA                              ;-0000000000802332,53
200505;34111187;BES INVEST.BRASIL S.A. - BI                                 ;I;4010;0089700008;(-) PARTICIPACOES NO LUCRO                        ;-0000000000702931,15
200505;34111187;BES INVEST.BRASIL S.A. - BI                                 ;I;4010;0090000003;COMPENSACAO                                       ; 0000004538860385,40
200505;34111187;BES INVEST.BRASIL S.A. - BI                                 ;I;4010;0090100006;COOBRIGACOES E RISCOS EM GARANTIAS PRESTADAS      ; 0000000030208025,29
200505;34111187;BES INVEST.BRASIL S.A. - BI                                 ;I;4010;0090300002;TITULOS E VALORES MOBILIARIOS                     ; 0000002084211294,21
200505;34111187;BES INVEST.BRASIL S.A. - BI                                 ;I;4010;0090400005;CUSTODIA DE VALORES                               ; 0000000000362163,31
200505;34111187;BES INVEST.BRASIL S.A. - BI                                 ;I;4010;0090600001;NEGOCIACAO E INTERMEDIACAO DE VALORES             ; 0000002393745296,84
200505;34111187;BES INVEST.BRASIL S.A. - BI                                 ;I;4010;0090800007;CONTRATOS                                         ; 0000000013385404,69
200505;34111187;BES INVEST.BRASIL S.A. - BI                                 ;I;4010;0090900000;CONTROLE                                          ; 0000000016948201,06
200505;34111187;BES INVEST.BRASIL S.A. - BI                                 ;I;4010;0099999995;TOTAL GERAL DO PASSIVO                            ; 0000005817677495,75
200505;34169557;BCO MERCANTIL DE INVS S/A                                   ;I;4010;0010000007;CIRCULANTE E REALIZAVEL A LONGO PRAZO             ; 0000000041387260,50
200505;34169557;BCO MERCANTIL DE INVS S/A                                   ;I;4010;0011000006;DISPONIBILIDADES                                  ; 0000000000073814,64
200505;34169557;BCO MERCANTIL DE INVS S/A                                   ;I;4010;0011200002;DEPOSITOS BANCARIOS                               ; 0000000000073814,64
200505;34169557;BCO MERCANTIL DE INVS S/A                                   ;I;4010;0012000005;APLICACOES INTERFINANCEIRAS DE LIQUIDEZ           ; 0000000019947914,14
200505;34169557;BCO MERCANTIL DE INVS S/A                                   ;I;4010;0012100008;APLICACOES EM OPERACOES COMPROMISSADAS            ; 0000000019947914,14
200505;34169557;BCO MERCANTIL DE INVS S/A                                   ;I;4010;0016000001;OPERACOES DE CREDITO                              ; 0000000005739858,11
200505;34169557;BCO MERCANTIL DE INVS S/A                                   ;I;4010;0016100004;EMPRESTIMOS E TITULOS DESCONTADOS                 ; 0000000005831230,01
200505;34169557;BCO MERCANTIL DE INVS S/A                                   ;I;4010;0016900008;(-) PROVISOES PARA OPERACOES DE CREDITO           ;-0000000000091371,90
200505;34169557;BCO MERCANTIL DE INVS S/A                                   ;I;4010;0018000009;OUTROS CREDITOS                                   ; 0000000015616065,67
200505;34169557;BCO MERCANTIL DE INVS S/A                                   ;I;4010;0018800003;DIVERSOS                                          ; 0000000015616065,67
200505;34169557;BCO MERCANTIL DE INVS S/A                                   ;I;4010;0019000008;OUTROS VALORES E BENS                             ; 0000000000009607,94
200505;34169557;BCO MERCANTIL DE INVS S/A                                   ;I;4010;0019900005;DESPESAS ANTECIPADAS                              ; 0000000000009607,94
200505;34169557;BCO MERCANTIL DE INVS S/A                                   ;I;4010;0020000004;PERMANENTE                                        ; 0000000000343151,98
200505;34169557;BCO MERCANTIL DE INVS S/A                                   ;I;4010;0021000003;INVESTIMENTOS                                     ; 0000000000343151,98
200505;34169557;BCO MERCANTIL DE INVS S/A                                   ;I;4010;0021300002;INVESTIMENTOS POR INCENTIVOS FISCAIS              ; 0000000000020672,44
200505;34169557;BCO MERCANTIL DE INVS S/A                                   ;I;4010;0021400005;TITULOS PATRIMONIAIS                              ; 0000000000182105,31
200505;34169557;BCO MERCANTIL DE INVS S/A                                   ;I;4010;0021500008;ACOES E COTAS                                     ; 0000000000053682,59
200505;34169557;BCO MERCANTIL DE INVS S/A                                   ;I;4010;0021900000;OUTROS INVESTIMENTOS                              ; 0000000000086691,64
200505;34169557;BCO MERCANTIL DE INVS S/A                                   ;I;4010;0030000001;COMPENSACAO                                       ; 0000000038500104,32
200505;34169557;BCO MERCANTIL DE INVS S/A                                   ;I;4010;0030100004;COOBRIGACOES E RISCOS EM GARANTIAS PRESTADAS      ; 0000000000559171,27
200505;34169557;BCO MERCANTIL DE INVS S/A                                   ;I;4010;0030400003;CUSTODIA DE VALORES                               ; 0000000005732021,84
200505;34169557;BCO MERCANTIL DE INVS S/A                                   ;I;4010;0030500006;COBRANCA                                          ; 0000000016665677,62
200505;34169557;BCO MERCANTIL DE INVS S/A                                   ;I;4010;0030800005;CONTRATOS                                         ; 0000000000801000,00
200505;34169557;BCO MERCANTIL DE INVS S/A                                   ;I;4010;0030900008;CONTROLE                                          ; 0000000008911003,58
200505;34169557;BCO MERCANTIL DE INVS S/A                                   ;I;4010;0031000000;CLASSIFICACAO DA CARTEIRA DE CREDITOS             ; 0000000005831230,01
200505;34169557;BCO MERCANTIL DE INVS S/A                                   ;I;4010;0031100003;OPERACOES DE RISCO NIVEL AA                       ; 0000000005207778,45
200505;34169557;BCO MERCANTIL DE INVS S/A                                   ;I;4010;0031200006;OPERACOES DE RISCO NIVEL A                        ; 0000000000020218,95
200505;34169557;BCO MERCANTIL DE INVS S/A                                   ;I;4010;0031300009;OPERACOES DE RISCO NIVELB                         ; 0000000000407241,66
200505;34169557;BCO MERCANTIL DE INVS S/A                                   ;I;4010;0031600008;OPERACOES DE RISCO NIVEL E                        ; 0000000000053985,34
200505;34169557;BCO MERCANTIL DE INVS S/A                                   ;I;4010;0031700001;OPERACOES DE RISCO NIVEL F                        ; 0000000000142005,61
200505;34169557;BCO MERCANTIL DE INVS S/A                                   ;I;4010;0039999993;TOTAL GERAL DO ATIVO                              ; 0000000080230516,80
200505;34169557;BCO MERCANTIL DE INVS S/A                                   ;I;4010;0040000008;CIRCULANTE EXIGIVEL A LONGO PRAZO                 ; 0000000003186126,39
200505;34169557;BCO MERCANTIL DE INVS S/A                                   ;I;4010;0049000009;OUTRAS OBRIGACOES                                 ; 0000000003186126,39
200505;34169557;BCO MERCANTIL DE INVS S/A                                   ;I;4010;0049300008;SOCIAIS E ESTATUTARIAS                            ; 0000000000377736,83
200505;34169557;BCO MERCANTIL DE INVS S/A                                   ;I;4010;0049400001;FISCAIS E PREVIDENCIARIAS                         ; 0000000001558149,01
200505;34169557;BCO MERCANTIL DE INVS S/A                                   ;I;4010;0049900006;DIVERSAS                                          ; 0000000001250240,55
200505;34169557;BCO MERCANTIL DE INVS S/A                                   ;I;4010;0050000005;RESULTADOS DE EXERCICIOS FUTUROS                  ; 0000000000000012,20
200505;34169557;BCO MERCANTIL DE INVS S/A                                   ;I;4010;0051000004;RECEITAS DE EXERCICIOS FUTUROS                    ; 0000000000000012,20
200505;34169557;BCO MERCANTIL DE INVS S/A                                   ;I;4010;0051100007;RECEITAS DE EXERCICIOS FUTUROS                    ; 0000000000000012,20
200505;34169557;BCO MERCANTIL DE INVS S/A                                   ;I;4010;0060000002;PATRIMONIO LIQUIDO                                ; 0000000037435837,37
200505;34169557;BCO MERCANTIL DE INVS S/A                                   ;I;4010;0061000001;PATRIMONIO LIQUIDO                                ; 0000000037435837,37
200505;34169557;BCO MERCANTIL DE INVS S/A                                   ;I;4010;0061100004;CAPITAL SOCIAL                                    ; 0000000020077200,00
200505;34169557;BCO MERCANTIL DE INVS S/A                                   ;I;4010;0061300000;RESERVAS DE CAPITAL                               ; 0000000000890834,67
200505;34169557;BCO MERCANTIL DE INVS S/A                                   ;I;4010;0061500006;RESERVAS DE LUCROS                                ; 0000000016467802,70
200505;34169557;BCO MERCANTIL DE INVS S/A                                   ;I;4010;0070000009;CONTAS DE RESULTADO CREDORAS                      ; 0000000003006012,30
200505;34169557;BCO MERCANTIL DE INVS S/A                                   ;I;4010;0071000008;RECEITAS OPERACIONAIS                             ; 0000000003000937,40
200505;34169557;BCO MERCANTIL DE INVS S/A                                   ;I;4010;0071100001;RENDAS DE OPERACOES DE CREDITO                    ; 0000000000456052,86
200505;34169557;BCO MERCANTIL DE INVS S/A                                   ;I;4010;0071400000;RENDAS DE APLICACOES INTERFINANCEIRAS DE LIQUIDEZ ; 0000000000761332,73
200505;34169557;BCO MERCANTIL DE INVS S/A                                   ;I;4010;0071500003;RENDAS COM TIT. E VAL. MOB. E INST. FINANC. DERIV.; 0000000000679632,92
200505;34169557;BCO MERCANTIL DE INVS S/A                                   ;I;4010;0071700009;RENDAS DE PRESTACAO DE SERVICOS                   ; 0000000000253303,67
200505;34169557;BCO MERCANTIL DE INVS S/A                                   ;I;4010;0071900005;OUTRAS RECEITAS OPERACIONAIS                      ; 0000000000850615,22
200505;34169557;BCO MERCANTIL DE INVS S/A                                   ;I;4010;0073000006;RECEITAS NAO OPERACIONAIS                         ; 0000000000005074,90
200505;34169557;BCO MERCANTIL DE INVS S/A                                   ;I;4010;0073900003;OUTRAS RECEITAS NAO OPERACIONAIS                  ; 0000000000005074,90
200505;34169557;BCO MERCANTIL DE INVS S/A                                   ;I;4010;0080000006;(-) CONTAS DE RESULTADO DEVEDORAS                 ;-0000000001897575,78
200505;34169557;BCO MERCANTIL DE INVS S/A                                   ;I;4010;0081000005;(-) DESPESAS OPERACIONAIS                         ;-0000000001447183,33
200505;34169557;BCO MERCANTIL DE INVS S/A                                   ;I;4010;0081700006;(-) DESPESAS ADMINISTRATIVAS                      ;-0000000000388368,52
200505;34169557;BCO MERCANTIL DE INVS S/A                                   ;I;4010;0081800009;(-) APROVISIONAMENTOS E AJUSTES PATRIMONIAIS      ;-0000000000351161,31
200505;34169557;BCO MERCANTIL DE INVS S/A                                   ;I;4010;0081900002;(-) OUTRAS DESPESAS OPERACIONAIS                  ;-0000000000707653,50
200505;34169557;BCO MERCANTIL DE INVS S/A                                   ;I;4010;0083000003;(-) DESPESAS NAO OPERACIONAIS                     ;-0000000000005371,49
200505;34169557;BCO MERCANTIL DE INVS S/A                                   ;I;4010;0083900000;(-) OUTRAS DESPESAS NAO OPERACIONAIS              ;-0000000000005371,49
200505;34169557;BCO MERCANTIL DE INVS S/A                                   ;I;4010;0089000007;(-) APURACAO DE RESULTADO                         ;-0000000000445020,96
200505;34169557;BCO MERCANTIL DE INVS S/A                                   ;I;4010;0089400009;(-) IMPOSTO DE RENDA                              ;-0000000000445020,96
200505;34169557;BCO MERCANTIL DE INVS S/A                                   ;I;4010;0090000003;COMPENSACAO                                       ; 0000000038500104,32
200505;34169557;BCO MERCANTIL DE INVS S/A                                   ;I;4010;0090100006;COOBRIGACOES E RISCOS EM GARANTIAS PRESTADAS      ; 0000000000559171,27
200505;34169557;BCO MERCANTIL DE INVS S/A                                   ;I;4010;0090400005;CUSTODIA DE VALORES                               ; 0000000005732021,84
200505;34169557;BCO MERCANTIL DE INVS S/A                                   ;I;4010;0090500008;COBRANCA                                          ; 0000000016665677,62
200505;34169557;BCO MERCANTIL DE INVS S/A                                   ;I;4010;0090800007;CONTRATOS                                         ; 0000000000801000,00
200505;34169557;BCO MERCANTIL DE INVS S/A                                   ;I;4010;0090900000;CONTROLE                                          ; 0000000008911003,58
200505;34169557;BCO MERCANTIL DE INVS S/A                                   ;I;4010;0091000002;CLASSIFICACAO DA CARTEIRA DE CREDITOS             ; 0000000005831230,01
200505;34169557;BCO MERCANTIL DE INVS S/A                                   ;I;4010;0091100005;OPERACOES DE CREDITOS E ARRENDAMENTO MERCANTIL    ; 0000000005831230,01
200505;34169557;BCO MERCANTIL DE INVS S/A                                   ;I;4010;0099999995;TOTAL GERAL DO PASSIVO                            ; 0000000080230516,80
200505;34270520;BANCO IBM S.A.                                              ;U;4010;0010000007;CIRCULANTE E REALIZAVEL A LONGO PRAZO             ; 0000000207231175,01
200505;34270520;BANCO IBM S.A.                                              ;U;4010;0011000006;DISPONIBILIDADES                                  ; 0000000004016754,60
200505;34270520;BANCO IBM S.A.                                              ;U;4010;0011200002;DEPOSITOS BANCARIOS                               ; 0000000004016754,60
200505;34270520;BANCO IBM S.A.                                              ;U;4010;0013000004;TITULOS E VAL. MOB. E INST. FINANC. DERIVATIVOS   ; 0000000150531646,86
200505;34270520;BANCO IBM S.A.                                              ;U;4010;0013100007;LIVRES                                            ; 0000000150531646,86
200505;34270520;BANCO IBM S.A.                                              ;U;4010;0017000000;OPERACOES DE ARRENDAMENTO MERCANTIL               ;-0000000014707785,43
200505;34270520;BANCO IBM S.A.                                              ;U;4010;0017100003;ARRENDAMENTOS FINANCEIROS A RECEBER               ; 0000000013825498,21
200505;34270520;BANCO IBM S.A.                                              ;U;4010;0017900007;(-) PROVISOES PARA OPER. DE ARRENDAMENTO MERCANTIL;-0000000028533283,64
200505;34270520;BANCO IBM S.A.                                              ;U;4010;0018000009;OUTROS CREDITOS                                   ; 0000000067318337,31
200505;34270520;BANCO IBM S.A.                                              ;U;4010;0018800003;DIVERSOS                                          ; 0000000067318337,31
200505;34270520;BANCO IBM S.A.                                              ;U;4010;0019000008;OUTROS VALORES E BENS                             ; 0000000000072221,67
200505;34270520;BANCO IBM S.A.                                              ;U;4010;0019900005;DESPESAS ANTECIPADAS                              ; 0000000000072221,67
200505;34270520;BANCO IBM S.A.                                              ;U;4010;0020000004;PERMANENTE                                        ; 0000001044075257,76
200505;34270520;BANCO IBM S.A.                                              ;U;4010;0022000002;IMOBILIZADO DE USO                                ; 0000000000008258,39
200505;34270520;BANCO IBM S.A.                                              ;U;4010;0022900009;OUTROS                                            ; 0000000000008258,39
200505;34270520;BANCO IBM S.A.                                              ;U;4010;0023000001;IMOBILIZADO DE ARRENDAMENTO                       ; 0000001040592678,96
200505;34270520;BANCO IBM S.A.                                              ;U;4010;0023200007;BENS ARRENDADOS - ARRENDAMENTO FINANCEIRO         ; 0000001040592678,96
200505;34270520;BANCO IBM S.A.                                              ;U;4010;0024000000;DIFERIDO                                          ; 0000000003474320,41
200505;34270520;BANCO IBM S.A.                                              ;U;4010;0024100003;GASTOS DE ORGANIZACAO E EXPANSAO                  ; 0000000003474320,41
200505;34270520;BANCO IBM S.A.                                              ;U;4010;0030000001;COMPENSACAO                                       ; 0000004138537212,93
200505;34270520;BANCO IBM S.A.                                              ;U;4010;0030300000;TITULOS E VALORES MOBILIARIOS                     ; 0000000150531646,86
200505;34270520;BANCO IBM S.A.                                              ;U;4010;0030600009;NEGOCIACAO E INTERMEDIACAO DE VALORES             ; 0000000252842102,66
200505;34270520;BANCO IBM S.A.                                              ;U;4010;0030900008;CONTROLE                                          ; 0000002715614734,83
200505;34270520;BANCO IBM S.A.                                              ;U;4010;0031000000;CLASSIFICACAO DA CARTEIRA DE CREDITOS             ; 0000001019548728,58
200505;34270520;BANCO IBM S.A.                                              ;U;4010;0031100003;OPERACOES DE RISCO NIVEL AA                       ; 0000000788849208,03
200505;34270520;BANCO IBM S.A.                                              ;U;4010;0031200006;OPERACOES DE RISCO NIVEL A                        ; 0000000064892397,05
200505;34270520;BANCO IBM S.A.                                              ;U;4010;0031300009;OPERACOES DE RISCO NIVELB                         ; 0000000105332376,70
200505;34270520;BANCO IBM S.A.                                              ;U;4010;0031400002;OPERACOES DE RISCO NIVELC                         ; 0000000022286296,25
200505;34270520;BANCO IBM S.A.                                              ;U;4010;0031500005;OPERACOES DE RISCO NIVEL D                        ; 0000000004291487,90
200505;34270520;BANCO IBM S.A.                                              ;U;4010;0031600008;OPERACOES DE RISCO NIVEL E                        ; 0000000008871955,88
200505;34270520;BANCO IBM S.A.                                              ;U;4010;0031700001;OPERACOES DE RISCO NIVEL F                        ; 0000000002525065,06
200505;34270520;BANCO IBM S.A.                                              ;U;4010;0031800004;OPERACOES DE RISCO NIVEL G                        ; 0000000001221002,63
200505;34270520;BANCO IBM S.A.                                              ;U;4010;0031900007;OPERACOES DE RISCO NIVEL H                        ; 0000000021278939,08
200505;34270520;BANCO IBM S.A.                                              ;U;4010;0039999993;TOTAL GERAL DO ATIVO                              ; 0000005389843645,70
200505;34270520;BANCO IBM S.A.                                              ;U;4010;0040000008;CIRCULANTE EXIGIVEL A LONGO PRAZO                 ; 0000001097850107,35
200505;34270520;BANCO IBM S.A.                                              ;U;4010;0041000007;DEPOSITOS                                         ; 0000000114439387,38
200505;34270520;BANCO IBM S.A.                                              ;U;4010;0041500002;DEPOSITOS A PRAZO                                 ; 0000000114439387,38
200505;34270520;BANCO IBM S.A.                                              ;U;4010;0046000002;OBRIGACOES POR EMPRESTIMOS E REPASSES             ; 0000000794784025,62
200505;34270520;BANCO IBM S.A.                                              ;U;4010;0046200008;EMPRESTIMOS NO PAIS - OUTRAS INSTITUICOES         ; 0000000002282077,96
200505;34270520;BANCO IBM S.A.                                              ;U;4010;0046300001;EMPRESTIMOS NO EXTERIOR                           ; 0000000792501947,66
200505;34270520;BANCO IBM S.A.                                              ;U;4010;0047000001;INSTRUMENTOS FINANCEIROS DERIVATIVOS              ; 0000000007392722,81
200505;34270520;BANCO IBM S.A.                                              ;U;4010;0047100004;INSTRUMENTOS FINANCEIROS DERIVATIVOS              ; 0000000007392722,81
200505;34270520;BANCO IBM S.A.                                              ;U;4010;0049000009;OUTRAS OBRIGACOES                                 ; 0000000181233971,54
200505;34270520;BANCO IBM S.A.                                              ;U;4010;0049400001;FISCAIS E PREVIDENCIARIAS                         ; 0000000127886774,90
200505;34270520;BANCO IBM S.A.                                              ;U;4010;0049900006;DIVERSAS                                          ; 0000000053347196,64
200505;34270520;BANCO IBM S.A.                                              ;U;4010;0060000002;PATRIMONIO LIQUIDO                                ; 0000000138157124,59
200505;34270520;BANCO IBM S.A.                                              ;U;4010;0061000001;PATRIMONIO LIQUIDO                                ; 0000000138157124,59
200505;34270520;BANCO IBM S.A.                                              ;U;4010;0061100004;CAPITAL SOCIAL                                    ; 0000000109581334,60
200505;34270520;BANCO IBM S.A.                                              ;U;4010;0061300000;RESERVAS DE CAPITAL                               ; 0000000004028737,50
200505;34270520;BANCO IBM S.A.                                              ;U;4010;0061500006;RESERVAS DE LUCROS                                ; 0000000024547052,49
200505;34270520;BANCO IBM S.A.                                              ;U;4010;0070000009;CONTAS DE RESULTADO CREDORAS                      ; 0000000640667831,92
200505;34270520;BANCO IBM S.A.                                              ;U;4010;0071000008;RECEITAS OPERACIONAIS                             ; 0000000640667831,92
200505;34270520;BANCO IBM S.A.                                              ;U;4010;0071200004;RENDAS DE ARRENDAMENTO MERCANTIL                  ; 0000000372215314,89
200505;34270520;BANCO IBM S.A.                                              ;U;4010;0071500003;RENDAS COM TIT. E VAL. MOB. E INST. FINANC. DERIV.; 0000000011000467,44
200505;34270520;BANCO IBM S.A.                                              ;U;4010;0071900005;OUTRAS RECEITAS OPERACIONAIS                      ; 0000000257452049,59
200505;34270520;BANCO IBM S.A.                                              ;U;4010;0080000006;(-) CONTAS DE RESULTADO DEVEDORAS                 ;-0000000625368631,09
200505;34270520;BANCO IBM S.A.                                              ;U;4010;0081000005;(-) DESPESAS OPERACIONAIS                         ;-0000000616677479,43
200505;34270520;BANCO IBM S.A.                                              ;U;4010;0081100008;(-) DESPESAS DE CAPTACAO                          ;-0000000007677225,79
200505;34270520;BANCO IBM S.A.                                              ;U;4010;0081200001;(-) DESP DE OBRIGACOES POR EMPRESTIMOS E REPASSES ;-0000000019831592,57
200505;34270520;BANCO IBM S.A.                                              ;U;4010;0081300004;(-) DESPESAS DE ARRENDAMENTO MERCANTIL            ;-0000000410877718,23
200505;34270520;BANCO IBM S.A.                                              ;U;4010;0081500000;(-) DESP. COM TIT. E VAL. MOB. E INST. FIN. DERIV.;-0000000013379310,19
200505;34270520;BANCO IBM S.A.                                              ;U;4010;0081700006;(-) DESPESAS ADMINISTRATIVAS                      ;-0000000016316267,91
200505;34270520;BANCO IBM S.A.                                              ;U;4010;0081800009;(-) APROVISIONAMENTOS E AJUSTES PATRIMONIAIS      ;-0000000143117708,61
200505;34270520;BANCO IBM S.A.                                              ;U;4010;0081900002;(-) OUTRAS DESPESAS OPERACIONAIS                  ;-0000000005477656,13
200505;34270520;BANCO IBM S.A.                                              ;U;4010;0089000007;(-) APURACAO DE RESULTADO                         ;-0000000008691151,66
200505;34270520;BANCO IBM S.A.                                              ;U;4010;0089400009;(-) IMPOSTO DE RENDA                              ;-0000000008691151,66
200505;34270520;BANCO IBM S.A.                                              ;U;4010;0090000003;COMPENSACAO                                       ; 0000004138537212,93
200505;34270520;BANCO IBM S.A.                                              ;U;4010;0090300002;TITULOS E VALORES MOBILIARIOS                     ; 0000000150531646,86
200505;34270520;BANCO IBM S.A.                                              ;U;4010;0090600001;NEGOCIACAO E INTERMEDIACAO DE VALORES             ; 0000000252842102,66
200505;34270520;BANCO IBM S.A.                                              ;U;4010;0090900000;CONTROLE                                          ; 0000002715614734,83
200505;34270520;BANCO IBM S.A.                                              ;U;4010;0091000002;CLASSIFICACAO DA CARTEIRA DE CREDITOS             ; 0000001019548728,58
200505;34270520;BANCO IBM S.A.                                              ;U;4010;0091100005;OPERACOES DE CREDITOS E ARRENDAMENTO MERCANTIL    ; 0000001019548728,58
200505;34270520;BANCO IBM S.A.                                              ;U;4010;0099999995;TOTAL GERAL DO PASSIVO                            ; 0000005389843645,70
200505;38486817;BCO DES. DE MG S.A.                                         ;D;4010;0010000007;CIRCULANTE E REALIZAVEL A LONGO PRAZO             ; 0000001310663246,76
200505;38486817;BCO DES. DE MG S.A.                                         ;D;4010;0011000006;DISPONIBILIDADES                                  ; 0000000000082032,80
200505;38486817;BCO DES. DE MG S.A.                                         ;D;4010;0011100009;CAIXA                                             ; 0000000000002455,17
200505;38486817;BCO DES. DE MG S.A.                                         ;D;4010;0011200002;DEPOSITOS BANCARIOS                               ; 0000000000079577,63
200505;38486817;BCO DES. DE MG S.A.                                         ;D;4010;0012000005;APLICACOES INTERFINANCEIRAS DE LIQUIDEZ           ; 0000000193528256,32
200505;38486817;BCO DES. DE MG S.A.                                         ;D;4010;0012100008;APLICACOES EM OPERACOES COMPROMISSADAS            ; 0000000147248947,92
200505;38486817;BCO DES. DE MG S.A.                                         ;D;4010;0012200001;APLICACOES EM DEPOSITOS INTERFINANCEIROS          ; 0000000046279308,40
200505;38486817;BCO DES. DE MG S.A.                                         ;D;4010;0013000004;TITULOS E VAL. MOB. E INST. FINANC. DERIVATIVOS   ; 0000000387091806,00
200505;38486817;BCO DES. DE MG S.A.                                         ;D;4010;0013100007;LIVRES                                            ; 0000000345804448,46
200505;38486817;BCO DES. DE MG S.A.                                         ;D;4010;0013400006;VINCULADOS AO BANCO CENTRAL                       ; 0000000041287357,54
200505;38486817;BCO DES. DE MG S.A.                                         ;D;4010;0016000001;OPERACOES DE CREDITO                              ; 0000000549678990,93
200505;38486817;BCO DES. DE MG S.A.                                         ;D;4010;0016200007;FINANCIAMENTOS                                    ; 0000000351532007,31
200505;38486817;BCO DES. DE MG S.A.                                         ;D;4010;0016300000;FINANCIAMENTOS RURAIS E AGROINDUSTRIAIS           ; 0000000130523617,83
200505;38486817;BCO DES. DE MG S.A.                                         ;D;4010;0016600009;FINANCIAMENTOS DE INFRAESTRUTURA E DESENVOLVIMENTO; 0000000149448950,88
200505;38486817;BCO DES. DE MG S.A.                                         ;D;4010;0016900008;(-) PROVISOES PARA OPERACOES DE CREDITO           ;-0000000081825585,09
200505;38486817;BCO DES. DE MG S.A.                                         ;D;4010;0018000009;OUTROS CREDITOS                                   ; 0000000178506066,42
200505;38486817;BCO DES. DE MG S.A.                                         ;D;4010;0018100002;AVAIS E FIANCAS HONRADOS                          ; 0000000000078909,96
200505;38486817;BCO DES. DE MG S.A.                                         ;D;4010;0018300008;RENDAS A RECEBER                                  ; 0000000008250191,18
200505;38486817;BCO DES. DE MG S.A.                                         ;D;4010;0018800003;DIVERSOS                                          ; 0000000170201754,45
200505;38486817;BCO DES. DE MG S.A.                                         ;D;4010;0018900006;(-) PROVISOES PARA OUTROS CREDITOS                ;-0000000000024789,17
200505;38486817;BCO DES. DE MG S.A.                                         ;D;4010;0019000008;OUTROS VALORES E BENS                             ; 0000000001776094,29
200505;38486817;BCO DES. DE MG S.A.                                         ;D;4010;0019800002;OUTROS VALORES E BENS                             ; 0000000001776094,29
200505;38486817;BCO DES. DE MG S.A.                                         ;D;4010;0020000004;PERMANENTE                                        ; 0000000023286332,01
200505;38486817;BCO DES. DE MG S.A.                                         ;D;4010;0021000003;INVESTIMENTOS                                     ; 0000000000023776,72
200505;38486817;BCO DES. DE MG S.A.                                         ;D;4010;0021900000;OUTROS INVESTIMENTOS                              ; 0000000000023776,72
200505;38486817;BCO DES. DE MG S.A.                                         ;D;4010;0022000002;IMOBILIZADO DE USO                                ; 0000000022301175,73
200505;38486817;BCO DES. DE MG S.A.                                         ;D;4010;0022200008;IMOBILIZACOES EM CURSO                            ; 0000000001602358,82
200505;38486817;BCO DES. DE MG S.A.                                         ;D;4010;0022300001;IMOVEIS DE USO                                    ; 0000000017496229,75
200505;38486817;BCO DES. DE MG S.A.                                         ;D;4010;0022400004;INSTALACOES, MOVEIS E EQUIPAMENTOS DE USO         ; 0000000002041717,72
200505;38486817;BCO DES. DE MG S.A.                                         ;D;4010;0022900009;OUTROS                                            ; 0000000001160869,44
200505;38486817;BCO DES. DE MG S.A.                                         ;D;4010;0024000000;DIFERIDO                                          ; 0000000000961379,56
200505;38486817;BCO DES. DE MG S.A.                                         ;D;4010;0024100003;GASTOS DE ORGANIZACAO E EXPANSAO                  ; 0000000000961379,56
200505;38486817;BCO DES. DE MG S.A.                                         ;D;4010;0030000001;COMPENSACAO                                       ; 0000006431824869,82
200505;38486817;BCO DES. DE MG S.A.                                         ;D;4010;0030100004;COOBRIGACOES E RISCOS EM GARANTIAS PRESTADAS      ; 0000000125057787,71
200505;38486817;BCO DES. DE MG S.A.                                         ;D;4010;0030300000;TITULOS E VALORES MOBILIARIOS                     ; 0000000387091806,00
200505;38486817;BCO DES. DE MG S.A.                                         ;D;4010;0030400003;CUSTODIA DE VALORES                               ; 0000000925040931,72
200505;38486817;BCO DES. DE MG S.A.                                         ;D;4010;0030900008;CONTROLE                                          ; 0000004362678140,81
200505;38486817;BCO DES. DE MG S.A.                                         ;D;4010;0031000000;CLASSIFICACAO DA CARTEIRA DE CREDITOS             ; 0000000631956203,58
200505;38486817;BCO DES. DE MG S.A.                                         ;D;4010;0031100003;OPERACOES DE RISCO NIVEL AA                       ; 0000000380105775,98
200505;38486817;BCO DES. DE MG S.A.                                         ;D;4010;0031200006;OPERACOES DE RISCO NIVEL A                        ; 0000000110945870,20
200505;38486817;BCO DES. DE MG S.A.                                         ;D;4010;0031300009;OPERACOES DE RISCO NIVELB                         ; 0000000031154783,08
200505;38486817;BCO DES. DE MG S.A.                                         ;D;4010;0031400002;OPERACOES DE RISCO NIVELC                         ; 0000000009711802,10
200505;38486817;BCO DES. DE MG S.A.                                         ;D;4010;0031500005;OPERACOES DE RISCO NIVEL D                        ; 0000000014407582,55
200505;38486817;BCO DES. DE MG S.A.                                         ;D;4010;0031600008;OPERACOES DE RISCO NIVEL E                        ; 0000000002823572,36
200505;38486817;BCO DES. DE MG S.A.                                         ;D;4010;0031700001;OPERACOES DE RISCO NIVEL F                        ; 0000000008609934,40
200505;38486817;BCO DES. DE MG S.A.                                         ;D;4010;0031800004;OPERACOES DE RISCO NIVEL G                        ; 0000000000323133,69
200505;38486817;BCO DES. DE MG S.A.                                         ;D;4010;0031900007;OPERACOES DE RISCO NIVEL H                        ; 0000000073873749,22
200505;38486817;BCO DES. DE MG S.A.                                         ;D;4010;0039999993;TOTAL GERAL DO ATIVO                              ; 0000007765774448,59
200505;38486817;BCO DES. DE MG S.A.                                         ;D;4010;0040000008;CIRCULANTE EXIGIVEL A LONGO PRAZO                 ; 0000000750070800,03
200505;38486817;BCO DES. DE MG S.A.                                         ;D;4010;0046000002;OBRIGACOES POR EMPRESTIMOS E REPASSES             ; 0000000502538081,97
200505;38486817;BCO DES. DE MG S.A.                                         ;D;4010;0046400004;REPASSES DO PAIS - INSTITUICOES OFICIAIS          ; 0000000502538081,97
200505;38486817;BCO DES. DE MG S.A.                                         ;D;4010;0049000009;OUTRAS OBRIGACOES                                 ; 0000000247532718,06
200505;38486817;BCO DES. DE MG S.A.                                         ;D;4010;0049300008;SOCIAIS E ESTATUTARIAS                            ; 0000000000769605,98
200505;38486817;BCO DES. DE MG S.A.                                         ;D;4010;0049400001;FISCAIS E PREVIDENCIARIAS                         ; 0000000157896670,60
200505;38486817;BCO DES. DE MG S.A.                                         ;D;4010;0049600007;RECURSOS PARA DESTINACAO ESPECIFICA               ; 0000000014068966,57
200505;38486817;BCO DES. DE MG S.A.                                         ;D;4010;0049900006;DIVERSAS                                          ; 0000000074797474,91
200505;38486817;BCO DES. DE MG S.A.                                         ;D;4010;0050000005;RESULTADOS DE EXERCICIOS FUTUROS                  ; 0000000000544395,13
200505;38486817;BCO DES. DE MG S.A.                                         ;D;4010;0051000004;RECEITAS DE EXERCICIOS FUTUROS                    ; 0000000000544395,13
200505;38486817;BCO DES. DE MG S.A.                                         ;D;4010;0051100007;RECEITAS DE EXERCICIOS FUTUROS                    ; 0000000000544395,13
200505;38486817;BCO DES. DE MG S.A.                                         ;D;4010;0060000002;PATRIMONIO LIQUIDO                                ; 0000000562348865,39
200505;38486817;BCO DES. DE MG S.A.                                         ;D;4010;0061000001;PATRIMONIO LIQUIDO                                ; 0000000562348865,39
200505;38486817;BCO DES. DE MG S.A.                                         ;D;4010;0061100004;CAPITAL SOCIAL                                    ; 0000000562774661,07
200505;38486817;BCO DES. DE MG S.A.                                         ;D;4010;0061500006;RESERVAS DE LUCROS                                ; 0000000002900089,07
200505;38486817;BCO DES. DE MG S.A.                                         ;D;4010;0061600009;AJUSTES DE AVALIACAO PATRIMONIAL                  ;-0000000003325885,09
200505;38486817;BCO DES. DE MG S.A.                                         ;D;4010;0061800005;LUCROS OU PREJUIZOS ACUMULADOS                    ; 0000000000000000,34
200505;38486817;BCO DES. DE MG S.A.                                         ;D;4010;0070000009;CONTAS DE RESULTADO CREDORAS                      ; 0000000123498799,16
200505;38486817;BCO DES. DE MG S.A.                                         ;D;4010;0071000008;RECEITAS OPERACIONAIS                             ; 0000000122692263,87
200505;38486817;BCO DES. DE MG S.A.                                         ;D;4010;0071100001;RENDAS DE OPERACOES DE CREDITO                    ; 0000000040536065,17
200505;38486817;BCO DES. DE MG S.A.                                         ;D;4010;0071400000;RENDAS DE APLICACOES INTERFINANCEIRAS DE LIQUIDEZ ; 0000000012881349,66
200505;38486817;BCO DES. DE MG S.A.                                         ;D;4010;0071500003;RENDAS COM TIT. E VAL. MOB. E INST. FINANC. DERIV.; 0000000025362277,85
200505;38486817;BCO DES. DE MG S.A.                                         ;D;4010;0071700009;RENDAS DE PRESTACAO DE SERVICOS                   ; 0000000003387342,53
200505;38486817;BCO DES. DE MG S.A.                                         ;D;4010;0071900005;OUTRAS RECEITAS OPERACIONAIS                      ; 0000000040525228,66
200505;38486817;BCO DES. DE MG S.A.                                         ;D;4010;0073000006;RECEITAS NAO OPERACIONAIS                         ; 0000000000806535,29
200505;38486817;BCO DES. DE MG S.A.                                         ;D;4010;0073100009;LUCROS EM TRANSACOES COM VALORES E BENS           ; 0000000000267464,18
200505;38486817;BCO DES. DE MG S.A.                                         ;D;4010;0073900003;OUTRAS RECEITAS NAO OPERACIONAIS                  ; 0000000000539071,11
200505;38486817;BCO DES. DE MG S.A.                                         ;D;4010;0080000006;(-) CONTAS DE RESULTADO DEVEDORAS                 ;-0000000102513280,94
200505;38486817;BCO DES. DE MG S.A.                                         ;D;4010;0081000005;(-) DESPESAS OPERACIONAIS                         ;-0000000092245015,14
200505;38486817;BCO DES. DE MG S.A.                                         ;D;4010;0081200001;(-) DESP DE OBRIGACOES POR EMPRESTIMOS E REPASSES ;-0000000022053499,43
200505;38486817;BCO DES. DE MG S.A.                                         ;D;4010;0081700006;(-) DESPESAS ADMINISTRATIVAS                      ;-0000000034450923,94
200505;38486817;BCO DES. DE MG S.A.                                         ;D;4010;0081800009;(-) APROVISIONAMENTOS E AJUSTES PATRIMONIAIS      ;-0000000018189113,23
200505;38486817;BCO DES. DE MG S.A.                                         ;D;4010;0081900002;(-) OUTRAS DESPESAS OPERACIONAIS                  ;-0000000017551478,54
200505;38486817;BCO DES. DE MG S.A.                                         ;D;4010;0083000003;(-) DESPESAS NAO OPERACIONAIS                     ;-0000000000269000,11
200505;38486817;BCO DES. DE MG S.A.                                         ;D;4010;0083100006;(-) PREJUIZOS EM TRANSACOES COM VALORES E BENS    ;-0000000000269000,00
200505;38486817;BCO DES. DE MG S.A.                                         ;D;4010;0083900000;(-) OUTRAS DESPESAS NAO OPERACIONAIS              ;-0000000000000000,11
200505;38486817;BCO DES. DE MG S.A.                                         ;D;4010;0089000007;(-) APURACAO DE RESULTADO                         ;-0000000009999265,69
200505;38486817;BCO DES. DE MG S.A.                                         ;D;4010;0089400009;(-) IMPOSTO DE RENDA                              ;-0000000009999265,69
200505;38486817;BCO DES. DE MG S.A.                                         ;D;4010;0090000003;COMPENSACAO                                       ; 0000006431824869,82
200505;38486817;BCO DES. DE MG S.A.                                         ;D;4010;0090100006;COOBRIGACOES E RISCOS EM GARANTIAS PRESTADAS      ; 0000000125057787,71
200505;38486817;BCO DES. DE MG S.A.                                         ;D;4010;0090300002;TITULOS E VALORES MOBILIARIOS                     ; 0000000387091806,00
200505;38486817;BCO DES. DE MG S.A.                                         ;D;4010;0090400005;CUSTODIA DE VALORES                               ; 0000000925040931,72
200505;38486817;BCO DES. DE MG S.A.                                         ;D;4010;0090900000;CONTROLE                                          ; 0000004362678140,81
200505;38486817;BCO DES. DE MG S.A.                                         ;D;4010;0091000002;CLASSIFICACAO DA CARTEIRA DE CREDITOS             ; 0000000631956203,58
200505;38486817;BCO DES. DE MG S.A.                                         ;D;4010;0091100005;OPERACOES DE CREDITOS E ARRENDAMENTO MERCANTIL    ; 0000000631956203,58
200505;38486817;BCO DES. DE MG S.A.                                         ;D;4010;0099999995;TOTAL GERAL DO PASSIVO                            ; 0000007765774448,59
200505;39114764;PEBB                                                        ;U;4010;0010000007;CIRCULANTE E REALIZAVEL A LONGO PRAZO             ; 0000000140918474,32
200505;39114764;PEBB                                                        ;U;4010;0011000006;DISPONIBILIDADES                                  ; 0000000000394390,44
200505;39114764;PEBB                                                        ;U;4010;0011100009;CAIXA                                             ; 0000000000119325,84
200505;39114764;PEBB                                                        ;U;4010;0011300005;RESERVAS LIVRES                                   ; 0000000000275064,60
200505;39114764;PEBB                                                        ;U;4010;0012000005;APLICACOES INTERFINANCEIRAS DE LIQUIDEZ           ; 0000000068647033,18
200505;39114764;PEBB                                                        ;U;4010;0012100008;APLICACOES EM OPERACOES COMPROMISSADAS            ; 0000000068647033,18
200505;39114764;PEBB                                                        ;U;4010;0013000004;TITULOS E VAL. MOB. E INST. FINANC. DERIVATIVOS   ; 0000000062774914,34
200505;39114764;PEBB                                                        ;U;4010;0013100007;LIVRES                                            ; 0000000062774914,34
200505;39114764;PEBB                                                        ;U;4010;0014000003;RELACOES INTERFINANCEIRAS                         ; 0000000000130911,01
200505;39114764;PEBB                                                        ;U;4010;0014100006;DIREITOS JUNTO A PARTIC. DE SISTEMAS DE LIQUIDAÇÃO; 0000000000006823,12
200505;39114764;PEBB                                                        ;U;4010;0014200009;CREDITOS VINCULADOS                               ; 0000000000124087,89
200505;39114764;PEBB                                                        ;U;4010;0016000001;OPERACOES DE CREDITO                              ; 0000000003938231,95
200505;39114764;PEBB                                                        ;U;4010;0016100004;EMPRESTIMOS E TITULOS DESCONTADOS                 ; 0000000004269117,64
200505;39114764;PEBB                                                        ;U;4010;0016900008;(-) PROVISOES PARA OPERACOES DE CREDITO           ;-0000000000330885,69
200505;39114764;PEBB                                                        ;U;4010;0018000009;OUTROS CREDITOS                                   ; 0000000005032993,40
200505;39114764;PEBB                                                        ;U;4010;0018300008;RENDAS A RECEBER                                  ; 0000000000000001,39
200505;39114764;PEBB                                                        ;U;4010;0018800003;DIVERSOS                                          ; 0000000008406644,82
200505;39114764;PEBB                                                        ;U;4010;0018900006;(-) PROVISOES PARA OUTROS CREDITOS                ;-0000000003373652,81
200505;39114764;PEBB                                                        ;U;4010;0020000004;PERMANENTE                                        ; 0000000000044830,47
200505;39114764;PEBB                                                        ;U;4010;0021000003;INVESTIMENTOS                                     ; 0000000000021257,37
200505;39114764;PEBB                                                        ;U;4010;0021400005;TITULOS PATRIMONIAIS                              ; 0000000000021257,37
200505;39114764;PEBB                                                        ;U;4010;0022000002;IMOBILIZADO DE USO                                ; 0000000000023573,10
200505;39114764;PEBB                                                        ;U;4010;0022400004;INSTALACOES, MOVEIS E EQUIPAMENTOS DE USO         ; 0000000000004685,62
200505;39114764;PEBB                                                        ;U;4010;0022900009;OUTROS                                            ; 0000000000018887,48
200505;39114764;PEBB                                                        ;U;4010;0030000001;COMPENSACAO                                       ; 0000000915782116,86
200505;39114764;PEBB                                                        ;U;4010;0030100004;COOBRIGACOES E RISCOS EM GARANTIAS PRESTADAS      ; 0000000007576747,37
200505;39114764;PEBB                                                        ;U;4010;0030300000;TITULOS E VALORES MOBILIARIOS                     ; 0000000134077428,74
200505;39114764;PEBB                                                        ;U;4010;0030400003;CUSTODIA DE VALORES                               ; 0000000758476703,00
200505;39114764;PEBB                                                        ;U;4010;0030900008;CONTROLE                                          ; 0000000008008467,30
200505;39114764;PEBB                                                        ;U;4010;0031000000;CLASSIFICACAO DA CARTEIRA DE CREDITOS             ; 0000000007642770,45
200505;39114764;PEBB                                                        ;U;4010;0031200006;OPERACOES DE RISCO NIVEL A                        ; 0000000003958022,06
200505;39114764;PEBB                                                        ;U;4010;0031900007;OPERACOES DE RISCO NIVEL H                        ; 0000000003684748,39
200505;39114764;PEBB                                                        ;U;4010;0039999993;TOTAL GERAL DO ATIVO                              ; 0000001056745421,65
200505;39114764;PEBB                                                        ;U;4010;0040000008;CIRCULANTE EXIGIVEL A LONGO PRAZO                 ; 0000000050221607,38
200505;39114764;PEBB                                                        ;U;4010;0041000007;DEPOSITOS                                         ; 0000000033885169,81
200505;39114764;PEBB                                                        ;U;4010;0041100000;DEPOSITOS A VISTA                                 ; 0000000000435060,93
200505;39114764;PEBB                                                        ;U;4010;0041500002;DEPOSITOS A PRAZO                                 ; 0000000033450108,88
200505;39114764;PEBB                                                        ;U;4010;0044000004;RELACOES INTERFINANCEIRAS                         ; 0000000000047863,82
200505;39114764;PEBB                                                        ;U;4010;0044100007;OBRIGAÇÕES JUNTO A PARTIC. DE SIST. DE LIQUIDACÃO ; 0000000000047863,82
200505;39114764;PEBB                                                        ;U;4010;0049000009;OUTRAS OBRIGACOES                                 ; 0000000016288573,75
200505;39114764;PEBB                                                        ;U;4010;0049400001;FISCAIS E PREVIDENCIARIAS                         ; 0000000016254568,16
200505;39114764;PEBB                                                        ;U;4010;0049900006;DIVERSAS                                          ; 0000000000034005,59
200505;39114764;PEBB                                                        ;U;4010;0060000002;PATRIMONIO LIQUIDO                                ; 0000000090283798,90
200505;39114764;PEBB                                                        ;U;4010;0061000001;PATRIMONIO LIQUIDO                                ; 0000000090283798,90
200505;39114764;PEBB                                                        ;U;4010;0061100004;CAPITAL SOCIAL                                    ; 0000000047000000,00
200505;39114764;PEBB                                                        ;U;4010;0061500006;RESERVAS DE LUCROS                                ; 0000000001854381,98
200505;39114764;PEBB                                                        ;U;4010;0061600009;AJUSTES DE AVALIACAO PATRIMONIAL                  ; 0000000022233124,77
200505;39114764;PEBB                                                        ;U;4010;0061800005;LUCROS OU PREJUIZOS ACUMULADOS                    ; 0000000019196292,15
200505;39114764;PEBB                                                        ;U;4010;0070000009;CONTAS DE RESULTADO CREDORAS                      ; 0000000006834895,49
200505;39114764;PEBB                                                        ;U;4010;0071000008;RECEITAS OPERACIONAIS                             ; 0000000006834895,49
200505;39114764;PEBB                                                        ;U;4010;0071100001;RENDAS DE OPERACOES DE CREDITO                    ; 0000000000023966,76
200505;39114764;PEBB                                                        ;U;4010;0071400000;RENDAS DE APLICACOES INTERFINANCEIRAS DE LIQUIDEZ ; 0000000004757771,96
200505;39114764;PEBB                                                        ;U;4010;0071500003;RENDAS COM TIT. E VAL. MOB. E INST. FINANC. DERIV.; 0000000001871080,32
200505;39114764;PEBB                                                        ;U;4010;0071700009;RENDAS DE PRESTACAO DE SERVICOS                   ; 0000000000156825,84
200505;39114764;PEBB                                                        ;U;4010;0071900005;OUTRAS RECEITAS OPERACIONAIS                      ; 0000000000025250,61
200505;39114764;PEBB                                                        ;U;4010;0080000006;(-) CONTAS DE RESULTADO DEVEDORAS                 ;-0000000006376996,98
200505;39114764;PEBB                                                        ;U;4010;0081000005;(-) DESPESAS OPERACIONAIS                         ;-0000000006122500,18
200505;39114764;PEBB                                                        ;U;4010;0081100008;(-) DESPESAS DE CAPTACAO                          ;-0000000002134224,33
200505;39114764;PEBB                                                        ;U;4010;0081500000;(-) DESP. COM TIT. E VAL. MOB. E INST. FIN. DERIV.;-0000000000196330,23
200505;39114764;PEBB                                                        ;U;4010;0081700006;(-) DESPESAS ADMINISTRATIVAS                      ;-0000000000590165,57
200505;39114764;PEBB                                                        ;U;4010;0081800009;(-) APROVISIONAMENTOS E AJUSTES PATRIMONIAIS      ;-0000000000019971,64
200505;39114764;PEBB                                                        ;U;4010;0081900002;(-) OUTRAS DESPESAS OPERACIONAIS                  ;-0000000003181808,41
200505;39114764;PEBB                                                        ;U;4010;0089000007;(-) APURACAO DE RESULTADO                         ;-0000000000254496,80
200505;39114764;PEBB                                                        ;U;4010;0089400009;(-) IMPOSTO DE RENDA                              ;-0000000000254496,80
200505;39114764;PEBB                                                        ;U;4010;0090000003;COMPENSACAO                                       ; 0000000915782116,86
200505;39114764;PEBB                                                        ;U;4010;0090100006;COOBRIGACOES E RISCOS EM GARANTIAS PRESTADAS      ; 0000000007576747,37
200505;39114764;PEBB                                                        ;U;4010;0090300002;TITULOS E VALORES MOBILIARIOS                     ; 0000000134077428,74
200505;39114764;PEBB                                                        ;U;4010;0090400005;CUSTODIA DE VALORES                               ; 0000000758476703,00
200505;39114764;PEBB                                                        ;U;4010;0090900000;CONTROLE                                          ; 0000000008008467,30
200505;39114764;PEBB                                                        ;U;4010;0091000002;CLASSIFICACAO DA CARTEIRA DE CREDITOS             ; 0000000007642770,45
200505;39114764;PEBB                                                        ;U;4010;0091100005;OPERACOES DE CREDITOS E ARRENDAMENTO MERCANTIL    ; 0000000007642770,45
200505;39114764;PEBB                                                        ;U;4010;0099999995;TOTAL GERAL DO PASSIVO                            ; 0000001056745421,65
200505;40429946;BANCO PORTO REAL DE INVEST.S.A                              ;I;4010;0010000007;CIRCULANTE E REALIZAVEL A LONGO PRAZO             ; 0000000042814853,56
200505;40429946;BANCO PORTO REAL DE INVEST.S.A                              ;I;4010;0011000006;DISPONIBILIDADES                                  ; 0000000000106859,01
200505;40429946;BANCO PORTO REAL DE INVEST.S.A                              ;I;4010;0011200002;DEPOSITOS BANCARIOS                               ; 0000000000106859,01
200505;40429946;BANCO PORTO REAL DE INVEST.S.A                              ;I;4010;0012000005;APLICACOES INTERFINANCEIRAS DE LIQUIDEZ           ; 0000000006003975,29
200505;40429946;BANCO PORTO REAL DE INVEST.S.A                              ;I;4010;0012200001;APLICACOES EM DEPOSITOS INTERFINANCEIROS          ; 0000000006003975,29
200505;40429946;BANCO PORTO REAL DE INVEST.S.A                              ;I;4010;0013000004;TITULOS E VAL. MOB. E INST. FINANC. DERIVATIVOS   ; 0000000001876259,59
200505;40429946;BANCO PORTO REAL DE INVEST.S.A                              ;I;4010;0013100007;LIVRES                                            ; 0000000001876259,59
200505;40429946;BANCO PORTO REAL DE INVEST.S.A                              ;I;4010;0014000003;RELACOES INTERFINANCEIRAS                         ; 0000000000001832,85
200505;40429946;BANCO PORTO REAL DE INVEST.S.A                              ;I;4010;0014400005;RELACOES COM CORRESPONDENTES                      ; 0000000000001832,85
200505;40429946;BANCO PORTO REAL DE INVEST.S.A                              ;I;4010;0016000001;OPERACOES DE CREDITO                              ; 0000000022713287,84
200505;40429946;BANCO PORTO REAL DE INVEST.S.A                              ;I;4010;0016100004;EMPRESTIMOS E TITULOS DESCONTADOS                 ; 0000000019560328,67
200505;40429946;BANCO PORTO REAL DE INVEST.S.A                              ;I;4010;0016200007;FINANCIAMENTOS                                    ; 0000000003409495,04
200505;40429946;BANCO PORTO REAL DE INVEST.S.A                              ;I;4010;0016900008;(-) PROVISOES PARA OPERACOES DE CREDITO           ;-0000000000256535,87
200505;40429946;BANCO PORTO REAL DE INVEST.S.A                              ;I;4010;0018000009;OUTROS CREDITOS                                   ; 0000000007075039,36
200505;40429946;BANCO PORTO REAL DE INVEST.S.A                              ;I;4010;0018300008;RENDAS A RECEBER                                  ; 0000000000006996,20
200505;40429946;BANCO PORTO REAL DE INVEST.S.A                              ;I;4010;0018800003;DIVERSOS                                          ; 0000000007074740,81
200505;40429946;BANCO PORTO REAL DE INVEST.S.A                              ;I;4010;0018900006;(-) PROVISOES PARA OUTROS CREDITOS                ;-0000000000006697,65
200505;40429946;BANCO PORTO REAL DE INVEST.S.A                              ;I;4010;0019000008;OUTROS VALORES E BENS                             ; 0000000005037599,62
200505;40429946;BANCO PORTO REAL DE INVEST.S.A                              ;I;4010;0019800002;OUTROS VALORES E BENS                             ; 0000000005005713,64
200505;40429946;BANCO PORTO REAL DE INVEST.S.A                              ;I;4010;0019900005;DESPESAS ANTECIPADAS                              ; 0000000000031885,98
200505;40429946;BANCO PORTO REAL DE INVEST.S.A                              ;I;4010;0020000004;PERMANENTE                                        ; 0000000000298316,80
200505;40429946;BANCO PORTO REAL DE INVEST.S.A                              ;I;4010;0021000003;INVESTIMENTOS                                     ; 0000000000201035,55
200505;40429946;BANCO PORTO REAL DE INVEST.S.A                              ;I;4010;0021400005;TITULOS PATRIMONIAIS                              ; 0000000000201035,55
200505;40429946;BANCO PORTO REAL DE INVEST.S.A                              ;I;4010;0022000002;IMOBILIZADO DE USO                                ; 0000000000083478,35
200505;40429946;BANCO PORTO REAL DE INVEST.S.A                              ;I;4010;0022400004;INSTALACOES, MOVEIS E EQUIPAMENTOS DE USO         ; 0000000000024096,75
200505;40429946;BANCO PORTO REAL DE INVEST.S.A                              ;I;4010;0022900009;OUTROS                                            ; 0000000000059381,60
200505;40429946;BANCO PORTO REAL DE INVEST.S.A                              ;I;4010;0024000000;DIFERIDO                                          ; 0000000000013802,90
200505;40429946;BANCO PORTO REAL DE INVEST.S.A                              ;I;4010;0024100003;GASTOS DE ORGANIZACAO E EXPANSAO                  ; 0000000000013802,90
200505;40429946;BANCO PORTO REAL DE INVEST.S.A                              ;I;4010;0030000001;COMPENSACAO                                       ; 0000000054328275,09
200505;40429946;BANCO PORTO REAL DE INVEST.S.A                              ;I;4010;0030300000;TITULOS E VALORES MOBILIARIOS                     ; 0000000003752519,18
200505;40429946;BANCO PORTO REAL DE INVEST.S.A                              ;I;4010;0030400003;CUSTODIA DE VALORES                               ; 0000000007275389,99
200505;40429946;BANCO PORTO REAL DE INVEST.S.A                              ;I;4010;0030500006;COBRANCA                                          ; 0000000001407337,92
200505;40429946;BANCO PORTO REAL DE INVEST.S.A                              ;I;4010;0030800005;CONTRATOS                                         ; 0000000000920000,00
200505;40429946;BANCO PORTO REAL DE INVEST.S.A                              ;I;4010;0030900008;CONTROLE                                          ; 0000000017817985,93
200505;40429946;BANCO PORTO REAL DE INVEST.S.A                              ;I;4010;0031000000;CLASSIFICACAO DA CARTEIRA DE CREDITOS             ; 0000000023155042,07
200505;40429946;BANCO PORTO REAL DE INVEST.S.A                              ;I;4010;0031100003;OPERACOES DE RISCO NIVEL AA                       ; 0000000010267585,65
200505;40429946;BANCO PORTO REAL DE INVEST.S.A                              ;I;4010;0031200006;OPERACOES DE RISCO NIVEL A                        ; 0000000004196511,16
200505;40429946;BANCO PORTO REAL DE INVEST.S.A                              ;I;4010;0031300009;OPERACOES DE RISCO NIVELB                         ; 0000000006960822,02
200505;40429946;BANCO PORTO REAL DE INVEST.S.A                              ;I;4010;0031400002;OPERACOES DE RISCO NIVELC                         ; 0000000000944400,08
200505;40429946;BANCO PORTO REAL DE INVEST.S.A                              ;I;4010;0031500005;OPERACOES DE RISCO NIVEL D                        ; 0000000000712679,74
200505;40429946;BANCO PORTO REAL DE INVEST.S.A                              ;I;4010;0031900007;OPERACOES DE RISCO NIVEL H                        ; 0000000000073043,42
200505;40429946;BANCO PORTO REAL DE INVEST.S.A                              ;I;4010;0039999993;TOTAL GERAL DO ATIVO                              ; 0000000097441445,45
200505;40429946;BANCO PORTO REAL DE INVEST.S.A                              ;I;4010;0040000008;CIRCULANTE EXIGIVEL A LONGO PRAZO                 ; 0000000027034764,60
200505;40429946;BANCO PORTO REAL DE INVEST.S.A                              ;I;4010;0041000007;DEPOSITOS                                         ; 0000000022615182,83
200505;40429946;BANCO PORTO REAL DE INVEST.S.A                              ;I;4010;0041100000;DEPOSITOS A VISTA                                 ; 0000000000000000,20
200505;40429946;BANCO PORTO REAL DE INVEST.S.A                              ;I;4010;0041500002;DEPOSITOS A PRAZO                                 ; 0000000022615182,63
200505;40429946;BANCO PORTO REAL DE INVEST.S.A                              ;I;4010;0046000002;OBRIGACOES POR EMPRESTIMOS E REPASSES             ; 0000000003384920,93
200505;40429946;BANCO PORTO REAL DE INVEST.S.A                              ;I;4010;0046400004;REPASSES DO PAIS - INSTITUICOES OFICIAIS          ; 0000000003384920,93
200505;40429946;BANCO PORTO REAL DE INVEST.S.A                              ;I;4010;0049000009;OUTRAS OBRIGACOES                                 ; 0000000001034660,84
200505;40429946;BANCO PORTO REAL DE INVEST.S.A                              ;I;4010;0049400001;FISCAIS E PREVIDENCIARIAS                         ; 0000000000153650,88
200505;40429946;BANCO PORTO REAL DE INVEST.S.A                              ;I;4010;0049900006;DIVERSAS                                          ; 0000000000881009,96
200505;40429946;BANCO PORTO REAL DE INVEST.S.A                              ;I;4010;0060000002;PATRIMONIO LIQUIDO                                ; 0000000015665398,13
200505;40429946;BANCO PORTO REAL DE INVEST.S.A                              ;I;4010;0061000001;PATRIMONIO LIQUIDO                                ; 0000000015665398,13
200505;40429946;BANCO PORTO REAL DE INVEST.S.A                              ;I;4010;0061100004;CAPITAL SOCIAL                                    ; 0000000029815519,09
200505;40429946;BANCO PORTO REAL DE INVEST.S.A                              ;I;4010;0061300000;RESERVAS DE CAPITAL                               ; 0000000000194172,83
200505;40429946;BANCO PORTO REAL DE INVEST.S.A                              ;I;4010;0061800005;LUCROS OU PREJUIZOS ACUMULADOS                    ;-0000000014344293,79
200505;40429946;BANCO PORTO REAL DE INVEST.S.A                              ;I;4010;0070000009;CONTAS DE RESULTADO CREDORAS                      ; 0000000003594192,86
200505;40429946;BANCO PORTO REAL DE INVEST.S.A                              ;I;4010;0071000008;RECEITAS OPERACIONAIS                             ; 0000000003421522,50
200505;40429946;BANCO PORTO REAL DE INVEST.S.A                              ;I;4010;0071100001;RENDAS DE OPERACOES DE CREDITO                    ; 0000000002957492,27
200505;40429946;BANCO PORTO REAL DE INVEST.S.A                              ;I;4010;0071400000;RENDAS DE APLICACOES INTERFINANCEIRAS DE LIQUIDEZ ; 0000000000208837,81
200505;40429946;BANCO PORTO REAL DE INVEST.S.A                              ;I;4010;0071500003;RENDAS COM TIT. E VAL. MOB. E INST. FINANC. DERIV.; 0000000000140462,36
200505;40429946;BANCO PORTO REAL DE INVEST.S.A                              ;I;4010;0071700009;RENDAS DE PRESTACAO DE SERVICOS                   ; 0000000000016489,70
200505;40429946;BANCO PORTO REAL DE INVEST.S.A                              ;I;4010;0071900005;OUTRAS RECEITAS OPERACIONAIS                      ; 0000000000098240,36
200505;40429946;BANCO PORTO REAL DE INVEST.S.A                              ;I;4010;0073000006;RECEITAS NAO OPERACIONAIS                         ; 0000000000172670,36
200505;40429946;BANCO PORTO REAL DE INVEST.S.A                              ;I;4010;0073100009;LUCROS EM TRANSACOES COM VALORES E BENS           ; 0000000000001260,00
200505;40429946;BANCO PORTO REAL DE INVEST.S.A                              ;I;4010;0073900003;OUTRAS RECEITAS NAO OPERACIONAIS                  ; 0000000000171410,36
200505;40429946;BANCO PORTO REAL DE INVEST.S.A                              ;I;4010;0080000006;(-) CONTAS DE RESULTADO DEVEDORAS                 ;-0000000003181185,23
200505;40429946;BANCO PORTO REAL DE INVEST.S.A                              ;I;4010;0081000005;(-) DESPESAS OPERACIONAIS                         ;-0000000002944741,46
200505;40429946;BANCO PORTO REAL DE INVEST.S.A                              ;I;4010;0081100008;(-) DESPESAS DE CAPTACAO                          ;-0000000001451959,07
200505;40429946;BANCO PORTO REAL DE INVEST.S.A                              ;I;4010;0081200001;(-) DESP DE OBRIGACOES POR EMPRESTIMOS E REPASSES ;-0000000000144012,47
200505;40429946;BANCO PORTO REAL DE INVEST.S.A                              ;I;4010;0081700006;(-) DESPESAS ADMINISTRATIVAS                      ;-0000000000755137,34
200505;40429946;BANCO PORTO REAL DE INVEST.S.A                              ;I;4010;0081800009;(-) APROVISIONAMENTOS E AJUSTES PATRIMONIAIS      ;-0000000000354982,94
200505;40429946;BANCO PORTO REAL DE INVEST.S.A                              ;I;4010;0081900002;(-) OUTRAS DESPESAS OPERACIONAIS                  ;-0000000000238649,64
200505;40429946;BANCO PORTO REAL DE INVEST.S.A                              ;I;4010;0083000003;(-) DESPESAS NAO OPERACIONAIS                     ;-0000000000041297,08
200505;40429946;BANCO PORTO REAL DE INVEST.S.A                              ;I;4010;0083100006;(-) PREJUIZOS EM TRANSACOES COM VALORES E BENS    ;-0000000000040297,08
200505;40429946;BANCO PORTO REAL DE INVEST.S.A                              ;I;4010;0083900000;(-) OUTRAS DESPESAS NAO OPERACIONAIS              ;-0000000000001000,00
200505;40429946;BANCO PORTO REAL DE INVEST.S.A                              ;I;4010;0089000007;(-) APURACAO DE RESULTADO                         ;-0000000000195146,69
200505;40429946;BANCO PORTO REAL DE INVEST.S.A                              ;I;4010;0089400009;(-) IMPOSTO DE RENDA                              ;-0000000000195146,69
200505;40429946;BANCO PORTO REAL DE INVEST.S.A                              ;I;4010;0090000003;COMPENSACAO                                       ; 0000000054328275,09
200505;40429946;BANCO PORTO REAL DE INVEST.S.A                              ;I;4010;0090300002;TITULOS E VALORES MOBILIARIOS                     ; 0000000003752519,18
200505;40429946;BANCO PORTO REAL DE INVEST.S.A                              ;I;4010;0090400005;CUSTODIA DE VALORES                               ; 0000000007275389,99
200505;40429946;BANCO PORTO REAL DE INVEST.S.A                              ;I;4010;0090500008;COBRANCA                                          ; 0000000001407337,92
200505;40429946;BANCO PORTO REAL DE INVEST.S.A                              ;I;4010;0090800007;CONTRATOS                                         ; 0000000000920000,00
200505;40429946;BANCO PORTO REAL DE INVEST.S.A                              ;I;4010;0090900000;CONTROLE                                          ; 0000000017817985,93
200505;40429946;BANCO PORTO REAL DE INVEST.S.A                              ;I;4010;0091000002;CLASSIFICACAO DA CARTEIRA DE CREDITOS             ; 0000000023155042,07
200505;40429946;BANCO PORTO REAL DE INVEST.S.A                              ;I;4010;0091100005;OPERACOES DE CREDITOS E ARRENDAMENTO MERCANTIL    ; 0000000023155042,07
200505;40429946;BANCO PORTO REAL DE INVEST.S.A                              ;I;4010;0099999995;TOTAL GERAL DO PASSIVO                            ; 0000000097441445,45
200505;43073394;BCO NOSSA CAIXA S.A.                                        ;U;4010;0010000007;CIRCULANTE E REALIZAVEL A LONGO PRAZO             ; 0000030038785723,00
200505;43073394;BCO NOSSA CAIXA S.A.                                        ;U;4010;0011000006;DISPONIBILIDADES                                  ; 0000000208234864,90
200505;43073394;BCO NOSSA CAIXA S.A.                                        ;U;4010;0011100009;CAIXA                                             ; 0000000193221279,02
200505;43073394;BCO NOSSA CAIXA S.A.                                        ;U;4010;0011500001;DISPONIBILIDADES EM MOEDAS ESTRANGEIRAS           ; 0000000015013585,88
200505;43073394;BCO NOSSA CAIXA S.A.                                        ;U;4010;0012000005;APLICACOES INTERFINANCEIRAS DE LIQUIDEZ           ; 0000000538220196,05
200505;43073394;BCO NOSSA CAIXA S.A.                                        ;U;4010;0012100008;APLICACOES EM OPERACOES COMPROMISSADAS            ; 0000000464998849,50
200505;43073394;BCO NOSSA CAIXA S.A.                                        ;U;4010;0012200001;APLICACOES EM DEPOSITOS INTERFINANCEIROS          ; 0000000072722880,09
200505;43073394;BCO NOSSA CAIXA S.A.                                        ;U;4010;0012600003;APLICA OES EM MOEDAS ESTRANGEIRAS                 ; 0000000000498466,46
200505;43073394;BCO NOSSA CAIXA S.A.                                        ;U;4010;0013000004;TITULOS E VAL. MOB. E INST. FINANC. DERIVATIVOS   ; 0000019560569206,26
200505;43073394;BCO NOSSA CAIXA S.A.                                        ;U;4010;0013100007;LIVRES                                            ; 0000016902087377,58
200505;43073394;BCO NOSSA CAIXA S.A.                                        ;U;4010;0013200000;VINCULADOS A OPERACOES COMPROMISSADAS             ; 0000002619293792,99
200505;43073394;BCO NOSSA CAIXA S.A.                                        ;U;4010;0013400006;VINCULADOS AO BANCO CENTRAL                       ; 0000000000062582,10
200505;43073394;BCO NOSSA CAIXA S.A.                                        ;U;4010;0013600002;VINCULADOS A PRESTACAO DE GARANTIAS               ; 0000000039125453,59
200505;43073394;BCO NOSSA CAIXA S.A.                                        ;U;4010;0014000003;RELACOES INTERFINANCEIRAS                         ; 0000003612778967,60
200505;43073394;BCO NOSSA CAIXA S.A.                                        ;U;4010;0014100006;DIREITOS JUNTO A PARTIC. DE SISTEMAS DE LIQUIDAÇÃO; 0000000101808707,86
200505;43073394;BCO NOSSA CAIXA S.A.                                        ;U;4010;0014200009;CREDITOS VINCULADOS                               ; 0000003492548111,01
200505;43073394;BCO NOSSA CAIXA S.A.                                        ;U;4010;0014400005;RELACOES COM CORRESPONDENTES                      ; 0000000018422148,73
200505;43073394;BCO NOSSA CAIXA S.A.                                        ;U;4010;0015000002;RELACOES INTERDEPENDENCIAS                        ; 0000000000123692,85
200505;43073394;BCO NOSSA CAIXA S.A.                                        ;U;4010;0015100005;RECURSOS EM TRANSITO DE TERCEIROS                 ; 0000000000037631,62
200505;43073394;BCO NOSSA CAIXA S.A.                                        ;U;4010;0015200008;TRANSFERENCIAS INTERNAS DE RECURSOS               ; 0000000000086061,23
200505;43073394;BCO NOSSA CAIXA S.A.                                        ;U;4010;0016000001;OPERACOES DE CREDITO                              ; 0000004887764860,66
200505;43073394;BCO NOSSA CAIXA S.A.                                        ;U;4010;0016100004;EMPRESTIMOS E TITULOS DESCONTADOS                 ; 0000004697226088,37
200505;43073394;BCO NOSSA CAIXA S.A.                                        ;U;4010;0016200007;FINANCIAMENTOS                                    ; 0000000097091898,77
200505;43073394;BCO NOSSA CAIXA S.A.                                        ;U;4010;0016300000;FINANCIAMENTOS RURAIS E AGROINDUSTRIAIS           ; 0000000256408799,68
200505;43073394;BCO NOSSA CAIXA S.A.                                        ;U;4010;0016400003;FINANCIAMENTOS IMOBILIARIOS                       ; 0000000298006286,50
200505;43073394;BCO NOSSA CAIXA S.A.                                        ;U;4010;0016600009;FINANCIAMENTOS DE INFRAESTRUTURA E DESENVOLVIMENTO; 0000000031189373,89
200505;43073394;BCO NOSSA CAIXA S.A.                                        ;U;4010;0016900008;(-) PROVISOES PARA OPERACOES DE CREDITO           ;-0000000492157586,55
200505;43073394;BCO NOSSA CAIXA S.A.                                        ;U;4010;0018000009;OUTROS CREDITOS                                   ; 0000001196064629,50
200505;43073394;BCO NOSSA CAIXA S.A.                                        ;U;4010;0018200005;CARTEIRA DE CAMBIO                                ; 0000000084838825,30
200505;43073394;BCO NOSSA CAIXA S.A.                                        ;U;4010;0018300008;RENDAS A RECEBER                                  ; 0000000007239972,17
200505;43073394;BCO NOSSA CAIXA S.A.                                        ;U;4010;0018400001;NEGOCIACAO E INTERMEDIACAO DE VALORES             ; 0000000000017064,00
200505;43073394;BCO NOSSA CAIXA S.A.                                        ;U;4010;0018500004;CREDITOS ESPECIFICOS                              ; 0000000000258220,12
200505;43073394;BCO NOSSA CAIXA S.A.                                        ;U;4010;0018800003;DIVERSOS                                          ; 0000001133140078,54
200505;43073394;BCO NOSSA CAIXA S.A.                                        ;U;4010;0018900006;(-) PROVISOES PARA OUTROS CREDITOS                ;-0000000029429530,63
200505;43073394;BCO NOSSA CAIXA S.A.                                        ;U;4010;0019000008;OUTROS VALORES E BENS                             ; 0000000035029305,18
200505;43073394;BCO NOSSA CAIXA S.A.                                        ;U;4010;0019800002;OUTROS VALORES E BENS                             ; 0000000034482166,14
200505;43073394;BCO NOSSA CAIXA S.A.                                        ;U;4010;0019900005;DESPESAS ANTECIPADAS                              ; 0000000000547139,04
200505;43073394;BCO NOSSA CAIXA S.A.                                        ;U;4010;0020000004;PERMANENTE                                        ; 0000000475104838,43
200505;43073394;BCO NOSSA CAIXA S.A.                                        ;U;4010;0021000003;INVESTIMENTOS                                     ; 0000000067751520,52
200505;43073394;BCO NOSSA CAIXA S.A.                                        ;U;4010;0021200009;PARTICIPACOES EM COLIGADAS E CONTROLADAS NO PAIS  ; 0000000027820329,95
200505;43073394;BCO NOSSA CAIXA S.A.                                        ;U;4010;0021300002;INVESTIMENTOS POR INCENTIVOS FISCAIS              ; 0000000001580647,05
200505;43073394;BCO NOSSA CAIXA S.A.                                        ;U;4010;0021500008;ACOES E COTAS                                     ; 0000000003129314,45
200505;43073394;BCO NOSSA CAIXA S.A.                                        ;U;4010;0021900000;OUTROS INVESTIMENTOS                              ; 0000000035221229,07
200505;43073394;BCO NOSSA CAIXA S.A.                                        ;U;4010;0022000002;IMOBILIZADO DE USO                                ; 0000000263933912,09
200505;43073394;BCO NOSSA CAIXA S.A.                                        ;U;4010;0022100005;MOVEIS E EQUIPAMENTOS EM ESTOQUE                  ; 0000000001027138,26
200505;43073394;BCO NOSSA CAIXA S.A.                                        ;U;4010;0022200008;IMOBILIZACOES EM CURSO                            ; 0000000012590923,27
200505;43073394;BCO NOSSA CAIXA S.A.                                        ;U;4010;0022300001;IMOVEIS DE USO                                    ; 0000000139092552,96
200505;43073394;BCO NOSSA CAIXA S.A.                                        ;U;4010;0022400004;INSTALACOES, MOVEIS E EQUIPAMENTOS DE USO         ; 0000000022689491,21
200505;43073394;BCO NOSSA CAIXA S.A.                                        ;U;4010;0022900009;OUTROS                                            ; 0000000088533806,39
200505;43073394;BCO NOSSA CAIXA S.A.                                        ;U;4010;0024000000;DIFERIDO                                          ; 0000000143419405,82
200505;43073394;BCO NOSSA CAIXA S.A.                                        ;U;4010;0024100003;GASTOS DE ORGANIZACAO E EXPANSAO                  ; 0000000143419405,82
200505;43073394;BCO NOSSA CAIXA S.A.                                        ;U;4010;0030000001;COMPENSACAO                                       ; 0000152463868855,10
200505;43073394;BCO NOSSA CAIXA S.A.                                        ;U;4010;0030100004;COOBRIGACOES E RISCOS EM GARANTIAS PRESTADAS      ; 0000000036763040,58
200505;43073394;BCO NOSSA CAIXA S.A.                                        ;U;4010;0030300000;TITULOS E VALORES MOBILIARIOS                     ; 0000029763330206,26
200505;43073394;BCO NOSSA CAIXA S.A.                                        ;U;4010;0030400003;CUSTODIA DE VALORES                               ; 0000011570045384,65
200505;43073394;BCO NOSSA CAIXA S.A.                                        ;U;4010;0030500006;COBRANCA                                          ; 0000002541216120,68
200505;43073394;BCO NOSSA CAIXA S.A.                                        ;U;4010;0030600009;NEGOCIACAO E INTERMEDIACAO DE VALORES             ; 0000000671683070,80
200505;43073394;BCO NOSSA CAIXA S.A.                                        ;U;4010;0030800005;CONTRATOS                                         ; 0000014763968762,44
200505;43073394;BCO NOSSA CAIXA S.A.                                        ;U;4010;0030900008;CONTROLE                                          ; 0000087640423539,31
200505;43073394;BCO NOSSA CAIXA S.A.                                        ;U;4010;0031000000;CLASSIFICACAO DA CARTEIRA DE CREDITOS             ; 0000005476438730,38
200505;43073394;BCO NOSSA CAIXA S.A.                                        ;U;4010;0031100003;OPERACOES DE RISCO NIVEL AA                       ; 0000000383813498,65
200505;43073394;BCO NOSSA CAIXA S.A.                                        ;U;4010;0031200006;OPERACOES DE RISCO NIVEL A                        ; 0000000544024763,05
200505;43073394;BCO NOSSA CAIXA S.A.                                        ;U;4010;0031300009;OPERACOES DE RISCO NIVELB                         ; 0000000942041837,24
200505;43073394;BCO NOSSA CAIXA S.A.                                        ;U;4010;0031400002;OPERACOES DE RISCO NIVELC                         ; 0000002369895282,21
200505;43073394;BCO NOSSA CAIXA S.A.                                        ;U;4010;0031500005;OPERACOES DE RISCO NIVEL D                        ; 0000000782998992,40
200505;43073394;BCO NOSSA CAIXA S.A.                                        ;U;4010;0031600008;OPERACOES DE RISCO NIVEL E                        ; 0000000093463030,29
200505;43073394;BCO NOSSA CAIXA S.A.                                        ;U;4010;0031700001;OPERACOES DE RISCO NIVEL F                        ; 0000000070389599,96
200505;43073394;BCO NOSSA CAIXA S.A.                                        ;U;4010;0031800004;OPERACOES DE RISCO NIVEL G                        ; 0000000064499592,44
200505;43073394;BCO NOSSA CAIXA S.A.                                        ;U;4010;0031900007;OPERACOES DE RISCO NIVEL H                        ; 0000000225312134,14
200505;43073394;BCO NOSSA CAIXA S.A.                                        ;U;4010;0039999993;TOTAL GERAL DO ATIVO                              ; 0000182977759416,53
200505;43073394;BCO NOSSA CAIXA S.A.                                        ;U;4010;0040000008;CIRCULANTE EXIGIVEL A LONGO PRAZO                 ; 0000028069588908,81
200505;43073394;BCO NOSSA CAIXA S.A.                                        ;U;4010;0041000007;DEPOSITOS                                         ; 0000022275100480,38
200505;43073394;BCO NOSSA CAIXA S.A.                                        ;U;4010;0041100000;DEPOSITOS A VISTA                                 ; 0000001420024122,90
200505;43073394;BCO NOSSA CAIXA S.A.                                        ;U;4010;0041200003;DEPOSITOS DE POUPANCA                             ; 0000007318154958,97
200505;43073394;BCO NOSSA CAIXA S.A.                                        ;U;4010;0041500002;DEPOSITOS A PRAZO                                 ; 0000013518728146,19
200505;43073394;BCO NOSSA CAIXA S.A.                                        ;U;4010;0041600005;OBRIGACOES P/DEPOS ESPEC E DE FUNDOS E PROGRAMAS  ; 0000000014679781,41
200505;43073394;BCO NOSSA CAIXA S.A.                                        ;U;4010;0041800001;DEPOSITOS EM MOEDAS ESTRANGEIRAS                  ; 0000000002025095,23
200505;43073394;BCO NOSSA CAIXA S.A.                                        ;U;4010;0041900004;OUTROS DEPOSITOS                                  ; 0000000001488375,68
200505;43073394;BCO NOSSA CAIXA S.A.                                        ;U;4010;0042000006;OBRIGACOES POR OPERACOES COMPROMISSADAS           ; 0000002617565473,95
200505;43073394;BCO NOSSA CAIXA S.A.                                        ;U;4010;0042100009;CARTEIRA PROPRIA                                  ; 0000002617565473,95
200505;43073394;BCO NOSSA CAIXA S.A.                                        ;U;4010;0043000005;RECURSOS ACEITES CAMB,LI E HIP.,DEBENT.E SIMILARES; 0000000273014862,62
200505;43073394;BCO NOSSA CAIXA S.A.                                        ;U;4010;0043300004;RECURSOS DE LETRAS HIPOTECARIAS                   ; 0000000029090058,95
200505;43073394;BCO NOSSA CAIXA S.A.                                        ;U;4010;0043500000;OBRIGACOES P/TITULOS E VALS.MOBILIARIOS EXTERIOR  ; 0000000243924803,67
200505;43073394;BCO NOSSA CAIXA S.A.                                        ;U;4010;0044000004;RELACOES INTERFINANCEIRAS                         ; 0000000125338504,72
200505;43073394;BCO NOSSA CAIXA S.A.                                        ;U;4010;0044100007;OBRIGAÇÕES JUNTO A PARTIC. DE SIST. DE LIQUIDACÃO ; 0000000123921339,41
200505;43073394;BCO NOSSA CAIXA S.A.                                        ;U;4010;0044400006;RELACOES COM CORRESPONDENTES                      ; 0000000001417165,31
200505;43073394;BCO NOSSA CAIXA S.A.                                        ;U;4010;0045000003;RELACOES INTERDEPENDENCIAS                        ; 0000000052744212,02
200505;43073394;BCO NOSSA CAIXA S.A.                                        ;U;4010;0045100006;RECURSOS EM TRANSITO DE TERCEIROS                 ; 0000000051702593,02
200505;43073394;BCO NOSSA CAIXA S.A.                                        ;U;4010;0045200009;TRANSFERENCIAS INTERNAS DE RECURSOS               ; 0000000001041619,00
200505;43073394;BCO NOSSA CAIXA S.A.                                        ;U;4010;0046000002;OBRIGACOES POR EMPRESTIMOS E REPASSES             ; 0000000320572475,14
200505;43073394;BCO NOSSA CAIXA S.A.                                        ;U;4010;0046300001;EMPRESTIMOS NO EXTERIOR                           ; 0000000085994760,28
200505;43073394;BCO NOSSA CAIXA S.A.                                        ;U;4010;0046400004;REPASSES DO PAIS - INSTITUICOES OFICIAIS          ; 0000000234577714,86
200505;43073394;BCO NOSSA CAIXA S.A.                                        ;U;4010;0049000009;OUTRAS OBRIGACOES                                 ; 0000002405252899,98
200505;43073394;BCO NOSSA CAIXA S.A.                                        ;U;4010;0049100002;COBRANCA E ARRECADACAO DE TRIBUTOS E ASSEMELHADOS ; 0000000141489582,09
200505;43073394;BCO NOSSA CAIXA S.A.                                        ;U;4010;0049200005;CARTEIRA DE CAMBIO                                ; 0000000002790951,37
200505;43073394;BCO NOSSA CAIXA S.A.                                        ;U;4010;0049300008;SOCIAIS E ESTATUTARIAS                            ; 0000000154149153,50
200505;43073394;BCO NOSSA CAIXA S.A.                                        ;U;4010;0049400001;FISCAIS E PREVIDENCIARIAS                         ; 0000000438483306,24
200505;43073394;BCO NOSSA CAIXA S.A.                                        ;U;4010;0049500004;NEGOCIACAO E INTERMEDIACAO DE VALORES             ; 0000000000223239,10
200505;43073394;BCO NOSSA CAIXA S.A.                                        ;U;4010;0049600007;RECURSOS PARA DESTINACAO ESPECIFICA               ; 0000000258489406,31
200505;43073394;BCO NOSSA CAIXA S.A.                                        ;U;4010;0049900006;DIVERSAS                                          ; 0000001409627261,37
200505;43073394;BCO NOSSA CAIXA S.A.                                        ;U;4010;0050000005;RESULTADOS DE EXERCICIOS FUTUROS                  ; 0000000000017197,43
200505;43073394;BCO NOSSA CAIXA S.A.                                        ;U;4010;0051000004;RECEITAS DE EXERCICIOS FUTUROS                    ; 0000000000017197,43
200505;43073394;BCO NOSSA CAIXA S.A.                                        ;U;4010;0051100007;RECEITAS DE EXERCICIOS FUTUROS                    ; 0000000000017197,43
200505;43073394;BCO NOSSA CAIXA S.A.                                        ;U;4010;0060000002;PATRIMONIO LIQUIDO                                ; 0000002256116069,25
200505;43073394;BCO NOSSA CAIXA S.A.                                        ;U;4010;0061000001;PATRIMONIO LIQUIDO                                ; 0000002256116069,25
200505;43073394;BCO NOSSA CAIXA S.A.                                        ;U;4010;0061100004;CAPITAL SOCIAL                                    ; 0000000788601297,82
200505;43073394;BCO NOSSA CAIXA S.A.                                        ;U;4010;0061300000;RESERVAS DE CAPITAL                               ; 0000000103388631,52
200505;43073394;BCO NOSSA CAIXA S.A.                                        ;U;4010;0061400003;RESERVAS DE REAVALIACAO                           ; 0000000033690508,18
200505;43073394;BCO NOSSA CAIXA S.A.                                        ;U;4010;0061500006;RESERVAS DE LUCROS                                ; 0000000127519898,80
200505;43073394;BCO NOSSA CAIXA S.A.                                        ;U;4010;0061600009;AJUSTES DE AVALIACAO PATRIMONIAL                  ;-0000000117446401,77
200505;43073394;BCO NOSSA CAIXA S.A.                                        ;U;4010;0061800005;LUCROS OU PREJUIZOS ACUMULADOS                    ; 0000001320362134,70
200505;43073394;BCO NOSSA CAIXA S.A.                                        ;U;4010;0070000009;CONTAS DE RESULTADO CREDORAS                      ; 0000002842980558,49
200505;43073394;BCO NOSSA CAIXA S.A.                                        ;U;4010;0071000008;RECEITAS OPERACIONAIS                             ; 0000002801431387,51
200505;43073394;BCO NOSSA CAIXA S.A.                                        ;U;4010;0071100001;RENDAS DE OPERACOES DE CREDITO                    ; 0000000804706695,96
200505;43073394;BCO NOSSA CAIXA S.A.                                        ;U;4010;0071300007;RENDAS DE CAMBIO                                  ; 0000000011794738,22
200505;43073394;BCO NOSSA CAIXA S.A.                                        ;U;4010;0071400000;RENDAS DE APLICACOES INTERFINANCEIRAS DE LIQUIDEZ ; 0000000038308897,55
200505;43073394;BCO NOSSA CAIXA S.A.                                        ;U;4010;0071500003;RENDAS COM TIT. E VAL. MOB. E INST. FINANC. DERIV.; 0000001400503502,87
200505;43073394;BCO NOSSA CAIXA S.A.                                        ;U;4010;0071700009;RENDAS DE PRESTACAO DE SERVICOS                   ; 0000000180094523,34
200505;43073394;BCO NOSSA CAIXA S.A.                                        ;U;4010;0071800002;RENDAS DE PARTICIPACOES                           ; 0000000000727919,71
200505;43073394;BCO NOSSA CAIXA S.A.                                        ;U;4010;0071900005;OUTRAS RECEITAS OPERACIONAIS                      ; 0000000365295109,86
200505;43073394;BCO NOSSA CAIXA S.A.                                        ;U;4010;0073000006;RECEITAS NAO OPERACIONAIS                         ; 0000000008131885,79
200505;43073394;BCO NOSSA CAIXA S.A.                                        ;U;4010;0073100009;LUCROS EM TRANSACOES COM VALORES E BENS           ; 0000000000226001,40
200505;43073394;BCO NOSSA CAIXA S.A.                                        ;U;4010;0073900003;OUTRAS RECEITAS NAO OPERACIONAIS                  ; 0000000007905884,39
200505;43073394;BCO NOSSA CAIXA S.A.                                        ;U;4010;0078000001;RATEIO DE RESULTADOS INTERNOS                     ; 0000000033417285,19
200505;43073394;BCO NOSSA CAIXA S.A.                                        ;U;4010;0078100004;RATEIO DE RESULTADOS INTERNOS                     ; 0000000033417285,19
200505;43073394;BCO NOSSA CAIXA S.A.                                        ;U;4010;0080000006;(-) CONTAS DE RESULTADO DEVEDORAS                 ;-0000002654812172,55
200505;43073394;BCO NOSSA CAIXA S.A.                                        ;U;4010;0081000005;(-) DESPESAS OPERACIONAIS                         ;-0000002403271333,45
200505;43073394;BCO NOSSA CAIXA S.A.                                        ;U;4010;0081100008;(-) DESPESAS DE CAPTACAO                          ;-0000001117959193,74
200505;43073394;BCO NOSSA CAIXA S.A.                                        ;U;4010;0081200001;(-) DESP DE OBRIGACOES POR EMPRESTIMOS E REPASSES ;-0000000009753003,19
200505;43073394;BCO NOSSA CAIXA S.A.                                        ;U;4010;0081400007;(-) DESPESAS DE CAMBIO                            ;-0000000013539363,86
200505;43073394;BCO NOSSA CAIXA S.A.                                        ;U;4010;0081500000;(-) DESP. COM TIT. E VAL. MOB. E INST. FIN. DERIV.;-0000000011104127,98
200505;43073394;BCO NOSSA CAIXA S.A.                                        ;U;4010;0081600003;(-) DESPESAS DE PARTICIPACOES                     ;-0000000000115708,97
200505;43073394;BCO NOSSA CAIXA S.A.                                        ;U;4010;0081700006;(-) DESPESAS ADMINISTRATIVAS                      ;-0000000742575773,54
200505;43073394;BCO NOSSA CAIXA S.A.                                        ;U;4010;0081800009;(-) APROVISIONAMENTOS E AJUSTES PATRIMONIAIS      ;-0000000227625317,78
200505;43073394;BCO NOSSA CAIXA S.A.                                        ;U;4010;0081900002;(-) OUTRAS DESPESAS OPERACIONAIS                  ;-0000000280598844,39
200505;43073394;BCO NOSSA CAIXA S.A.                                        ;U;4010;0083000003;(-) DESPESAS NAO OPERACIONAIS                     ;-0000000024179065,33
200505;43073394;BCO NOSSA CAIXA S.A.                                        ;U;4010;0083100006;(-) PREJUIZOS EM TRANSACOES COM VALORES E BENS    ;-0000000004329831,18
200505;43073394;BCO NOSSA CAIXA S.A.                                        ;U;4010;0083900000;(-) OUTRAS DESPESAS NAO OPERACIONAIS              ;-0000000019849234,15
200505;43073394;BCO NOSSA CAIXA S.A.                                        ;U;4010;0088000008;(-) RATEIO DE RESULTADOS INTERNOS                 ;-0000000033417285,19
200505;43073394;BCO NOSSA CAIXA S.A.                                        ;U;4010;0088100001;(-) RATEIO DE RESULTADOS INTERNOS                 ;-0000000033417285,19
200505;43073394;BCO NOSSA CAIXA S.A.                                        ;U;4010;0089000007;(-) APURACAO DE RESULTADO                         ;-0000000193944488,58
200505;43073394;BCO NOSSA CAIXA S.A.                                        ;U;4010;0089400009;(-) IMPOSTO DE RENDA                              ;-0000000173795335,08
200505;43073394;BCO NOSSA CAIXA S.A.                                        ;U;4010;0089700008;(-) PARTICIPACOES NO LUCRO                        ;-0000000020149153,50
200505;43073394;BCO NOSSA CAIXA S.A.                                        ;U;4010;0090000003;COMPENSACAO                                       ; 0000152463868855,10
200505;43073394;BCO NOSSA CAIXA S.A.                                        ;U;4010;0090100006;COOBRIGACOES E RISCOS EM GARANTIAS PRESTADAS      ; 0000000036763040,58
200505;43073394;BCO NOSSA CAIXA S.A.                                        ;U;4010;0090300002;TITULOS E VALORES MOBILIARIOS                     ; 0000029763330206,26
200505;43073394;BCO NOSSA CAIXA S.A.                                        ;U;4010;0090400005;CUSTODIA DE VALORES                               ; 0000011570045384,65
200505;43073394;BCO NOSSA CAIXA S.A.                                        ;U;4010;0090500008;COBRANCA                                          ; 0000002541216120,68
200505;43073394;BCO NOSSA CAIXA S.A.                                        ;U;4010;0090600001;NEGOCIACAO E INTERMEDIACAO DE VALORES             ; 0000000671683070,80
200505;43073394;BCO NOSSA CAIXA S.A.                                        ;U;4010;0090800007;CONTRATOS                                         ; 0000014763968762,44
200505;43073394;BCO NOSSA CAIXA S.A.                                        ;U;4010;0090900000;CONTROLE                                          ; 0000087640423539,31
200505;43073394;BCO NOSSA CAIXA S.A.                                        ;U;4010;0091000002;CLASSIFICACAO DA CARTEIRA DE CREDITOS             ; 0000005476438730,38
200505;43073394;BCO NOSSA CAIXA S.A.                                        ;U;4010;0091100005;OPERACOES DE CREDITOS E ARRENDAMENTO MERCANTIL    ; 0000005476438730,38
200505;43073394;BCO NOSSA CAIXA S.A.                                        ;U;4010;0099999995;TOTAL GERAL DO PASSIVO                            ; 0000182977759416,53
200505;43717511;BANCO MORADA S.A                                            ;U;4010;0010000007;CIRCULANTE E REALIZAVEL A LONGO PRAZO             ; 0000000117089593,07
200505;43717511;BANCO MORADA S.A                                            ;U;4010;0011000006;DISPONIBILIDADES                                  ; 0000000004371211,32
200505;43717511;BANCO MORADA S.A                                            ;U;4010;0011100009;CAIXA                                             ; 0000000000335751,06
200505;43717511;BANCO MORADA S.A                                            ;U;4010;0011200002;DEPOSITOS BANCARIOS                               ; 0000000000190808,26
200505;43717511;BANCO MORADA S.A                                            ;U;4010;0011300005;RESERVAS LIVRES                                   ; 0000000003844652,00
200505;43717511;BANCO MORADA S.A                                            ;U;4010;0012000005;APLICACOES INTERFINANCEIRAS DE LIQUIDEZ           ; 0000000004999112,44
200505;43717511;BANCO MORADA S.A                                            ;U;4010;0012100008;APLICACOES EM OPERACOES COMPROMISSADAS            ; 0000000004999112,44
200505;43717511;BANCO MORADA S.A                                            ;U;4010;0013000004;TITULOS E VAL. MOB. E INST. FINANC. DERIVATIVOS   ; 0000000005846936,82
200505;43717511;BANCO MORADA S.A                                            ;U;4010;0013100007;LIVRES                                            ; 0000000005416817,19
200505;43717511;BANCO MORADA S.A                                            ;U;4010;0013300003;INSTRUMENTOS FINANCEIROS DERIVATIVOS              ; 0000000000424409,29
200505;43717511;BANCO MORADA S.A                                            ;U;4010;0013500009;VINCULADO A AQUIS.ACOES DE EMPRESAS ESTATAIS      ; 0000000000005710,34
200505;43717511;BANCO MORADA S.A                                            ;U;4010;0014000003;RELACOES INTERFINANCEIRAS                         ; 0000000016591205,17
200505;43717511;BANCO MORADA S.A                                            ;U;4010;0014100006;DIREITOS JUNTO A PARTIC. DE SISTEMAS DE LIQUIDAÇÃO; 0000000000064068,44
200505;43717511;BANCO MORADA S.A                                            ;U;4010;0014200009;CREDITOS VINCULADOS                               ; 0000000016527136,73
200505;43717511;BANCO MORADA S.A                                            ;U;4010;0015000002;RELACOES INTERDEPENDENCIAS                        ; 0000000002587931,95
200505;43717511;BANCO MORADA S.A                                            ;U;4010;0015200008;TRANSFERENCIAS INTERNAS DE RECURSOS               ; 0000000002587931,95
200505;43717511;BANCO MORADA S.A                                            ;U;4010;0016000001;OPERACOES DE CREDITO                              ; 0000000060943845,71
200505;43717511;BANCO MORADA S.A                                            ;U;4010;0016100004;EMPRESTIMOS E TITULOS DESCONTADOS                 ; 0000000032583817,63
200505;43717511;BANCO MORADA S.A                                            ;U;4010;0016200007;FINANCIAMENTOS                                    ; 0000000035695844,15
200505;43717511;BANCO MORADA S.A                                            ;U;4010;0016400003;FINANCIAMENTOS IMOBILIARIOS                       ; 0000000005386447,62
200505;43717511;BANCO MORADA S.A                                            ;U;4010;0016900008;(-) PROVISOES PARA OPERACOES DE CREDITO           ;-0000000012722263,69
200505;43717511;BANCO MORADA S.A                                            ;U;4010;0018000009;OUTROS CREDITOS                                   ; 0000000020157805,02
200505;43717511;BANCO MORADA S.A                                            ;U;4010;0018800003;DIVERSOS                                          ; 0000000020193500,72
200505;43717511;BANCO MORADA S.A                                            ;U;4010;0018900006;(-) PROVISOES PARA OUTROS CREDITOS                ;-0000000000035695,70
200505;43717511;BANCO MORADA S.A                                            ;U;4010;0019000008;OUTROS VALORES E BENS                             ; 0000000001591544,64
200505;43717511;BANCO MORADA S.A                                            ;U;4010;0019800002;OUTROS VALORES E BENS                             ; 0000000001591544,64
200505;43717511;BANCO MORADA S.A                                            ;U;4010;0020000004;PERMANENTE                                        ; 0000000017914544,23
200505;43717511;BANCO MORADA S.A                                            ;U;4010;0021000003;INVESTIMENTOS                                     ; 0000000009673021,60
200505;43717511;BANCO MORADA S.A                                            ;U;4010;0021200009;PARTICIPACOES EM COLIGADAS E CONTROLADAS NO PAIS  ; 0000000009471628,22
200505;43717511;BANCO MORADA S.A                                            ;U;4010;0021300002;INVESTIMENTOS POR INCENTIVOS FISCAIS              ; 0000000000024335,30
200505;43717511;BANCO MORADA S.A                                            ;U;4010;0021400005;TITULOS PATRIMONIAIS                              ; 0000000000164067,07
200505;43717511;BANCO MORADA S.A                                            ;U;4010;0021500008;ACOES E COTAS                                     ; 0000000000012991,01
200505;43717511;BANCO MORADA S.A                                            ;U;4010;0022000002;IMOBILIZADO DE USO                                ; 0000000006560402,18
200505;43717511;BANCO MORADA S.A                                            ;U;4010;0022300001;IMOVEIS DE USO                                    ; 0000000005762338,53
200505;43717511;BANCO MORADA S.A                                            ;U;4010;0022400004;INSTALACOES, MOVEIS E EQUIPAMENTOS DE USO         ; 0000000000434879,75
200505;43717511;BANCO MORADA S.A                                            ;U;4010;0022900009;OUTROS                                            ; 0000000000363183,90
200505;43717511;BANCO MORADA S.A                                            ;U;4010;0023000001;IMOBILIZADO DE ARRENDAMENTO                       ; 0000000001483385,34
200505;43717511;BANCO MORADA S.A                                            ;U;4010;0023200007;BENS ARRENDADOS - ARRENDAMENTO FINANCEIRO         ; 0000000001483385,34
200505;43717511;BANCO MORADA S.A                                            ;U;4010;0024000000;DIFERIDO                                          ; 0000000000197735,11
200505;43717511;BANCO MORADA S.A                                            ;U;4010;0024100003;GASTOS DE ORGANIZACAO E EXPANSAO                  ; 0000000000197735,11
200505;43717511;BANCO MORADA S.A                                            ;U;4010;0030000001;COMPENSACAO                                       ; 0000000293835309,38
200505;43717511;BANCO MORADA S.A                                            ;U;4010;0030100004;COOBRIGACOES E RISCOS EM GARANTIAS PRESTADAS      ; 0000000060153250,54
200505;43717511;BANCO MORADA S.A                                            ;U;4010;0030300000;TITULOS E VALORES MOBILIARIOS                     ; 0000000010845055,06
200505;43717511;BANCO MORADA S.A                                            ;U;4010;0030400003;CUSTODIA DE VALORES                               ; 0000000001905993,49
200505;43717511;BANCO MORADA S.A                                            ;U;4010;0030500006;COBRANCA                                          ; 0000000001664888,73
200505;43717511;BANCO MORADA S.A                                            ;U;4010;0030600009;NEGOCIACAO E INTERMEDIACAO DE VALORES             ; 0000000002398762,94
200505;43717511;BANCO MORADA S.A                                            ;U;4010;0030900008;CONTROLE                                          ; 0000000143042799,59
200505;43717511;BANCO MORADA S.A                                            ;U;4010;0031000000;CLASSIFICACAO DA CARTEIRA DE CREDITOS             ; 0000000073824559,03
200505;43717511;BANCO MORADA S.A                                            ;U;4010;0031100003;OPERACOES DE RISCO NIVEL AA                       ; 0000000048634846,41
200505;43717511;BANCO MORADA S.A                                            ;U;4010;0031200006;OPERACOES DE RISCO NIVEL A                        ; 0000000000797427,00
200505;43717511;BANCO MORADA S.A                                            ;U;4010;0031300009;OPERACOES DE RISCO NIVELB                         ; 0000000001101957,62
200505;43717511;BANCO MORADA S.A                                            ;U;4010;0031400002;OPERACOES DE RISCO NIVELC                         ; 0000000003551186,07
200505;43717511;BANCO MORADA S.A                                            ;U;4010;0031500005;OPERACOES DE RISCO NIVEL D                        ; 0000000006741127,01
200505;43717511;BANCO MORADA S.A                                            ;U;4010;0031600008;OPERACOES DE RISCO NIVEL E                        ; 0000000002377131,74
200505;43717511;BANCO MORADA S.A                                            ;U;4010;0031700001;OPERACOES DE RISCO NIVEL F                        ; 0000000002241740,92
200505;43717511;BANCO MORADA S.A                                            ;U;4010;0031800004;OPERACOES DE RISCO NIVEL G                        ; 0000000001650217,35
200505;43717511;BANCO MORADA S.A                                            ;U;4010;0031900007;OPERACOES DE RISCO NIVEL H                        ; 0000000006728924,91
200505;43717511;BANCO MORADA S.A                                            ;U;4010;0039999993;TOTAL GERAL DO ATIVO                              ; 0000000428839446,68
200505;43717511;BANCO MORADA S.A                                            ;U;4010;0040000008;CIRCULANTE EXIGIVEL A LONGO PRAZO                 ; 0000000098256045,13
200505;43717511;BANCO MORADA S.A                                            ;U;4010;0041000007;DEPOSITOS                                         ; 0000000056932535,20
200505;43717511;BANCO MORADA S.A                                            ;U;4010;0041100000;DEPOSITOS A VISTA                                 ; 0000000003103117,30
200505;43717511;BANCO MORADA S.A                                            ;U;4010;0041500002;DEPOSITOS A PRAZO                                 ; 0000000053808099,16
200505;43717511;BANCO MORADA S.A                                            ;U;4010;0041900004;OUTROS DEPOSITOS                                  ; 0000000000021318,74
200505;43717511;BANCO MORADA S.A                                            ;U;4010;0044000004;RELACOES INTERFINANCEIRAS                         ; 0000000000076024,77
200505;43717511;BANCO MORADA S.A                                            ;U;4010;0044100007;OBRIGAÇÕES JUNTO A PARTIC. DE SIST. DE LIQUIDACÃO ; 0000000000076024,77
200505;43717511;BANCO MORADA S.A                                            ;U;4010;0045000003;RELACOES INTERDEPENDENCIAS                        ; 0000000002587931,95
200505;43717511;BANCO MORADA S.A                                            ;U;4010;0045200009;TRANSFERENCIAS INTERNAS DE RECURSOS               ; 0000000002587931,95
200505;43717511;BANCO MORADA S.A                                            ;U;4010;0046000002;OBRIGACOES POR EMPRESTIMOS E REPASSES             ; 0000000030173517,68
200505;43717511;BANCO MORADA S.A                                            ;U;4010;0046200008;EMPRESTIMOS NO PAIS - OUTRAS INSTITUICOES         ; 0000000005202501,39
200505;43717511;BANCO MORADA S.A                                            ;U;4010;0046400004;REPASSES DO PAIS - INSTITUICOES OFICIAIS          ; 0000000024971016,29
200505;43717511;BANCO MORADA S.A                                            ;U;4010;0047000001;INSTRUMENTOS FINANCEIROS DERIVATIVOS              ; 0000000000067800,04
200505;43717511;BANCO MORADA S.A                                            ;U;4010;0047100004;INSTRUMENTOS FINANCEIROS DERIVATIVOS              ; 0000000000067800,04
200505;43717511;BANCO MORADA S.A                                            ;U;4010;0049000009;OUTRAS OBRIGACOES                                 ; 0000000008418235,49
200505;43717511;BANCO MORADA S.A                                            ;U;4010;0049100002;COBRANCA E ARRECADACAO DE TRIBUTOS E ASSEMELHADOS ; 0000000000364130,79
200505;43717511;BANCO MORADA S.A                                            ;U;4010;0049300008;SOCIAIS E ESTATUTARIAS                            ; 0000000000000000,39
200505;43717511;BANCO MORADA S.A                                            ;U;4010;0049400001;FISCAIS E PREVIDENCIARIAS                         ; 0000000006294636,76
200505;43717511;BANCO MORADA S.A                                            ;U;4010;0049900006;DIVERSAS                                          ; 0000000001759467,55
200505;43717511;BANCO MORADA S.A                                            ;U;4010;0060000002;PATRIMONIO LIQUIDO                                ; 0000000034968702,36
200505;43717511;BANCO MORADA S.A                                            ;U;4010;0061000001;PATRIMONIO LIQUIDO                                ; 0000000034968702,36
200505;43717511;BANCO MORADA S.A                                            ;U;4010;0061100004;CAPITAL SOCIAL                                    ; 0000000026530309,66
200505;43717511;BANCO MORADA S.A                                            ;U;4010;0061300000;RESERVAS DE CAPITAL                               ; 0000000000034661,98
200505;43717511;BANCO MORADA S.A                                            ;U;4010;0061400003;RESERVAS DE REAVALIACAO                           ; 0000000003322688,28
200505;43717511;BANCO MORADA S.A                                            ;U;4010;0061500006;RESERVAS DE LUCROS                                ; 0000000000415963,21
200505;43717511;BANCO MORADA S.A                                            ;U;4010;0061600009;AJUSTES DE AVALIACAO PATRIMONIAL                  ; 0000000000029097,23
200505;43717511;BANCO MORADA S.A                                            ;U;4010;0061800005;LUCROS OU PREJUIZOS ACUMULADOS                    ; 0000000004635982,00
200505;43717511;BANCO MORADA S.A                                            ;U;4010;0070000009;CONTAS DE RESULTADO CREDORAS                      ; 0000000074372041,69
200505;43717511;BANCO MORADA S.A                                            ;U;4010;0071000008;RECEITAS OPERACIONAIS                             ; 0000000027087882,37
200505;43717511;BANCO MORADA S.A                                            ;U;4010;0071100001;RENDAS DE OPERACOES DE CREDITO                    ; 0000000019094751,66
200505;43717511;BANCO MORADA S.A                                            ;U;4010;0071400000;RENDAS DE APLICACOES INTERFINANCEIRAS DE LIQUIDEZ ; 0000000000688282,12
200505;43717511;BANCO MORADA S.A                                            ;U;4010;0071500003;RENDAS COM TIT. E VAL. MOB. E INST. FINANC. DERIV.; 0000000000779908,16
200505;43717511;BANCO MORADA S.A                                            ;U;4010;0071700009;RENDAS DE PRESTACAO DE SERVICOS                   ; 0000000000851495,94
200505;43717511;BANCO MORADA S.A                                            ;U;4010;0071800002;RENDAS DE PARTICIPACOES                           ; 0000000000000825,81
200505;43717511;BANCO MORADA S.A                                            ;U;4010;0071900005;OUTRAS RECEITAS OPERACIONAIS                      ; 0000000005672618,68
200505;43717511;BANCO MORADA S.A                                            ;U;4010;0073000006;RECEITAS NAO OPERACIONAIS                         ; 0000000047284159,32
200505;43717511;BANCO MORADA S.A                                            ;U;4010;0073100009;LUCROS EM TRANSACOES COM VALORES E BENS           ; 0000000047103462,59
200505;43717511;BANCO MORADA S.A                                            ;U;4010;0073900003;OUTRAS RECEITAS NAO OPERACIONAIS                  ; 0000000000180696,73
200505;43717511;BANCO MORADA S.A                                            ;U;4010;0080000006;(-) CONTAS DE RESULTADO DEVEDORAS                 ;-0000000072592651,88
200505;43717511;BANCO MORADA S.A                                            ;U;4010;0081000005;(-) DESPESAS OPERACIONAIS                         ;-0000000073422159,06
200505;43717511;BANCO MORADA S.A                                            ;U;4010;0081100008;(-) DESPESAS DE CAPTACAO                          ;-0000000004753344,06
200505;43717511;BANCO MORADA S.A                                            ;U;4010;0081200001;(-) DESP DE OBRIGACOES POR EMPRESTIMOS E REPASSES ;-0000000001630147,49
200505;43717511;BANCO MORADA S.A                                            ;U;4010;0081300004;(-) DESPESAS DE ARRENDAMENTO MERCANTIL            ;-0000000000124485,80
200505;43717511;BANCO MORADA S.A                                            ;U;4010;0081500000;(-) DESP. COM TIT. E VAL. MOB. E INST. FIN. DERIV.;-0000000000289902,46
200505;43717511;BANCO MORADA S.A                                            ;U;4010;0081600003;(-) DESPESAS DE PARTICIPACOES                     ;-0000000000288081,56
200505;43717511;BANCO MORADA S.A                                            ;U;4010;0081700006;(-) DESPESAS ADMINISTRATIVAS                      ;-0000000021300152,04
200505;43717511;BANCO MORADA S.A                                            ;U;4010;0081800009;(-) APROVISIONAMENTOS E AJUSTES PATRIMONIAIS      ;-0000000044093986,55
200505;43717511;BANCO MORADA S.A                                            ;U;4010;0081900002;(-) OUTRAS DESPESAS OPERACIONAIS                  ;-0000000000942059,10
200505;43717511;BANCO MORADA S.A                                            ;U;4010;0083000003;(-) DESPESAS NAO OPERACIONAIS                     ;-0000000000011910,38
200505;43717511;BANCO MORADA S.A                                            ;U;4010;0083100006;(-) PREJUIZOS EM TRANSACOES COM VALORES E BENS    ;-0000000000011910,38
200505;43717511;BANCO MORADA S.A                                            ;U;4010;0089000007;(-) APURACAO DE RESULTADO                         ; 0000000000841417,56
200505;43717511;BANCO MORADA S.A                                            ;U;4010;0089400009;(-) IMPOSTO DE RENDA                              ; 0000000000841417,56
200505;43717511;BANCO MORADA S.A                                            ;U;4010;0090000003;COMPENSACAO                                       ; 0000000293835309,38
200505;43717511;BANCO MORADA S.A                                            ;U;4010;0090100006;COOBRIGACOES E RISCOS EM GARANTIAS PRESTADAS      ; 0000000060153250,54
200505;43717511;BANCO MORADA S.A                                            ;U;4010;0090300002;TITULOS E VALORES MOBILIARIOS                     ; 0000000010845055,06
200505;43717511;BANCO MORADA S.A                                            ;U;4010;0090400005;CUSTODIA DE VALORES                               ; 0000000001905993,49
200505;43717511;BANCO MORADA S.A                                            ;U;4010;0090500008;COBRANCA                                          ; 0000000001664888,73
200505;43717511;BANCO MORADA S.A                                            ;U;4010;0090600001;NEGOCIACAO E INTERMEDIACAO DE VALORES             ; 0000000002398762,94
200505;43717511;BANCO MORADA S.A                                            ;U;4010;0090900000;CONTROLE                                          ; 0000000143042799,59
200505;43717511;BANCO MORADA S.A                                            ;U;4010;0091000002;CLASSIFICACAO DA CARTEIRA DE CREDITOS             ; 0000000073824559,03
200505;43717511;BANCO MORADA S.A                                            ;U;4010;0091100005;OPERACOES DE CREDITOS E ARRENDAMENTO MERCANTIL    ; 0000000073824559,03
200505;43717511;BANCO MORADA S.A                                            ;U;4010;0099999995;TOTAL GERAL DO PASSIVO                            ; 0000000428839446,68
200505;44189447;BCO LA PROVINCIA DE B AIRES                                 ;B;4010;0010000007;CIRCULANTE E REALIZAVEL A LONGO PRAZO             ; 0000000103197873,05
200505;44189447;BCO LA PROVINCIA DE B AIRES                                 ;B;4010;0011000006;DISPONIBILIDADES                                  ; 0000000000421061,43
200505;44189447;BCO LA PROVINCIA DE B AIRES                                 ;B;4010;0011100009;CAIXA                                             ; 0000000000027841,77
200505;44189447;BCO LA PROVINCIA DE B AIRES                                 ;B;4010;0011300005;RESERVAS LIVRES                                   ; 0000000000050002,12
200505;44189447;BCO LA PROVINCIA DE B AIRES                                 ;B;4010;0011500001;DISPONIBILIDADES EM MOEDAS ESTRANGEIRAS           ; 0000000000343217,54
200505;44189447;BCO LA PROVINCIA DE B AIRES                                 ;B;4010;0012000005;APLICACOES INTERFINANCEIRAS DE LIQUIDEZ           ; 0000000050530949,54
200505;44189447;BCO LA PROVINCIA DE B AIRES                                 ;B;4010;0012100008;APLICACOES EM OPERACOES COMPROMISSADAS            ; 0000000050530949,54
200505;44189447;BCO LA PROVINCIA DE B AIRES                                 ;B;4010;0013000004;TITULOS E VAL. MOB. E INST. FINANC. DERIVATIVOS   ; 0000000027199746,28
200505;44189447;BCO LA PROVINCIA DE B AIRES                                 ;B;4010;0013100007;LIVRES                                            ; 0000000018577179,14
200505;44189447;BCO LA PROVINCIA DE B AIRES                                 ;B;4010;0013500009;VINCULADO A AQUIS.ACOES DE EMPRESAS ESTATAIS      ; 0000000000051346,40
200505;44189447;BCO LA PROVINCIA DE B AIRES                                 ;B;4010;0013600002;VINCULADOS A PRESTACAO DE GARANTIAS               ; 0000000008571220,74
200505;44189447;BCO LA PROVINCIA DE B AIRES                                 ;B;4010;0014000003;RELACOES INTERFINANCEIRAS                         ; 0000000000695972,10
200505;44189447;BCO LA PROVINCIA DE B AIRES                                 ;B;4010;0014100006;DIREITOS JUNTO A PARTIC. DE SISTEMAS DE LIQUIDAÇÃO; 0000000000009655,59
200505;44189447;BCO LA PROVINCIA DE B AIRES                                 ;B;4010;0014200009;CREDITOS VINCULADOS                               ; 0000000000686316,51
200505;44189447;BCO LA PROVINCIA DE B AIRES                                 ;B;4010;0016000001;OPERACOES DE CREDITO                              ; 0000000003779960,83
200505;44189447;BCO LA PROVINCIA DE B AIRES                                 ;B;4010;0016100004;EMPRESTIMOS E TITULOS DESCONTADOS                 ; 0000000000544689,62
200505;44189447;BCO LA PROVINCIA DE B AIRES                                 ;B;4010;0016200007;FINANCIAMENTOS                                    ; 0000000003779960,83
200505;44189447;BCO LA PROVINCIA DE B AIRES                                 ;B;4010;0016900008;(-) PROVISOES PARA OPERACOES DE CREDITO           ;-0000000000544689,62
200505;44189447;BCO LA PROVINCIA DE B AIRES                                 ;B;4010;0018000009;OUTROS CREDITOS                                   ; 0000000020568867,56
200505;44189447;BCO LA PROVINCIA DE B AIRES                                 ;B;4010;0018200005;CARTEIRA DE CAMBIO                                ; 0000000008495236,59
200505;44189447;BCO LA PROVINCIA DE B AIRES                                 ;B;4010;0018800003;DIVERSOS                                          ; 0000000013504999,48
200505;44189447;BCO LA PROVINCIA DE B AIRES                                 ;B;4010;0018900006;(-) PROVISOES PARA OUTROS CREDITOS                ;-0000000001431368,51
200505;44189447;BCO LA PROVINCIA DE B AIRES                                 ;B;4010;0019000008;OUTROS VALORES E BENS                             ; 0000000000001315,31
200505;44189447;BCO LA PROVINCIA DE B AIRES                                 ;B;4010;0019900005;DESPESAS ANTECIPADAS                              ; 0000000000001315,31
200505;44189447;BCO LA PROVINCIA DE B AIRES                                 ;B;4010;0020000004;PERMANENTE                                        ; 0000000000651065,17
200505;44189447;BCO LA PROVINCIA DE B AIRES                                 ;B;4010;0021000003;INVESTIMENTOS                                     ; 0000000000128116,50
200505;44189447;BCO LA PROVINCIA DE B AIRES                                 ;B;4010;0021400005;TITULOS PATRIMONIAIS                              ; 0000000000120321,00
200505;44189447;BCO LA PROVINCIA DE B AIRES                                 ;B;4010;0021500008;ACOES E COTAS                                     ; 0000000000007795,50
200505;44189447;BCO LA PROVINCIA DE B AIRES                                 ;B;4010;0022000002;IMOBILIZADO DE USO                                ; 0000000000467807,90
200505;44189447;BCO LA PROVINCIA DE B AIRES                                 ;B;4010;0022300001;IMOVEIS DE USO                                    ; 0000000000382413,47
200505;44189447;BCO LA PROVINCIA DE B AIRES                                 ;B;4010;0022400004;INSTALACOES, MOVEIS E EQUIPAMENTOS DE USO         ; 0000000000021647,79
200505;44189447;BCO LA PROVINCIA DE B AIRES                                 ;B;4010;0022900009;OUTROS                                            ; 0000000000063746,64
200505;44189447;BCO LA PROVINCIA DE B AIRES                                 ;B;4010;0024000000;DIFERIDO                                          ; 0000000000055140,77
200505;44189447;BCO LA PROVINCIA DE B AIRES                                 ;B;4010;0024100003;GASTOS DE ORGANIZACAO E EXPANSAO                  ; 0000000000055140,77
200505;44189447;BCO LA PROVINCIA DE B AIRES                                 ;B;4010;0030000001;COMPENSACAO                                       ; 0000000181973144,81
200505;44189447;BCO LA PROVINCIA DE B AIRES                                 ;B;4010;0030100004;COOBRIGACOES E RISCOS EM GARANTIAS PRESTADAS      ; 0000000003245363,29
200505;44189447;BCO LA PROVINCIA DE B AIRES                                 ;B;4010;0030300000;TITULOS E VALORES MOBILIARIOS                     ; 0000000054399492,56
200505;44189447;BCO LA PROVINCIA DE B AIRES                                 ;B;4010;0030400003;CUSTODIA DE VALORES                               ; 0000000031293248,98
200505;44189447;BCO LA PROVINCIA DE B AIRES                                 ;B;4010;0030600009;NEGOCIACAO E INTERMEDIACAO DE VALORES             ; 0000000006720387,69
200505;44189447;BCO LA PROVINCIA DE B AIRES                                 ;B;4010;0030900008;CONTROLE                                          ; 0000000072713549,28
200505;44189447;BCO LA PROVINCIA DE B AIRES                                 ;B;4010;0031000000;CLASSIFICACAO DA CARTEIRA DE CREDITOS             ; 0000000013601103,01
200505;44189447;BCO LA PROVINCIA DE B AIRES                                 ;B;4010;0031100003;OPERACOES DE RISCO NIVEL AA                       ; 0000000006486885,82
200505;44189447;BCO LA PROVINCIA DE B AIRES                                 ;B;4010;0031300009;OPERACOES DE RISCO NIVELB                         ; 0000000003782439,33
200505;44189447;BCO LA PROVINCIA DE B AIRES                                 ;B;4010;0031700001;OPERACOES DE RISCO NIVEL F                        ; 0000000002787088,24
200505;44189447;BCO LA PROVINCIA DE B AIRES                                 ;B;4010;0031900007;OPERACOES DE RISCO NIVEL H                        ; 0000000000544689,62
200505;44189447;BCO LA PROVINCIA DE B AIRES                                 ;B;4010;0039999993;TOTAL GERAL DO ATIVO                              ; 0000000285822083,03
200505;44189447;BCO LA PROVINCIA DE B AIRES                                 ;B;4010;0040000008;CIRCULANTE EXIGIVEL A LONGO PRAZO                 ; 0000000023173947,63
200505;44189447;BCO LA PROVINCIA DE B AIRES                                 ;B;4010;0041000007;DEPOSITOS                                         ; 0000000000025644,86
200505;44189447;BCO LA PROVINCIA DE B AIRES                                 ;B;4010;0041100000;DEPOSITOS A VISTA                                 ; 0000000000008568,03
200505;44189447;BCO LA PROVINCIA DE B AIRES                                 ;B;4010;0041500002;DEPOSITOS A PRAZO                                 ; 0000000000017076,83
200505;44189447;BCO LA PROVINCIA DE B AIRES                                 ;B;4010;0044000004;RELACOES INTERFINANCEIRAS                         ; 0000000000000713,46
200505;44189447;BCO LA PROVINCIA DE B AIRES                                 ;B;4010;0044100007;OBRIGAÇÕES JUNTO A PARTIC. DE SIST. DE LIQUIDACÃO ; 0000000000000713,46
200505;44189447;BCO LA PROVINCIA DE B AIRES                                 ;B;4010;0046000002;OBRIGACOES POR EMPRESTIMOS E REPASSES             ; 0000000009699136,96
200505;44189447;BCO LA PROVINCIA DE B AIRES                                 ;B;4010;0046300001;EMPRESTIMOS NO EXTERIOR                           ; 0000000006390107,37
200505;44189447;BCO LA PROVINCIA DE B AIRES                                 ;B;4010;0046400004;REPASSES DO PAIS - INSTITUICOES OFICIAIS          ; 0000000003309029,59
200505;44189447;BCO LA PROVINCIA DE B AIRES                                 ;B;4010;0049000009;OUTRAS OBRIGACOES                                 ; 0000000013448452,35
200505;44189447;BCO LA PROVINCIA DE B AIRES                                 ;B;4010;0049100002;COBRANCA E ARRECADACAO DE TRIBUTOS E ASSEMELHADOS ; 0000000000000011,46
200505;44189447;BCO LA PROVINCIA DE B AIRES                                 ;B;4010;0049200005;CARTEIRA DE CAMBIO                                ; 0000000000077337,82
200505;44189447;BCO LA PROVINCIA DE B AIRES                                 ;B;4010;0049300008;SOCIAIS E ESTATUTARIAS                            ; 0000000012665000,00
200505;44189447;BCO LA PROVINCIA DE B AIRES                                 ;B;4010;0049400001;FISCAIS E PREVIDENCIARIAS                         ; 0000000000204158,94
200505;44189447;BCO LA PROVINCIA DE B AIRES                                 ;B;4010;0049500004;NEGOCIACAO E INTERMEDIACAO DE VALORES             ; 0000000000011398,40
200505;44189447;BCO LA PROVINCIA DE B AIRES                                 ;B;4010;0049900006;DIVERSAS                                          ; 0000000000490545,73
200505;44189447;BCO LA PROVINCIA DE B AIRES                                 ;B;4010;0060000002;PATRIMONIO LIQUIDO                                ; 0000000081269119,56
200505;44189447;BCO LA PROVINCIA DE B AIRES                                 ;B;4010;0061000001;PATRIMONIO LIQUIDO                                ; 0000000081269119,56
200505;44189447;BCO LA PROVINCIA DE B AIRES                                 ;B;4010;0061100004;CAPITAL SOCIAL                                    ; 0000000038586257,92
200505;44189447;BCO LA PROVINCIA DE B AIRES                                 ;B;4010;0061300000;RESERVAS DE CAPITAL                               ; 0000000000108951,96
200505;44189447;BCO LA PROVINCIA DE B AIRES                                 ;B;4010;0061800005;LUCROS OU PREJUIZOS ACUMULADOS                    ; 0000000042573909,68
200505;44189447;BCO LA PROVINCIA DE B AIRES                                 ;B;4010;0070000009;CONTAS DE RESULTADO CREDORAS                      ; 0000000018811369,26
200505;44189447;BCO LA PROVINCIA DE B AIRES                                 ;B;4010;0071000008;RECEITAS OPERACIONAIS                             ; 0000000018811369,26
200505;44189447;BCO LA PROVINCIA DE B AIRES                                 ;B;4010;0071100001;RENDAS DE OPERACOES DE CREDITO                    ; 0000000000022780,77
200505;44189447;BCO LA PROVINCIA DE B AIRES                                 ;B;4010;0071300007;RENDAS DE CAMBIO                                  ; 0000000000666083,75
200505;44189447;BCO LA PROVINCIA DE B AIRES                                 ;B;4010;0071400000;RENDAS DE APLICACOES INTERFINANCEIRAS DE LIQUIDEZ ; 0000000003310737,37
200505;44189447;BCO LA PROVINCIA DE B AIRES                                 ;B;4010;0071500003;RENDAS COM TIT. E VAL. MOB. E INST. FINANC. DERIV.; 0000000012611813,55
200505;44189447;BCO LA PROVINCIA DE B AIRES                                 ;B;4010;0071700009;RENDAS DE PRESTACAO DE SERVICOS                   ; 0000000000000719,07
200505;44189447;BCO LA PROVINCIA DE B AIRES                                 ;B;4010;0071900005;OUTRAS RECEITAS OPERACIONAIS                      ; 0000000002199234,75
200505;44189447;BCO LA PROVINCIA DE B AIRES                                 ;B;4010;0080000006;(-) CONTAS DE RESULTADO DEVEDORAS                 ;-0000000019405498,23
200505;44189447;BCO LA PROVINCIA DE B AIRES                                 ;B;4010;0081000005;(-) DESPESAS OPERACIONAIS                         ;-0000000019241556,66
200505;44189447;BCO LA PROVINCIA DE B AIRES                                 ;B;4010;0081100008;(-) DESPESAS DE CAPTACAO                          ;-0000000000015603,67
200505;44189447;BCO LA PROVINCIA DE B AIRES                                 ;B;4010;0081200001;(-) DESP DE OBRIGACOES POR EMPRESTIMOS E REPASSES ;-0000000000036007,30
200505;44189447;BCO LA PROVINCIA DE B AIRES                                 ;B;4010;0081400007;(-) DESPESAS DE CAMBIO                            ;-0000000000574421,84
200505;44189447;BCO LA PROVINCIA DE B AIRES                                 ;B;4010;0081500000;(-) DESP. COM TIT. E VAL. MOB. E INST. FIN. DERIV.;-0000000013284894,50
200505;44189447;BCO LA PROVINCIA DE B AIRES                                 ;B;4010;0081700006;(-) DESPESAS ADMINISTRATIVAS                      ;-0000000001415827,19
200505;44189447;BCO LA PROVINCIA DE B AIRES                                 ;B;4010;0081800009;(-) APROVISIONAMENTOS E AJUSTES PATRIMONIAIS      ;-0000000002801975,35
200505;44189447;BCO LA PROVINCIA DE B AIRES                                 ;B;4010;0081900002;(-) OUTRAS DESPESAS OPERACIONAIS                  ;-0000000001112826,81
200505;44189447;BCO LA PROVINCIA DE B AIRES                                 ;B;4010;0089000007;(-) APURACAO DE RESULTADO                         ;-0000000000163941,57
200505;44189447;BCO LA PROVINCIA DE B AIRES                                 ;B;4010;0089400009;(-) IMPOSTO DE RENDA                              ;-0000000000163941,57
200505;44189447;BCO LA PROVINCIA DE B AIRES                                 ;B;4010;0090000003;COMPENSACAO                                       ; 0000000181973144,81
200505;44189447;BCO LA PROVINCIA DE B AIRES                                 ;B;4010;0090100006;COOBRIGACOES E RISCOS EM GARANTIAS PRESTADAS      ; 0000000003245363,29
200505;44189447;BCO LA PROVINCIA DE B AIRES                                 ;B;4010;0090300002;TITULOS E VALORES MOBILIARIOS                     ; 0000000054399492,56
200505;44189447;BCO LA PROVINCIA DE B AIRES                                 ;B;4010;0090400005;CUSTODIA DE VALORES                               ; 0000000031293248,98
200505;44189447;BCO LA PROVINCIA DE B AIRES                                 ;B;4010;0090600001;NEGOCIACAO E INTERMEDIACAO DE VALORES             ; 0000000006720387,69
200505;44189447;BCO LA PROVINCIA DE B AIRES                                 ;B;4010;0090900000;CONTROLE                                          ; 0000000072713549,28
200505;44189447;BCO LA PROVINCIA DE B AIRES                                 ;B;4010;0091000002;CLASSIFICACAO DA CARTEIRA DE CREDITOS             ; 0000000013601103,01
200505;44189447;BCO LA PROVINCIA DE B AIRES                                 ;B;4010;0091100005;OPERACOES DE CREDITOS E ARRENDAMENTO MERCANTIL    ; 0000000013601103,01
200505;44189447;BCO LA PROVINCIA DE B AIRES                                 ;B;4010;0099999995;TOTAL GERAL DO PASSIVO                            ; 0000000285822083,03
200505;45246410;BCO EQUITY DE INVESTIMENTO SA                               ;I;4010;0010000007;CIRCULANTE E REALIZAVEL A LONGO PRAZO             ; 0000000019332773,47
200505;45246410;BCO EQUITY DE INVESTIMENTO SA                               ;I;4010;0011000006;DISPONIBILIDADES                                  ; 0000000000041095,16
200505;45246410;BCO EQUITY DE INVESTIMENTO SA                               ;I;4010;0011200002;DEPOSITOS BANCARIOS                               ; 0000000000041095,16
200505;45246410;BCO EQUITY DE INVESTIMENTO SA                               ;I;4010;0012000005;APLICACOES INTERFINANCEIRAS DE LIQUIDEZ           ; 0000000007562682,41
200505;45246410;BCO EQUITY DE INVESTIMENTO SA                               ;I;4010;0012200001;APLICACOES EM DEPOSITOS INTERFINANCEIROS          ; 0000000007562682,41
200505;45246410;BCO EQUITY DE INVESTIMENTO SA                               ;I;4010;0013000004;TITULOS E VAL. MOB. E INST. FINANC. DERIVATIVOS   ; 0000000007160004,88
200505;45246410;BCO EQUITY DE INVESTIMENTO SA                               ;I;4010;0013100007;LIVRES                                            ; 0000000000116806,04
200505;45246410;BCO EQUITY DE INVESTIMENTO SA                               ;I;4010;0013300003;INSTRUMENTOS FINANCEIROS DERIVATIVOS              ; 0000000007043198,84
200505;45246410;BCO EQUITY DE INVESTIMENTO SA                               ;I;4010;0018000009;OUTROS CREDITOS                                   ; 0000000004568991,02
200505;45246410;BCO EQUITY DE INVESTIMENTO SA                               ;I;4010;0018400001;NEGOCIACAO E INTERMEDIACAO DE VALORES             ; 0000000000016037,50
200505;45246410;BCO EQUITY DE INVESTIMENTO SA                               ;I;4010;0018800003;DIVERSOS                                          ; 0000000004552953,52
200505;45246410;BCO EQUITY DE INVESTIMENTO SA                               ;I;4010;0020000004;PERMANENTE                                        ; 0000000000474243,90
200505;45246410;BCO EQUITY DE INVESTIMENTO SA                               ;I;4010;0021000003;INVESTIMENTOS                                     ; 0000000000372993,56
200505;45246410;BCO EQUITY DE INVESTIMENTO SA                               ;I;4010;0021200009;PARTICIPACOES EM COLIGADAS E CONTROLADAS NO PAIS  ; 0000000000039283,44
200505;45246410;BCO EQUITY DE INVESTIMENTO SA                               ;I;4010;0021300002;INVESTIMENTOS POR INCENTIVOS FISCAIS              ; 0000000000006071,23
200505;45246410;BCO EQUITY DE INVESTIMENTO SA                               ;I;4010;0021400005;TITULOS PATRIMONIAIS                              ; 0000000000327638,89
200505;45246410;BCO EQUITY DE INVESTIMENTO SA                               ;I;4010;0022000002;IMOBILIZADO DE USO                                ; 0000000000101250,34
200505;45246410;BCO EQUITY DE INVESTIMENTO SA                               ;I;4010;0022400004;INSTALACOES, MOVEIS E EQUIPAMENTOS DE USO         ; 0000000000016036,55
200505;45246410;BCO EQUITY DE INVESTIMENTO SA                               ;I;4010;0022900009;OUTROS                                            ; 0000000000085213,79
200505;45246410;BCO EQUITY DE INVESTIMENTO SA                               ;I;4010;0030000001;COMPENSACAO                                       ; 0000000054585728,24
200505;45246410;BCO EQUITY DE INVESTIMENTO SA                               ;I;4010;0030300000;TITULOS E VALORES MOBILIARIOS                     ; 0000000000116806,04
200505;45246410;BCO EQUITY DE INVESTIMENTO SA                               ;I;4010;0030400003;CUSTODIA DE VALORES                               ; 0000000008181489,41
200505;45246410;BCO EQUITY DE INVESTIMENTO SA                               ;I;4010;0030600009;NEGOCIACAO E INTERMEDIACAO DE VALORES             ; 0000000045660791,23
200505;45246410;BCO EQUITY DE INVESTIMENTO SA                               ;I;4010;0030900008;CONTROLE                                          ; 0000000000626641,56
200505;45246410;BCO EQUITY DE INVESTIMENTO SA                               ;I;4010;0039999993;TOTAL GERAL DO ATIVO                              ; 0000000074392745,61
200505;45246410;BCO EQUITY DE INVESTIMENTO SA                               ;I;4010;0040000008;CIRCULANTE EXIGIVEL A LONGO PRAZO                 ; 0000000002061708,25
200505;45246410;BCO EQUITY DE INVESTIMENTO SA                               ;I;4010;0049000009;OUTRAS OBRIGACOES                                 ; 0000000002061708,25
200505;45246410;BCO EQUITY DE INVESTIMENTO SA                               ;I;4010;0049300008;SOCIAIS E ESTATUTARIAS                            ; 0000000000022146,62
200505;45246410;BCO EQUITY DE INVESTIMENTO SA                               ;I;4010;0049400001;FISCAIS E PREVIDENCIARIAS                         ; 0000000000891681,69
200505;45246410;BCO EQUITY DE INVESTIMENTO SA                               ;I;4010;0049500004;NEGOCIACAO E INTERMEDIACAO DE VALORES             ; 0000000000004977,04
200505;45246410;BCO EQUITY DE INVESTIMENTO SA                               ;I;4010;0049900006;DIVERSAS                                          ; 0000000001142902,90
200505;45246410;BCO EQUITY DE INVESTIMENTO SA                               ;I;4010;0060000002;PATRIMONIO LIQUIDO                                ; 0000000014918670,16
200505;45246410;BCO EQUITY DE INVESTIMENTO SA                               ;I;4010;0061000001;PATRIMONIO LIQUIDO                                ; 0000000014918670,16
200505;45246410;BCO EQUITY DE INVESTIMENTO SA                               ;I;4010;0061100004;CAPITAL SOCIAL                                    ; 0000000021200000,00
200505;45246410;BCO EQUITY DE INVESTIMENTO SA                               ;I;4010;0061300000;RESERVAS DE CAPITAL                               ; 0000000002304310,12
200505;45246410;BCO EQUITY DE INVESTIMENTO SA                               ;I;4010;0061800005;LUCROS OU PREJUIZOS ACUMULADOS                    ;-0000000008585639,96
200505;45246410;BCO EQUITY DE INVESTIMENTO SA                               ;I;4010;0070000009;CONTAS DE RESULTADO CREDORAS                      ; 0000000003913227,47
200505;45246410;BCO EQUITY DE INVESTIMENTO SA                               ;I;4010;0071000008;RECEITAS OPERACIONAIS                             ; 0000000003913227,47
200505;45246410;BCO EQUITY DE INVESTIMENTO SA                               ;I;4010;0071400000;RENDAS DE APLICACOES INTERFINANCEIRAS DE LIQUIDEZ ; 0000000000721933,87
200505;45246410;BCO EQUITY DE INVESTIMENTO SA                               ;I;4010;0071500003;RENDAS COM TIT. E VAL. MOB. E INST. FINANC. DERIV.; 0000000003191083,73
200505;45246410;BCO EQUITY DE INVESTIMENTO SA                               ;I;4010;0071700009;RENDAS DE PRESTACAO DE SERVICOS                   ; 0000000000000075,00
200505;45246410;BCO EQUITY DE INVESTIMENTO SA                               ;I;4010;0071900005;OUTRAS RECEITAS OPERACIONAIS                      ; 0000000000000134,87
200505;45246410;BCO EQUITY DE INVESTIMENTO SA                               ;I;4010;0080000006;(-) CONTAS DE RESULTADO DEVEDORAS                 ;-0000000001086588,51
200505;45246410;BCO EQUITY DE INVESTIMENTO SA                               ;I;4010;0081000005;(-) DESPESAS OPERACIONAIS                         ;-0000000000143751,63
200505;45246410;BCO EQUITY DE INVESTIMENTO SA                               ;I;4010;0081500000;(-) DESP. COM TIT. E VAL. MOB. E INST. FIN. DERIV.;-0000000000001545,73
200505;45246410;BCO EQUITY DE INVESTIMENTO SA                               ;I;4010;0081700006;(-) DESPESAS ADMINISTRATIVAS                      ;-0000000000094532,27
200505;45246410;BCO EQUITY DE INVESTIMENTO SA                               ;I;4010;0081800009;(-) APROVISIONAMENTOS E AJUSTES PATRIMONIAIS      ;-0000000000006839,20
200505;45246410;BCO EQUITY DE INVESTIMENTO SA                               ;I;4010;0081900002;(-) OUTRAS DESPESAS OPERACIONAIS                  ;-0000000000040834,43
200505;45246410;BCO EQUITY DE INVESTIMENTO SA                               ;I;4010;0089000007;(-) APURACAO DE RESULTADO                         ;-0000000000942836,88
200505;45246410;BCO EQUITY DE INVESTIMENTO SA                               ;I;4010;0089400009;(-) IMPOSTO DE RENDA                              ;-0000000000936683,88
200505;45246410;BCO EQUITY DE INVESTIMENTO SA                               ;I;4010;0089700008;(-) PARTICIPACOES NO LUCRO                        ;-0000000000006153,00
200505;45246410;BCO EQUITY DE INVESTIMENTO SA                               ;I;4010;0090000003;COMPENSACAO                                       ; 0000000054585728,24
200505;45246410;BCO EQUITY DE INVESTIMENTO SA                               ;I;4010;0090300002;TITULOS E VALORES MOBILIARIOS                     ; 0000000000116806,04
200505;45246410;BCO EQUITY DE INVESTIMENTO SA                               ;I;4010;0090400005;CUSTODIA DE VALORES                               ; 0000000008181489,41
200505;45246410;BCO EQUITY DE INVESTIMENTO SA                               ;I;4010;0090600001;NEGOCIACAO E INTERMEDIACAO DE VALORES             ; 0000000045660791,23
200505;45246410;BCO EQUITY DE INVESTIMENTO SA                               ;I;4010;0090900000;CONTROLE                                          ; 0000000000626641,56
200505;45246410;BCO EQUITY DE INVESTIMENTO SA                               ;I;4010;0099999995;TOTAL GERAL DO PASSIVO                            ; 0000000074392745,61
200505;45283173;BBVA BRASIL BCO INVEST                                      ;I;4010;0010000007;CIRCULANTE E REALIZAVEL A LONGO PRAZO             ; 0000000076988027,77
200505;45283173;BBVA BRASIL BCO INVEST                                      ;I;4010;0011000006;DISPONIBILIDADES                                  ; 0000000000078425,14
200505;45283173;BBVA BRASIL BCO INVEST                                      ;I;4010;0011300005;RESERVAS LIVRES                                   ; 0000000000078425,14
200505;45283173;BBVA BRASIL BCO INVEST                                      ;I;4010;0013000004;TITULOS E VAL. MOB. E INST. FINANC. DERIVATIVOS   ; 0000000073163828,02
200505;45283173;BBVA BRASIL BCO INVEST                                      ;I;4010;0013100007;LIVRES                                            ; 0000000073163828,02
200505;45283173;BBVA BRASIL BCO INVEST                                      ;I;4010;0018000009;OUTROS CREDITOS                                   ; 0000000003745774,61
200505;45283173;BBVA BRASIL BCO INVEST                                      ;I;4010;0018800003;DIVERSOS                                          ; 0000000003745774,61
200505;45283173;BBVA BRASIL BCO INVEST                                      ;I;4010;0020000004;PERMANENTE                                        ; 0000000000003000,00
200505;45283173;BBVA BRASIL BCO INVEST                                      ;I;4010;0021000003;INVESTIMENTOS                                     ; 0000000000003000,00
200505;45283173;BBVA BRASIL BCO INVEST                                      ;I;4010;0021400005;TITULOS PATRIMONIAIS                              ; 0000000000003000,00
200505;45283173;BBVA BRASIL BCO INVEST                                      ;I;4010;0030000001;COMPENSACAO                                       ; 0000000180368289,46
200505;45283173;BBVA BRASIL BCO INVEST                                      ;I;4010;0030300000;TITULOS E VALORES MOBILIARIOS                     ; 0000000146327656,04
200505;45283173;BBVA BRASIL BCO INVEST                                      ;I;4010;0030400003;CUSTODIA DE VALORES                               ; 0000000029268930,18
200505;45283173;BBVA BRASIL BCO INVEST                                      ;I;4010;0030900008;CONTROLE                                          ; 0000000004771703,24
200505;45283173;BBVA BRASIL BCO INVEST                                      ;I;4010;0039999993;TOTAL GERAL DO ATIVO                              ; 0000000257359317,23
200505;45283173;BBVA BRASIL BCO INVEST                                      ;I;4010;0040000008;CIRCULANTE EXIGIVEL A LONGO PRAZO                 ; 0000000009321765,86
200505;45283173;BBVA BRASIL BCO INVEST                                      ;I;4010;0049000009;OUTRAS OBRIGACOES                                 ; 0000000009321765,86
200505;45283173;BBVA BRASIL BCO INVEST                                      ;I;4010;0049300008;SOCIAIS E ESTATUTARIAS                            ; 0000000006645823,42
200505;45283173;BBVA BRASIL BCO INVEST                                      ;I;4010;0049400001;FISCAIS E PREVIDENCIARIAS                         ; 0000000002670418,94
200505;45283173;BBVA BRASIL BCO INVEST                                      ;I;4010;0049900006;DIVERSAS                                          ; 0000000000005523,50
200505;45283173;BBVA BRASIL BCO INVEST                                      ;I;4010;0060000002;PATRIMONIO LIQUIDO                                ; 0000000065404900,33
200505;45283173;BBVA BRASIL BCO INVEST                                      ;I;4010;0061000001;PATRIMONIO LIQUIDO                                ; 0000000065404900,33
200505;45283173;BBVA BRASIL BCO INVEST                                      ;I;4010;0061100004;CAPITAL SOCIAL                                    ; 0000000055980634,00
200505;45283173;BBVA BRASIL BCO INVEST                                      ;I;4010;0061500006;RESERVAS DE LUCROS                                ; 0000000000881268,25
200505;45283173;BBVA BRASIL BCO INVEST                                      ;I;4010;0061800005;LUCROS OU PREJUIZOS ACUMULADOS                    ; 0000000008542998,08
200505;45283173;BBVA BRASIL BCO INVEST                                      ;I;4010;0070000009;CONTAS DE RESULTADO CREDORAS                      ; 0000000003211294,76
200505;45283173;BBVA BRASIL BCO INVEST                                      ;I;4010;0071000008;RECEITAS OPERACIONAIS                             ; 0000000003211294,76
200505;45283173;BBVA BRASIL BCO INVEST                                      ;I;4010;0071500003;RENDAS COM TIT. E VAL. MOB. E INST. FINANC. DERIV.; 0000000003072241,32
200505;45283173;BBVA BRASIL BCO INVEST                                      ;I;4010;0071900005;OUTRAS RECEITAS OPERACIONAIS                      ; 0000000000139053,44
200505;45283173;BBVA BRASIL BCO INVEST                                      ;I;4010;0080000006;(-) CONTAS DE RESULTADO DEVEDORAS                 ;-0000000000946933,18
200505;45283173;BBVA BRASIL BCO INVEST                                      ;I;4010;0081000005;(-) DESPESAS OPERACIONAIS                         ;-0000000000424743,76
200505;45283173;BBVA BRASIL BCO INVEST                                      ;I;4010;0081700006;(-) DESPESAS ADMINISTRATIVAS                      ;-0000000000161039,58
200505;45283173;BBVA BRASIL BCO INVEST                                      ;I;4010;0081900002;(-) OUTRAS DESPESAS OPERACIONAIS                  ;-0000000000263704,18
200505;45283173;BBVA BRASIL BCO INVEST                                      ;I;4010;0089000007;(-) APURACAO DE RESULTADO                         ;-0000000000522189,42
200505;45283173;BBVA BRASIL BCO INVEST                                      ;I;4010;0089400009;(-) IMPOSTO DE RENDA                              ;-0000000000522189,42
200505;45283173;BBVA BRASIL BCO INVEST                                      ;I;4010;0090000003;COMPENSACAO                                       ; 0000000180368289,46
200505;45283173;BBVA BRASIL BCO INVEST                                      ;I;4010;0090300002;TITULOS E VALORES MOBILIARIOS                     ; 0000000146327656,04
200505;45283173;BBVA BRASIL BCO INVEST                                      ;I;4010;0090400005;CUSTODIA DE VALORES                               ; 0000000029268930,18
200505;45283173;BBVA BRASIL BCO INVEST                                      ;I;4010;0090900000;CONTROLE                                          ; 0000000004771703,24
200505;45283173;BBVA BRASIL BCO INVEST                                      ;I;4010;0099999995;TOTAL GERAL DO PASSIVO                            ; 0000000257359317,23
200505;46518205;JPMORGAN CHASE BANK                                         ;B;4010;0010000007;CIRCULANTE E REALIZAVEL A LONGO PRAZO             ; 0000000234255950,10
200505;46518205;JPMORGAN CHASE BANK                                         ;B;4010;0011000006;DISPONIBILIDADES                                  ; 0000000000042694,54
200505;46518205;JPMORGAN CHASE BANK                                         ;B;4010;0011300005;RESERVAS LIVRES                                   ; 0000000000042694,54
200505;46518205;JPMORGAN CHASE BANK                                         ;B;4010;0012000005;APLICACOES INTERFINANCEIRAS DE LIQUIDEZ           ; 0000000157832346,37
200505;46518205;JPMORGAN CHASE BANK                                         ;B;4010;0012200001;APLICACOES EM DEPOSITOS INTERFINANCEIROS          ; 0000000157832346,37
200505;46518205;JPMORGAN CHASE BANK                                         ;B;4010;0013000004;TITULOS E VAL. MOB. E INST. FINANC. DERIVATIVOS   ; 0000000047164266,91
200505;46518205;JPMORGAN CHASE BANK                                         ;B;4010;0013100007;LIVRES                                            ; 0000000033614778,19
200505;46518205;JPMORGAN CHASE BANK                                         ;B;4010;0013300003;INSTRUMENTOS FINANCEIROS DERIVATIVOS              ; 0000000013549488,72
200505;46518205;JPMORGAN CHASE BANK                                         ;B;4010;0014000003;RELACOES INTERFINANCEIRAS                         ; 0000000000025301,19
200505;46518205;JPMORGAN CHASE BANK                                         ;B;4010;0014100006;DIREITOS JUNTO A PARTIC. DE SISTEMAS DE LIQUIDAÇÃO; 0000000000025301,19
200505;46518205;JPMORGAN CHASE BANK                                         ;B;4010;0018000009;OUTROS CREDITOS                                   ; 0000000013411346,32
200505;46518205;JPMORGAN CHASE BANK                                         ;B;4010;0018300008;RENDAS A RECEBER                                  ; 0000000000125540,66
200505;46518205;JPMORGAN CHASE BANK                                         ;B;4010;0018800003;DIVERSOS                                          ; 0000000013285805,66
200505;46518205;JPMORGAN CHASE BANK                                         ;B;4010;0019000008;OUTROS VALORES E BENS                             ; 0000000015779994,77
200505;46518205;JPMORGAN CHASE BANK                                         ;B;4010;0019800002;OUTROS VALORES E BENS                             ; 0000000015778633,24
200505;46518205;JPMORGAN CHASE BANK                                         ;B;4010;0019900005;DESPESAS ANTECIPADAS                              ; 0000000000001361,53
200505;46518205;JPMORGAN CHASE BANK                                         ;B;4010;0020000004;PERMANENTE                                        ; 0000000040744962,55
200505;46518205;JPMORGAN CHASE BANK                                         ;B;4010;0021000003;INVESTIMENTOS                                     ; 0000000000249041,77
200505;46518205;JPMORGAN CHASE BANK                                         ;B;4010;0021400005;TITULOS PATRIMONIAIS                              ; 0000000000182105,31
200505;46518205;JPMORGAN CHASE BANK                                         ;B;4010;0021900000;OUTROS INVESTIMENTOS                              ; 0000000000066936,46
200505;46518205;JPMORGAN CHASE BANK                                         ;B;4010;0022000002;IMOBILIZADO DE USO                                ; 0000000037481584,21
200505;46518205;JPMORGAN CHASE BANK                                         ;B;4010;0022300001;IMOVEIS DE USO                                    ; 0000000028798861,97
200505;46518205;JPMORGAN CHASE BANK                                         ;B;4010;0022400004;INSTALACOES, MOVEIS E EQUIPAMENTOS DE USO         ; 0000000007896218,71
200505;46518205;JPMORGAN CHASE BANK                                         ;B;4010;0022900009;OUTROS                                            ; 0000000000786503,53
200505;46518205;JPMORGAN CHASE BANK                                         ;B;4010;0024000000;DIFERIDO                                          ; 0000000003014336,57
200505;46518205;JPMORGAN CHASE BANK                                         ;B;4010;0024100003;GASTOS DE ORGANIZACAO E EXPANSAO                  ; 0000000003014336,57
200505;46518205;JPMORGAN CHASE BANK                                         ;B;4010;0030000001;COMPENSACAO                                       ; 0000000425592071,34
200505;46518205;JPMORGAN CHASE BANK                                         ;B;4010;0030300000;TITULOS E VALORES MOBILIARIOS                     ; 0000000080779045,10
200505;46518205;JPMORGAN CHASE BANK                                         ;B;4010;0030400003;CUSTODIA DE VALORES                               ; 0000000010402730,00
200505;46518205;JPMORGAN CHASE BANK                                         ;B;4010;0030600009;NEGOCIACAO E INTERMEDIACAO DE VALORES             ; 0000000300668229,46
200505;46518205;JPMORGAN CHASE BANK                                         ;B;4010;0030800005;CONTRATOS                                         ; 0000000030000000,00
200505;46518205;JPMORGAN CHASE BANK                                         ;B;4010;0030900008;CONTROLE                                          ; 0000000003742066,78
200505;46518205;JPMORGAN CHASE BANK                                         ;B;4010;0039999993;TOTAL GERAL DO ATIVO                              ; 0000000700592983,99
200505;46518205;JPMORGAN CHASE BANK                                         ;B;4010;0040000008;CIRCULANTE EXIGIVEL A LONGO PRAZO                 ; 0000000080852953,66
200505;46518205;JPMORGAN CHASE BANK                                         ;B;4010;0041000007;DEPOSITOS                                         ; 0000000000025301,19
200505;46518205;JPMORGAN CHASE BANK                                         ;B;4010;0041100000;DEPOSITOS A VISTA                                 ; 0000000000025301,19
200505;46518205;JPMORGAN CHASE BANK                                         ;B;4010;0047000001;INSTRUMENTOS FINANCEIROS DERIVATIVOS              ; 0000000055826674,39
200505;46518205;JPMORGAN CHASE BANK                                         ;B;4010;0047100004;INSTRUMENTOS FINANCEIROS DERIVATIVOS              ; 0000000055826674,39
200505;46518205;JPMORGAN CHASE BANK                                         ;B;4010;0049000009;OUTRAS OBRIGACOES                                 ; 0000000025000978,08
200505;46518205;JPMORGAN CHASE BANK                                         ;B;4010;0049400001;FISCAIS E PREVIDENCIARIAS                         ; 0000000023108569,39
200505;46518205;JPMORGAN CHASE BANK                                         ;B;4010;0049900006;DIVERSAS                                          ; 0000000001892408,69
200505;46518205;JPMORGAN CHASE BANK                                         ;B;4010;0060000002;PATRIMONIO LIQUIDO                                ; 0000000190693560,47
200505;46518205;JPMORGAN CHASE BANK                                         ;B;4010;0061000001;PATRIMONIO LIQUIDO                                ; 0000000190693560,47
200505;46518205;JPMORGAN CHASE BANK                                         ;B;4010;0061100004;CAPITAL SOCIAL                                    ; 0000000034914654,88
200505;46518205;JPMORGAN CHASE BANK                                         ;B;4010;0061300000;RESERVAS DE CAPITAL                               ; 0000000018694974,74
200505;46518205;JPMORGAN CHASE BANK                                         ;B;4010;0061500006;RESERVAS DE LUCROS                                ; 0000000006982930,98
200505;46518205;JPMORGAN CHASE BANK                                         ;B;4010;0061800005;LUCROS OU PREJUIZOS ACUMULADOS                    ; 0000000130100999,87
200505;46518205;JPMORGAN CHASE BANK                                         ;B;4010;0070000009;CONTAS DE RESULTADO CREDORAS                      ; 0000000054547157,79
200505;46518205;JPMORGAN CHASE BANK                                         ;B;4010;0071000008;RECEITAS OPERACIONAIS                             ; 0000000053966136,13
200505;46518205;JPMORGAN CHASE BANK                                         ;B;4010;0071400000;RENDAS DE APLICACOES INTERFINANCEIRAS DE LIQUIDEZ ; 0000000010630975,85
200505;46518205;JPMORGAN CHASE BANK                                         ;B;4010;0071500003;RENDAS COM TIT. E VAL. MOB. E INST. FINANC. DERIV.; 0000000043178534,92
200505;46518205;JPMORGAN CHASE BANK                                         ;B;4010;0071900005;OUTRAS RECEITAS OPERACIONAIS                      ; 0000000000156625,36
200505;46518205;JPMORGAN CHASE BANK                                         ;B;4010;0073000006;RECEITAS NAO OPERACIONAIS                         ; 0000000000581021,66
200505;46518205;JPMORGAN CHASE BANK                                         ;B;4010;0073900003;OUTRAS RECEITAS NAO OPERACIONAIS                  ; 0000000000581021,66
200505;46518205;JPMORGAN CHASE BANK                                         ;B;4010;0080000006;(-) CONTAS DE RESULTADO DEVEDORAS                 ;-0000000051092759,27
200505;46518205;JPMORGAN CHASE BANK                                         ;B;4010;0081000005;(-) DESPESAS OPERACIONAIS                         ;-0000000050101289,37
200505;46518205;JPMORGAN CHASE BANK                                         ;B;4010;0081100008;(-) DESPESAS DE CAPTACAO                          ;-0000000000000000,41
200505;46518205;JPMORGAN CHASE BANK                                         ;B;4010;0081500000;(-) DESP. COM TIT. E VAL. MOB. E INST. FIN. DERIV.;-0000000043891803,32
200505;46518205;JPMORGAN CHASE BANK                                         ;B;4010;0081700006;(-) DESPESAS ADMINISTRATIVAS                      ;-0000000001693531,42
200505;46518205;JPMORGAN CHASE BANK                                         ;B;4010;0081800009;(-) APROVISIONAMENTOS E AJUSTES PATRIMONIAIS      ;-0000000001201682,23
200505;46518205;JPMORGAN CHASE BANK                                         ;B;4010;0081900002;(-) OUTRAS DESPESAS OPERACIONAIS                  ;-0000000003314271,99
200505;46518205;JPMORGAN CHASE BANK                                         ;B;4010;0083000003;(-) DESPESAS NAO OPERACIONAIS                     ;-0000000000006779,54
200505;46518205;JPMORGAN CHASE BANK                                         ;B;4010;0083100006;(-) PREJUIZOS EM TRANSACOES COM VALORES E BENS    ;-0000000000002990,12
200505;46518205;JPMORGAN CHASE BANK                                         ;B;4010;0083900000;(-) OUTRAS DESPESAS NAO OPERACIONAIS              ;-0000000000003789,42
200505;46518205;JPMORGAN CHASE BANK                                         ;B;4010;0089000007;(-) APURACAO DE RESULTADO                         ;-0000000000984690,36
200505;46518205;JPMORGAN CHASE BANK                                         ;B;4010;0089400009;(-) IMPOSTO DE RENDA                              ;-0000000000984690,36
200505;46518205;JPMORGAN CHASE BANK                                         ;B;4010;0090000003;COMPENSACAO                                       ; 0000000425592071,34
200505;46518205;JPMORGAN CHASE BANK                                         ;B;4010;0090300002;TITULOS E VALORES MOBILIARIOS                     ; 0000000080779045,10
200505;46518205;JPMORGAN CHASE BANK                                         ;B;4010;0090400005;CUSTODIA DE VALORES                               ; 0000000010402730,00
200505;46518205;JPMORGAN CHASE BANK                                         ;B;4010;0090600001;NEGOCIACAO E INTERMEDIACAO DE VALORES             ; 0000000300668229,46
200505;46518205;JPMORGAN CHASE BANK                                         ;B;4010;0090800007;CONTRATOS                                         ; 0000000030000000,00
200505;46518205;JPMORGAN CHASE BANK                                         ;B;4010;0090900000;CONTROLE                                          ; 0000000003742066,78
200505;46518205;JPMORGAN CHASE BANK                                         ;B;4010;0099999995;TOTAL GERAL DO PASSIVO                            ; 0000000700592983,99
200505;48103014;BCO SUDAMERIS INVESTIMENTO S.A                              ;I;4010;0010000007;CIRCULANTE E REALIZAVEL A LONGO PRAZO             ; 0000000017487235,53
200505;48103014;BCO SUDAMERIS INVESTIMENTO S.A                              ;I;4010;0011000006;DISPONIBILIDADES                                  ; 0000000000039151,26
200505;48103014;BCO SUDAMERIS INVESTIMENTO S.A                              ;I;4010;0011200002;DEPOSITOS BANCARIOS                               ; 0000000000039151,26
200505;48103014;BCO SUDAMERIS INVESTIMENTO S.A                              ;I;4010;0012000005;APLICACOES INTERFINANCEIRAS DE LIQUIDEZ           ; 0000000002893697,50
200505;48103014;BCO SUDAMERIS INVESTIMENTO S.A                              ;I;4010;0012100008;APLICACOES EM OPERACOES COMPROMISSADAS            ; 0000000001673887,81
200505;48103014;BCO SUDAMERIS INVESTIMENTO S.A                              ;I;4010;0012200001;APLICACOES EM DEPOSITOS INTERFINANCEIROS          ; 0000000001219809,69
200505;48103014;BCO SUDAMERIS INVESTIMENTO S.A                              ;I;4010;0013000004;TITULOS E VAL. MOB. E INST. FINANC. DERIVATIVOS   ; 0000000004581611,46
200505;48103014;BCO SUDAMERIS INVESTIMENTO S.A                              ;I;4010;0013100007;LIVRES                                            ; 0000000000006942,86
200505;48103014;BCO SUDAMERIS INVESTIMENTO S.A                              ;I;4010;0013600002;VINCULADOS A PRESTACAO DE GARANTIAS               ; 0000000004574668,60
200505;48103014;BCO SUDAMERIS INVESTIMENTO S.A                              ;I;4010;0018000009;OUTROS CREDITOS                                   ; 0000000009972775,31
200505;48103014;BCO SUDAMERIS INVESTIMENTO S.A                              ;I;4010;0018300008;RENDAS A RECEBER                                  ; 0000000000201708,22
200505;48103014;BCO SUDAMERIS INVESTIMENTO S.A                              ;I;4010;0018800003;DIVERSOS                                          ; 0000000009771067,09
200505;48103014;BCO SUDAMERIS INVESTIMENTO S.A                              ;I;4010;0020000004;PERMANENTE                                        ; 0000000000001881,08
200505;48103014;BCO SUDAMERIS INVESTIMENTO S.A                              ;I;4010;0022000002;IMOBILIZADO DE USO                                ; 0000000000001881,08
200505;48103014;BCO SUDAMERIS INVESTIMENTO S.A                              ;I;4010;0022900009;OUTROS                                            ; 0000000000001881,08
200505;48103014;BCO SUDAMERIS INVESTIMENTO S.A                              ;I;4010;0030000001;COMPENSACAO                                       ; 0000000533753489,92
200505;48103014;BCO SUDAMERIS INVESTIMENTO S.A                              ;I;4010;0030100004;COOBRIGACOES E RISCOS EM GARANTIAS PRESTADAS      ; 0000000000216933,02
200505;48103014;BCO SUDAMERIS INVESTIMENTO S.A                              ;I;4010;0030300000;TITULOS E VALORES MOBILIARIOS                     ; 0000000009159375,39
200505;48103014;BCO SUDAMERIS INVESTIMENTO S.A                              ;I;4010;0030400003;CUSTODIA DE VALORES                               ; 0000000004438000,00
200505;48103014;BCO SUDAMERIS INVESTIMENTO S.A                              ;I;4010;0030800005;CONTRATOS                                         ; 0000000519841662,52
200505;48103014;BCO SUDAMERIS INVESTIMENTO S.A                              ;I;4010;0030900008;CONTROLE                                          ; 0000000000097518,99
200505;48103014;BCO SUDAMERIS INVESTIMENTO S.A                              ;I;4010;0039999993;TOTAL GERAL DO ATIVO                              ; 0000000551242606,53
200505;48103014;BCO SUDAMERIS INVESTIMENTO S.A                              ;I;4010;0040000008;CIRCULANTE EXIGIVEL A LONGO PRAZO                 ; 0000000002072468,56
200505;48103014;BCO SUDAMERIS INVESTIMENTO S.A                              ;I;4010;0041000007;DEPOSITOS                                         ; 0000000001200320,47
200505;48103014;BCO SUDAMERIS INVESTIMENTO S.A                              ;I;4010;0041300006;DEPOSITOS INTERFINANCEIROS                        ; 0000000001200320,47
200505;48103014;BCO SUDAMERIS INVESTIMENTO S.A                              ;I;4010;0049000009;OUTRAS OBRIGACOES                                 ; 0000000000872148,09
200505;48103014;BCO SUDAMERIS INVESTIMENTO S.A                              ;I;4010;0049300008;SOCIAIS E ESTATUTARIAS                            ; 0000000000473327,68
200505;48103014;BCO SUDAMERIS INVESTIMENTO S.A                              ;I;4010;0049400001;FISCAIS E PREVIDENCIARIAS                         ; 0000000000378003,31
200505;48103014;BCO SUDAMERIS INVESTIMENTO S.A                              ;I;4010;0049900006;DIVERSAS                                          ; 0000000000020817,10
200505;48103014;BCO SUDAMERIS INVESTIMENTO S.A                              ;I;4010;0060000002;PATRIMONIO LIQUIDO                                ; 0000000014560465,03
200505;48103014;BCO SUDAMERIS INVESTIMENTO S.A                              ;I;4010;0061000001;PATRIMONIO LIQUIDO                                ; 0000000014560465,03
200505;48103014;BCO SUDAMERIS INVESTIMENTO S.A                              ;I;4010;0061100004;CAPITAL SOCIAL                                    ; 0000000013924894,94
200505;48103014;BCO SUDAMERIS INVESTIMENTO S.A                              ;I;4010;0061500006;RESERVAS DE LUCROS                                ; 0000000000637524,75
200505;48103014;BCO SUDAMERIS INVESTIMENTO S.A                              ;I;4010;0061600009;AJUSTES DE AVALIACAO PATRIMONIAL                  ;-0000000000001954,66
200505;48103014;BCO SUDAMERIS INVESTIMENTO S.A                              ;I;4010;0070000009;CONTAS DE RESULTADO CREDORAS                      ; 0000000001717283,69
200505;48103014;BCO SUDAMERIS INVESTIMENTO S.A                              ;I;4010;0071000008;RECEITAS OPERACIONAIS                             ; 0000000001698714,03
200505;48103014;BCO SUDAMERIS INVESTIMENTO S.A                              ;I;4010;0071400000;RENDAS DE APLICACOES INTERFINANCEIRAS DE LIQUIDEZ ; 0000000000171589,90
200505;48103014;BCO SUDAMERIS INVESTIMENTO S.A                              ;I;4010;0071500003;RENDAS COM TIT. E VAL. MOB. E INST. FINANC. DERIV.; 0000000000358598,38
200505;48103014;BCO SUDAMERIS INVESTIMENTO S.A                              ;I;4010;0071700009;RENDAS DE PRESTACAO DE SERVICOS                   ; 0000000000945253,97
200505;48103014;BCO SUDAMERIS INVESTIMENTO S.A                              ;I;4010;0071900005;OUTRAS RECEITAS OPERACIONAIS                      ; 0000000000223271,78
200505;48103014;BCO SUDAMERIS INVESTIMENTO S.A                              ;I;4010;0073000006;RECEITAS NAO OPERACIONAIS                         ; 0000000000018569,66
200505;48103014;BCO SUDAMERIS INVESTIMENTO S.A                              ;I;4010;0073100009;LUCROS EM TRANSACOES COM VALORES E BENS           ; 0000000000018569,66
200505;48103014;BCO SUDAMERIS INVESTIMENTO S.A                              ;I;4010;0080000006;(-) CONTAS DE RESULTADO DEVEDORAS                 ;-0000000000861100,67
200505;48103014;BCO SUDAMERIS INVESTIMENTO S.A                              ;I;4010;0081000005;(-) DESPESAS OPERACIONAIS                         ;-0000000000435131,52
200505;48103014;BCO SUDAMERIS INVESTIMENTO S.A                              ;I;4010;0081100008;(-) DESPESAS DE CAPTACAO                          ;-0000000000069613,46
200505;48103014;BCO SUDAMERIS INVESTIMENTO S.A                              ;I;4010;0081700006;(-) DESPESAS ADMINISTRATIVAS                      ;-0000000000266810,59
200505;48103014;BCO SUDAMERIS INVESTIMENTO S.A                              ;I;4010;0081800009;(-) APROVISIONAMENTOS E AJUSTES PATRIMONIAIS      ;-0000000000005024,48
200505;48103014;BCO SUDAMERIS INVESTIMENTO S.A                              ;I;4010;0081900002;(-) OUTRAS DESPESAS OPERACIONAIS                  ;-0000000000093682,99
200505;48103014;BCO SUDAMERIS INVESTIMENTO S.A                              ;I;4010;0089000007;(-) APURACAO DE RESULTADO                         ;-0000000000425969,15
200505;48103014;BCO SUDAMERIS INVESTIMENTO S.A                              ;I;4010;0089400009;(-) IMPOSTO DE RENDA                              ;-0000000000425969,15
200505;48103014;BCO SUDAMERIS INVESTIMENTO S.A                              ;I;4010;0090000003;COMPENSACAO                                       ; 0000000533753489,92
200505;48103014;BCO SUDAMERIS INVESTIMENTO S.A                              ;I;4010;0090100006;COOBRIGACOES E RISCOS EM GARANTIAS PRESTADAS      ; 0000000000216933,02
200505;48103014;BCO SUDAMERIS INVESTIMENTO S.A                              ;I;4010;0090300002;TITULOS E VALORES MOBILIARIOS                     ; 0000000009159375,39
200505;48103014;BCO SUDAMERIS INVESTIMENTO S.A                              ;I;4010;0090400005;CUSTODIA DE VALORES                               ; 0000000004438000,00
200505;48103014;BCO SUDAMERIS INVESTIMENTO S.A                              ;I;4010;0090800007;CONTRATOS                                         ; 0000000519841662,52
200505;48103014;BCO SUDAMERIS INVESTIMENTO S.A                              ;I;4010;0090900000;CONTROLE                                          ; 0000000000097518,99
200505;48103014;BCO SUDAMERIS INVESTIMENTO S.A                              ;I;4010;0099999995;TOTAL GERAL DO PASSIVO                            ; 0000000551242606,53
200505;48795256;BCO LEMON S.A                                               ;U;4010;0010000007;CIRCULANTE E REALIZAVEL A LONGO PRAZO             ; 0000000062571894,14
200505;48795256;BCO LEMON S.A                                               ;U;4010;0011000006;DISPONIBILIDADES                                  ; 0000000000091531,09
200505;48795256;BCO LEMON S.A                                               ;U;4010;0011100009;CAIXA                                             ; 0000000000008621,92
200505;48795256;BCO LEMON S.A                                               ;U;4010;0011300005;RESERVAS LIVRES                                   ; 0000000000077217,48
200505;48795256;BCO LEMON S.A                                               ;U;4010;0011500001;DISPONIBILIDADES EM MOEDAS ESTRANGEIRAS           ; 0000000000005691,69
200505;48795256;BCO LEMON S.A                                               ;U;4010;0012000005;APLICACOES INTERFINANCEIRAS DE LIQUIDEZ           ; 0000000006644078,41
200505;48795256;BCO LEMON S.A                                               ;U;4010;0012100008;APLICACOES EM OPERACOES COMPROMISSADAS            ; 0000000002198473,93
200505;48795256;BCO LEMON S.A                                               ;U;4010;0012200001;APLICACOES EM DEPOSITOS INTERFINANCEIROS          ; 0000000004445604,48
200505;48795256;BCO LEMON S.A                                               ;U;4010;0013000004;TITULOS E VAL. MOB. E INST. FINANC. DERIVATIVOS   ; 0000000009270540,52
200505;48795256;BCO LEMON S.A                                               ;U;4010;0013100007;LIVRES                                            ; 0000000006568178,84
200505;48795256;BCO LEMON S.A                                               ;U;4010;0013600002;VINCULADOS A PRESTACAO DE GARANTIAS               ; 0000000002702361,68
200505;48795256;BCO LEMON S.A                                               ;U;4010;0014000003;RELACOES INTERFINANCEIRAS                         ; 0000000042065714,39
200505;48795256;BCO LEMON S.A                                               ;U;4010;0014100006;DIREITOS JUNTO A PARTIC. DE SISTEMAS DE LIQUIDAÇÃO; 0000000010682701,47
200505;48795256;BCO LEMON S.A                                               ;U;4010;0014200009;CREDITOS VINCULADOS                               ; 0000000000056890,49
200505;48795256;BCO LEMON S.A                                               ;U;4010;0014400005;RELACOES COM CORRESPONDENTES                      ; 0000000031326122,43
200505;48795256;BCO LEMON S.A                                               ;U;4010;0016000001;OPERACOES DE CREDITO                              ; 0000000002347980,90
200505;48795256;BCO LEMON S.A                                               ;U;4010;0016100004;EMPRESTIMOS E TITULOS DESCONTADOS                 ; 0000000002485801,88
200505;48795256;BCO LEMON S.A                                               ;U;4010;0016900008;(-) PROVISOES PARA OPERACOES DE CREDITO           ;-0000000000137820,98
200505;48795256;BCO LEMON S.A                                               ;U;4010;0018000009;OUTROS CREDITOS                                   ; 0000000002145642,89
200505;48795256;BCO LEMON S.A                                               ;U;4010;0018300008;RENDAS A RECEBER                                  ; 0000000000865586,75
200505;48795256;BCO LEMON S.A                                               ;U;4010;0018800003;DIVERSOS                                          ; 0000000001280056,14
200505;48795256;BCO LEMON S.A                                               ;U;4010;0019000008;OUTROS VALORES E BENS                             ; 0000000000006405,94
200505;48795256;BCO LEMON S.A                                               ;U;4010;0019900005;DESPESAS ANTECIPADAS                              ; 0000000000006405,94
200505;48795256;BCO LEMON S.A                                               ;U;4010;0020000004;PERMANENTE                                        ; 0000000008102850,14
200505;48795256;BCO LEMON S.A                                               ;U;4010;0022000002;IMOBILIZADO DE USO                                ; 0000000006863024,65
200505;48795256;BCO LEMON S.A                                               ;U;4010;0022300001;IMOVEIS DE USO                                    ; 0000000002778979,90
200505;48795256;BCO LEMON S.A                                               ;U;4010;0022400004;INSTALACOES, MOVEIS E EQUIPAMENTOS DE USO         ; 0000000000816213,30
200505;48795256;BCO LEMON S.A                                               ;U;4010;0022900009;OUTROS                                            ; 0000000003267831,45
200505;48795256;BCO LEMON S.A                                               ;U;4010;0024000000;DIFERIDO                                          ; 0000000001239825,49
200505;48795256;BCO LEMON S.A                                               ;U;4010;0024100003;GASTOS DE ORGANIZACAO E EXPANSAO                  ; 0000000001239825,49
200505;48795256;BCO LEMON S.A                                               ;U;4010;0030000001;COMPENSACAO                                       ; 0000000037153359,35
200505;48795256;BCO LEMON S.A                                               ;U;4010;0030300000;TITULOS E VALORES MOBILIARIOS                     ; 0000000018541081,04
200505;48795256;BCO LEMON S.A                                               ;U;4010;0030400003;CUSTODIA DE VALORES                               ; 0000000000747671,00
200505;48795256;BCO LEMON S.A                                               ;U;4010;0030800005;CONTRATOS                                         ; 0000000003800000,00
200505;48795256;BCO LEMON S.A                                               ;U;4010;0030900008;CONTROLE                                          ; 0000000011578805,43
200505;48795256;BCO LEMON S.A                                               ;U;4010;0031000000;CLASSIFICACAO DA CARTEIRA DE CREDITOS             ; 0000000002485801,88
200505;48795256;BCO LEMON S.A                                               ;U;4010;0031200006;OPERACOES DE RISCO NIVEL A                        ; 0000000002316864,05
200505;48795256;BCO LEMON S.A                                               ;U;4010;0031300009;OPERACOES DE RISCO NIVELB                         ; 0000000000001193,36
200505;48795256;BCO LEMON S.A                                               ;U;4010;0031400002;OPERACOES DE RISCO NIVELC                         ; 0000000000010852,26
200505;48795256;BCO LEMON S.A                                               ;U;4010;0031500005;OPERACOES DE RISCO NIVEL D                        ; 0000000000026282,91
200505;48795256;BCO LEMON S.A                                               ;U;4010;0031600008;OPERACOES DE RISCO NIVEL E                        ; 0000000000008113,47
200505;48795256;BCO LEMON S.A                                               ;U;4010;0031700001;OPERACOES DE RISCO NIVEL F                        ; 0000000000000366,91
200505;48795256;BCO LEMON S.A                                               ;U;4010;0031800004;OPERACOES DE RISCO NIVEL G                        ; 0000000000004918,47
200505;48795256;BCO LEMON S.A                                               ;U;4010;0031900007;OPERACOES DE RISCO NIVEL H                        ; 0000000000117210,45
200505;48795256;BCO LEMON S.A                                               ;U;4010;0039999993;TOTAL GERAL DO ATIVO                              ; 0000000107828103,63
200505;48795256;BCO LEMON S.A                                               ;U;4010;0040000008;CIRCULANTE EXIGIVEL A LONGO PRAZO                 ; 0000000034808123,06
200505;48795256;BCO LEMON S.A                                               ;U;4010;0041000007;DEPOSITOS                                         ; 0000000004515183,03
200505;48795256;BCO LEMON S.A                                               ;U;4010;0041100000;DEPOSITOS A VISTA                                 ; 0000000000128886,89
200505;48795256;BCO LEMON S.A                                               ;U;4010;0041200003;DEPOSITOS DE POUPANCA                             ; 0000000000080749,90
200505;48795256;BCO LEMON S.A                                               ;U;4010;0041500002;DEPOSITOS A PRAZO                                 ; 0000000004305546,24
200505;48795256;BCO LEMON S.A                                               ;U;4010;0044000004;RELACOES INTERFINANCEIRAS                         ; 0000000006687481,50
200505;48795256;BCO LEMON S.A                                               ;U;4010;0044100007;OBRIGAÇÕES JUNTO A PARTIC. DE SIST. DE LIQUIDACÃO ; 0000000006687481,50
200505;48795256;BCO LEMON S.A                                               ;U;4010;0045000003;RELACOES INTERDEPENDENCIAS                        ; 0000000000006729,43
200505;48795256;BCO LEMON S.A                                               ;U;4010;0045100006;RECURSOS EM TRANSITO DE TERCEIROS                 ; 0000000000006729,43
200505;48795256;BCO LEMON S.A                                               ;U;4010;0049000009;OUTRAS OBRIGACOES                                 ; 0000000023598729,10
200505;48795256;BCO LEMON S.A                                               ;U;4010;0049100002;COBRANCA E ARRECADACAO DE TRIBUTOS E ASSEMELHADOS ; 0000000000000055,98
200505;48795256;BCO LEMON S.A                                               ;U;4010;0049300008;SOCIAIS E ESTATUTARIAS                            ; 0000000000205500,00
200505;48795256;BCO LEMON S.A                                               ;U;4010;0049400001;FISCAIS E PREVIDENCIARIAS                         ; 0000000000449833,57
200505;48795256;BCO LEMON S.A                                               ;U;4010;0049900006;DIVERSAS                                          ; 0000000022943339,55
200505;48795256;BCO LEMON S.A                                               ;U;4010;0050000005;RESULTADOS DE EXERCICIOS FUTUROS                  ; 0000000000000019,98
200505;48795256;BCO LEMON S.A                                               ;U;4010;0051000004;RECEITAS DE EXERCICIOS FUTUROS                    ; 0000000000000019,98
200505;48795256;BCO LEMON S.A                                               ;U;4010;0051100007;RECEITAS DE EXERCICIOS FUTUROS                    ; 0000000000000019,98
200505;48795256;BCO LEMON S.A                                               ;U;4010;0060000002;PATRIMONIO LIQUIDO                                ; 0000000036185021,99
200505;48795256;BCO LEMON S.A                                               ;U;4010;0061000001;PATRIMONIO LIQUIDO                                ; 0000000036185021,99
200505;48795256;BCO LEMON S.A                                               ;U;4010;0061100004;CAPITAL SOCIAL                                    ; 0000000049081499,36
200505;48795256;BCO LEMON S.A                                               ;U;4010;0061300000;RESERVAS DE CAPITAL                               ; 0000000000094506,46
200505;48795256;BCO LEMON S.A                                               ;U;4010;0061800005;LUCROS OU PREJUIZOS ACUMULADOS                    ;-0000000012990983,83
200505;48795256;BCO LEMON S.A                                               ;U;4010;0070000009;CONTAS DE RESULTADO CREDORAS                      ; 0000000013525031,75
200505;48795256;BCO LEMON S.A                                               ;U;4010;0071000008;RECEITAS OPERACIONAIS                             ; 0000000013525031,75
200505;48795256;BCO LEMON S.A                                               ;U;4010;0071100001;RENDAS DE OPERACOES DE CREDITO                    ; 0000000000423543,98
200505;48795256;BCO LEMON S.A                                               ;U;4010;0071400000;RENDAS DE APLICACOES INTERFINANCEIRAS DE LIQUIDEZ ; 0000000000619727,13
200505;48795256;BCO LEMON S.A                                               ;U;4010;0071500003;RENDAS COM TIT. E VAL. MOB. E INST. FINANC. DERIV.; 0000000000629228,23
200505;48795256;BCO LEMON S.A                                               ;U;4010;0071700009;RENDAS DE PRESTACAO DE SERVICOS                   ; 0000000011812568,79
200505;48795256;BCO LEMON S.A                                               ;U;4010;0071900005;OUTRAS RECEITAS OPERACIONAIS                      ; 0000000000039963,62
200505;48795256;BCO LEMON S.A                                               ;U;4010;0080000006;(-) CONTAS DE RESULTADO DEVEDORAS                 ;-0000000013843452,50
200505;48795256;BCO LEMON S.A                                               ;U;4010;0081000005;(-) DESPESAS OPERACIONAIS                         ;-0000000013843015,54
200505;48795256;BCO LEMON S.A                                               ;U;4010;0081100008;(-) DESPESAS DE CAPTACAO                          ;-0000000000297189,12
200505;48795256;BCO LEMON S.A                                               ;U;4010;0081200001;(-) DESP DE OBRIGACOES POR EMPRESTIMOS E REPASSES ;-0000000000008314,61
200505;48795256;BCO LEMON S.A                                               ;U;4010;0081700006;(-) DESPESAS ADMINISTRATIVAS                      ;-0000000011364923,23
200505;48795256;BCO LEMON S.A                                               ;U;4010;0081800009;(-) APROVISIONAMENTOS E AJUSTES PATRIMONIAIS      ;-0000000000927896,15
200505;48795256;BCO LEMON S.A                                               ;U;4010;0081900002;(-) OUTRAS DESPESAS OPERACIONAIS                  ;-0000000001244692,43
200505;48795256;BCO LEMON S.A                                               ;U;4010;0083000003;(-) DESPESAS NAO OPERACIONAIS                     ;-0000000000000436,96
200505;48795256;BCO LEMON S.A                                               ;U;4010;0083900000;(-) OUTRAS DESPESAS NAO OPERACIONAIS              ;-0000000000000436,96
200505;48795256;BCO LEMON S.A                                               ;U;4010;0090000003;COMPENSACAO                                       ; 0000000037153359,35
200505;48795256;BCO LEMON S.A                                               ;U;4010;0090300002;TITULOS E VALORES MOBILIARIOS                     ; 0000000018541081,04
200505;48795256;BCO LEMON S.A                                               ;U;4010;0090400005;CUSTODIA DE VALORES                               ; 0000000000747671,00
200505;48795256;BCO LEMON S.A                                               ;U;4010;0090800007;CONTRATOS                                         ; 0000000003800000,00
200505;48795256;BCO LEMON S.A                                               ;U;4010;0090900000;CONTROLE                                          ; 0000000011578805,43
200505;48795256;BCO LEMON S.A                                               ;U;4010;0091000002;CLASSIFICACAO DA CARTEIRA DE CREDITOS             ; 0000000002485801,88
200505;48795256;BCO LEMON S.A                                               ;U;4010;0091100005;OPERACOES DE CREDITOS E ARRENDAMENTO MERCANTIL    ; 0000000002485801,88
200505;48795256;BCO LEMON S.A                                               ;U;4010;0099999995;TOTAL GERAL DO PASSIVO                            ; 0000000107828103,63
200505;49336860;ING BANK N.V.                                               ;B;4010;0010000007;CIRCULANTE E REALIZAVEL A LONGO PRAZO             ; 0000003386209328,83
200505;49336860;ING BANK N.V.                                               ;B;4010;0011000006;DISPONIBILIDADES                                  ; 0000000000116386,32
200505;49336860;ING BANK N.V.                                               ;B;4010;0011100009;CAIXA                                             ; 0000000000059211,63
200505;49336860;ING BANK N.V.                                               ;B;4010;0011500001;DISPONIBILIDADES EM MOEDAS ESTRANGEIRAS           ; 0000000000057174,69
200505;49336860;ING BANK N.V.                                               ;B;4010;0012000005;APLICACOES INTERFINANCEIRAS DE LIQUIDEZ           ; 0000001976550420,73
200505;49336860;ING BANK N.V.                                               ;B;4010;0012100008;APLICACOES EM OPERACOES COMPROMISSADAS            ; 0000001892745649,38
200505;49336860;ING BANK N.V.                                               ;B;4010;0012200001;APLICACOES EM DEPOSITOS INTERFINANCEIROS          ; 0000000083804771,35
200505;49336860;ING BANK N.V.                                               ;B;4010;0013000004;TITULOS E VAL. MOB. E INST. FINANC. DERIVATIVOS   ; 0000000728795602,55
200505;49336860;ING BANK N.V.                                               ;B;4010;0013100007;LIVRES                                            ; 0000000177255992,47
200505;49336860;ING BANK N.V.                                               ;B;4010;0013200000;VINCULADOS A OPERACOES COMPROMISSADAS             ; 0000000135563041,26
200505;49336860;ING BANK N.V.                                               ;B;4010;0013300003;INSTRUMENTOS FINANCEIROS DERIVATIVOS              ; 0000000150145934,73
200505;49336860;ING BANK N.V.                                               ;B;4010;0013600002;VINCULADOS A PRESTACAO DE GARANTIAS               ; 0000000265830634,09
200505;49336860;ING BANK N.V.                                               ;B;4010;0014000003;RELACOES INTERFINANCEIRAS                         ; 0000000000509226,01
200505;49336860;ING BANK N.V.                                               ;B;4010;0014200009;CREDITOS VINCULADOS                               ; 0000000000509226,01
200505;49336860;ING BANK N.V.                                               ;B;4010;0016000001;OPERACOES DE CREDITO                              ; 0000000152060385,23
200505;49336860;ING BANK N.V.                                               ;B;4010;0016100004;EMPRESTIMOS E TITULOS DESCONTADOS                 ; 0000000152060385,23
200505;49336860;ING BANK N.V.                                               ;B;4010;0018000009;OUTROS CREDITOS                                   ; 0000000527627106,06
200505;49336860;ING BANK N.V.                                               ;B;4010;0018200005;CARTEIRA DE CAMBIO                                ; 0000000449262761,29
200505;49336860;ING BANK N.V.                                               ;B;4010;0018300008;RENDAS A RECEBER                                  ; 0000000000043833,28
200505;49336860;ING BANK N.V.                                               ;B;4010;0018400001;NEGOCIACAO E INTERMEDIACAO DE VALORES             ; 0000000016482506,83
200505;49336860;ING BANK N.V.                                               ;B;4010;0018800003;DIVERSOS                                          ; 0000000061838004,66
200505;49336860;ING BANK N.V.                                               ;B;4010;0019000008;OUTROS VALORES E BENS                             ; 0000000000550201,93
200505;49336860;ING BANK N.V.                                               ;B;4010;0019800002;OUTROS VALORES E BENS                             ; 0000000000096814,46
200505;49336860;ING BANK N.V.                                               ;B;4010;0019900005;DESPESAS ANTECIPADAS                              ; 0000000000453387,47
200505;49336860;ING BANK N.V.                                               ;B;4010;0020000004;PERMANENTE                                        ; 0000000013329267,86
200505;49336860;ING BANK N.V.                                               ;B;4010;0021000003;INVESTIMENTOS                                     ; 0000000005852110,49
200505;49336860;ING BANK N.V.                                               ;B;4010;0021400005;TITULOS PATRIMONIAIS                              ; 0000000003505090,67
200505;49336860;ING BANK N.V.                                               ;B;4010;0021500008;ACOES E COTAS                                     ; 0000000002312019,82
200505;49336860;ING BANK N.V.                                               ;B;4010;0021900000;OUTROS INVESTIMENTOS                              ; 0000000000035000,00
200505;49336860;ING BANK N.V.                                               ;B;4010;0022000002;IMOBILIZADO DE USO                                ; 0000000003978581,71
200505;49336860;ING BANK N.V.                                               ;B;4010;0022400004;INSTALACOES, MOVEIS E EQUIPAMENTOS DE USO         ; 0000000001551902,12
200505;49336860;ING BANK N.V.                                               ;B;4010;0022900009;OUTROS                                            ; 0000000002426679,59
200505;49336860;ING BANK N.V.                                               ;B;4010;0024000000;DIFERIDO                                          ; 0000000003498575,66
200505;49336860;ING BANK N.V.                                               ;B;4010;0024100003;GASTOS DE ORGANIZACAO E EXPANSAO                  ; 0000000003498575,66
200505;49336860;ING BANK N.V.                                               ;B;4010;0030000001;COMPENSACAO                                       ; 0000012936955649,34
200505;49336860;ING BANK N.V.                                               ;B;4010;0030100004;COOBRIGACOES E RISCOS EM GARANTIAS PRESTADAS      ; 0000000024535000,00
200505;49336860;ING BANK N.V.                                               ;B;4010;0030300000;TITULOS E VALORES MOBILIARIOS                     ; 0000001157299335,64
200505;49336860;ING BANK N.V.                                               ;B;4010;0030400003;CUSTODIA DE VALORES                               ; 0000000053245302,08
200505;49336860;ING BANK N.V.                                               ;B;4010;0030600009;NEGOCIACAO E INTERMEDIACAO DE VALORES             ; 0000011169466124,54
200505;49336860;ING BANK N.V.                                               ;B;4010;0030800005;CONTRATOS                                         ; 0000000013065000,00
200505;49336860;ING BANK N.V.                                               ;B;4010;0030900008;CONTROLE                                          ; 0000000361439340,65
200505;49336860;ING BANK N.V.                                               ;B;4010;0031000000;CLASSIFICACAO DA CARTEIRA DE CREDITOS             ; 0000000157905546,43
200505;49336860;ING BANK N.V.                                               ;B;4010;0031100003;OPERACOES DE RISCO NIVEL AA                       ; 0000000157905546,43
200505;49336860;ING BANK N.V.                                               ;B;4010;0039999993;TOTAL GERAL DO ATIVO                              ; 0000016336494246,03
200505;49336860;ING BANK N.V.                                               ;B;4010;0040000008;CIRCULANTE EXIGIVEL A LONGO PRAZO                 ; 0000003221153497,63
200505;49336860;ING BANK N.V.                                               ;B;4010;0041000007;DEPOSITOS                                         ; 0000000266972480,85
200505;49336860;ING BANK N.V.                                               ;B;4010;0041100000;DEPOSITOS A VISTA                                 ; 0000000030474885,56
200505;49336860;ING BANK N.V.                                               ;B;4010;0041300006;DEPOSITOS INTERFINANCEIROS                        ; 0000000057112146,07
200505;49336860;ING BANK N.V.                                               ;B;4010;0041500002;DEPOSITOS A PRAZO                                 ; 0000000179385449,22
200505;49336860;ING BANK N.V.                                               ;B;4010;0042000006;OBRIGACOES POR OPERACOES COMPROMISSADAS           ; 0000001967991914,24
200505;49336860;ING BANK N.V.                                               ;B;4010;0042100009;CARTEIRA PROPRIA                                  ; 0000000135000173,26
200505;49336860;ING BANK N.V.                                               ;B;4010;0042200002;CARTEIRA DE TERCEIROS                             ; 0000001832991740,98
200505;49336860;ING BANK N.V.                                               ;B;4010;0044000004;RELACOES INTERFINANCEIRAS                         ; 0000000000144435,87
200505;49336860;ING BANK N.V.                                               ;B;4010;0044100007;OBRIGAÇÕES JUNTO A PARTIC. DE SIST. DE LIQUIDACÃO ; 0000000000144435,87
200505;49336860;ING BANK N.V.                                               ;B;4010;0045000003;RELACOES INTERDEPENDENCIAS                        ; 0000000003988600,92
200505;49336860;ING BANK N.V.                                               ;B;4010;0045100006;RECURSOS EM TRANSITO DE TERCEIROS                 ; 0000000003988600,92
200505;49336860;ING BANK N.V.                                               ;B;4010;0046000002;OBRIGACOES POR EMPRESTIMOS E REPASSES             ; 0000000334651265,40
200505;49336860;ING BANK N.V.                                               ;B;4010;0046300001;EMPRESTIMOS NO EXTERIOR                           ; 0000000197046000,00
200505;49336860;ING BANK N.V.                                               ;B;4010;0046600000;REPASSES DO EXTERIOR                              ; 0000000137605265,40
200505;49336860;ING BANK N.V.                                               ;B;4010;0047000001;INSTRUMENTOS FINANCEIROS DERIVATIVOS              ; 0000000136054229,35
200505;49336860;ING BANK N.V.                                               ;B;4010;0047100004;INSTRUMENTOS FINANCEIROS DERIVATIVOS              ; 0000000136054229,35
200505;49336860;ING BANK N.V.                                               ;B;4010;0049000009;OUTRAS OBRIGACOES                                 ; 0000000511350571,00
200505;49336860;ING BANK N.V.                                               ;B;4010;0049200005;CARTEIRA DE CAMBIO                                ; 0000000443646969,78
200505;49336860;ING BANK N.V.                                               ;B;4010;0049400001;FISCAIS E PREVIDENCIARIAS                         ; 0000000035447473,61
200505;49336860;ING BANK N.V.                                               ;B;4010;0049500004;NEGOCIACAO E INTERMEDIACAO DE VALORES             ; 0000000012122657,68
200505;49336860;ING BANK N.V.                                               ;B;4010;0049900006;DIVERSAS                                          ; 0000000020133469,93
200505;49336860;ING BANK N.V.                                               ;B;4010;0060000002;PATRIMONIO LIQUIDO                                ; 0000000200080567,96
200505;49336860;ING BANK N.V.                                               ;B;4010;0061000001;PATRIMONIO LIQUIDO                                ; 0000000200080567,96
200505;49336860;ING BANK N.V.                                               ;B;4010;0061100004;CAPITAL SOCIAL                                    ; 0000000086852270,76
200505;49336860;ING BANK N.V.                                               ;B;4010;0061300000;RESERVAS DE CAPITAL                               ; 0000000001486029,11
200505;49336860;ING BANK N.V.                                               ;B;4010;0061500006;RESERVAS DE LUCROS                                ; 0000000010032457,80
200505;49336860;ING BANK N.V.                                               ;B;4010;0061800005;LUCROS OU PREJUIZOS ACUMULADOS                    ; 0000000101709810,29
200505;49336860;ING BANK N.V.                                               ;B;4010;0070000009;CONTAS DE RESULTADO CREDORAS                      ; 0000001055517690,88
200505;49336860;ING BANK N.V.                                               ;B;4010;0071000008;RECEITAS OPERACIONAIS                             ; 0000001055455508,06
200505;49336860;ING BANK N.V.                                               ;B;4010;0071100001;RENDAS DE OPERACOES DE CREDITO                    ; 0000000004413562,53
200505;49336860;ING BANK N.V.                                               ;B;4010;0071300007;RENDAS DE CAMBIO                                  ; 0000000090814501,81
200505;49336860;ING BANK N.V.                                               ;B;4010;0071400000;RENDAS DE APLICACOES INTERFINANCEIRAS DE LIQUIDEZ ; 0000000132651917,11
200505;49336860;ING BANK N.V.                                               ;B;4010;0071500003;RENDAS COM TIT. E VAL. MOB. E INST. FINANC. DERIV.; 0000000820495473,99
200505;49336860;ING BANK N.V.                                               ;B;4010;0071700009;RENDAS DE PRESTACAO DE SERVICOS                   ; 0000000002000960,52
200505;49336860;ING BANK N.V.                                               ;B;4010;0071900005;OUTRAS RECEITAS OPERACIONAIS                      ; 0000000005079092,10
200505;49336860;ING BANK N.V.                                               ;B;4010;0073000006;RECEITAS NAO OPERACIONAIS                         ; 0000000000062182,82
200505;49336860;ING BANK N.V.                                               ;B;4010;0073100009;LUCROS EM TRANSACOES COM VALORES E BENS           ; 0000000000000020,00
200505;49336860;ING BANK N.V.                                               ;B;4010;0073900003;OUTRAS RECEITAS NAO OPERACIONAIS                  ; 0000000000062162,82
200505;49336860;ING BANK N.V.                                               ;B;4010;0080000006;(-) CONTAS DE RESULTADO DEVEDORAS                 ;-0000001077213159,78
200505;49336860;ING BANK N.V.                                               ;B;4010;0081000005;(-) DESPESAS OPERACIONAIS                         ;-0000001088148739,92
200505;49336860;ING BANK N.V.                                               ;B;4010;0081100008;(-) DESPESAS DE CAPTACAO                          ;-0000000160596546,00
200505;49336860;ING BANK N.V.                                               ;B;4010;0081200001;(-) DESP DE OBRIGACOES POR EMPRESTIMOS E REPASSES ;-0000000017741476,51
200505;49336860;ING BANK N.V.                                               ;B;4010;0081400007;(-) DESPESAS DE CAMBIO                            ;-0000000074656030,20
200505;49336860;ING BANK N.V.                                               ;B;4010;0081500000;(-) DESP. COM TIT. E VAL. MOB. E INST. FIN. DERIV.;-0000000805638039,38
200505;49336860;ING BANK N.V.                                               ;B;4010;0081700006;(-) DESPESAS ADMINISTRATIVAS                      ;-0000000026021854,80
200505;49336860;ING BANK N.V.                                               ;B;4010;0081800009;(-) APROVISIONAMENTOS E AJUSTES PATRIMONIAIS      ;-0000000000804632,39
200505;49336860;ING BANK N.V.                                               ;B;4010;0081900002;(-) OUTRAS DESPESAS OPERACIONAIS                  ;-0000000002690160,64
200505;49336860;ING BANK N.V.                                               ;B;4010;0083000003;(-) DESPESAS NAO OPERACIONAIS                     ;-0000000000000000,23
200505;49336860;ING BANK N.V.                                               ;B;4010;0083100006;(-) PREJUIZOS EM TRANSACOES COM VALORES E BENS    ;-0000000000000000,23
200505;49336860;ING BANK N.V.                                               ;B;4010;0089000007;(-) APURACAO DE RESULTADO                         ; 0000000010935580,37
200505;49336860;ING BANK N.V.                                               ;B;4010;0089400009;(-) IMPOSTO DE RENDA                              ; 0000000011153210,31
200505;49336860;ING BANK N.V.                                               ;B;4010;0089700008;(-) PARTICIPACOES NO LUCRO                        ;-0000000000217629,94
200505;49336860;ING BANK N.V.                                               ;B;4010;0090000003;COMPENSACAO                                       ; 0000012936955649,34
200505;49336860;ING BANK N.V.                                               ;B;4010;0090100006;COOBRIGACOES E RISCOS EM GARANTIAS PRESTADAS      ; 0000000024535000,00
200505;49336860;ING BANK N.V.                                               ;B;4010;0090300002;TITULOS E VALORES MOBILIARIOS                     ; 0000001157299335,64
200505;49336860;ING BANK N.V.                                               ;B;4010;0090400005;CUSTODIA DE VALORES                               ; 0000000053245302,08
200505;49336860;ING BANK N.V.                                               ;B;4010;0090600001;NEGOCIACAO E INTERMEDIACAO DE VALORES             ; 0000011169466124,54
200505;49336860;ING BANK N.V.                                               ;B;4010;0090800007;CONTRATOS                                         ; 0000000013065000,00
200505;49336860;ING BANK N.V.                                               ;B;4010;0090900000;CONTROLE                                          ; 0000000361439340,65
200505;49336860;ING BANK N.V.                                               ;B;4010;0091000002;CLASSIFICACAO DA CARTEIRA DE CREDITOS             ; 0000000157905546,43
200505;49336860;ING BANK N.V.                                               ;B;4010;0091100005;OPERACOES DE CREDITOS E ARRENDAMENTO MERCANTIL    ; 0000000157905546,43
200505;49336860;ING BANK N.V.                                               ;B;4010;0099999995;TOTAL GERAL DO PASSIVO                            ; 0000016336494246,03
200505;50585090;BCO SCHAHIN S.A.                                            ;U;4010;0010000007;CIRCULANTE E REALIZAVEL A LONGO PRAZO             ; 0000000940481050,81
200505;50585090;BCO SCHAHIN S.A.                                            ;U;4010;0011000006;DISPONIBILIDADES                                  ; 0000000002040930,48
200505;50585090;BCO SCHAHIN S.A.                                            ;U;4010;0011100009;CAIXA                                             ; 0000000000253482,57
200505;50585090;BCO SCHAHIN S.A.                                            ;U;4010;0011200002;DEPOSITOS BANCARIOS                               ; 0000000000274881,71
200505;50585090;BCO SCHAHIN S.A.                                            ;U;4010;0011300005;RESERVAS LIVRES                                   ; 0000000001435224,39
200505;50585090;BCO SCHAHIN S.A.                                            ;U;4010;0011500001;DISPONIBILIDADES EM MOEDAS ESTRANGEIRAS           ; 0000000000077341,81
200505;50585090;BCO SCHAHIN S.A.                                            ;U;4010;0012000005;APLICACOES INTERFINANCEIRAS DE LIQUIDEZ           ; 0000000087743257,61
200505;50585090;BCO SCHAHIN S.A.                                            ;U;4010;0012100008;APLICACOES EM OPERACOES COMPROMISSADAS            ; 0000000012999364,50
200505;50585090;BCO SCHAHIN S.A.                                            ;U;4010;0012200001;APLICACOES EM DEPOSITOS INTERFINANCEIROS          ; 0000000074743893,11
200505;50585090;BCO SCHAHIN S.A.                                            ;U;4010;0013000004;TITULOS E VAL. MOB. E INST. FINANC. DERIVATIVOS   ; 0000000122444183,27
200505;50585090;BCO SCHAHIN S.A.                                            ;U;4010;0013100007;LIVRES                                            ; 0000000062393402,34
200505;50585090;BCO SCHAHIN S.A.                                            ;U;4010;0013200000;VINCULADOS A OPERACOES COMPROMISSADAS             ; 0000000010173725,40
200505;50585090;BCO SCHAHIN S.A.                                            ;U;4010;0013300003;INSTRUMENTOS FINANCEIROS DERIVATIVOS              ; 0000000035652300,85
200505;50585090;BCO SCHAHIN S.A.                                            ;U;4010;0013600002;VINCULADOS A PRESTACAO DE GARANTIAS               ; 0000000014224754,68
200505;50585090;BCO SCHAHIN S.A.                                            ;U;4010;0014000003;RELACOES INTERFINANCEIRAS                         ; 0000000008618491,95
200505;50585090;BCO SCHAHIN S.A.                                            ;U;4010;0014100006;DIREITOS JUNTO A PARTIC. DE SISTEMAS DE LIQUIDAÇÃO; 0000000008267415,21
200505;50585090;BCO SCHAHIN S.A.                                            ;U;4010;0014200009;CREDITOS VINCULADOS                               ; 0000000000233347,81
200505;50585090;BCO SCHAHIN S.A.                                            ;U;4010;0014400005;RELACOES COM CORRESPONDENTES                      ; 0000000000117728,93
200505;50585090;BCO SCHAHIN S.A.                                            ;U;4010;0016000001;OPERACOES DE CREDITO                              ; 0000000613917080,27
200505;50585090;BCO SCHAHIN S.A.                                            ;U;4010;0016100004;EMPRESTIMOS E TITULOS DESCONTADOS                 ; 0000000623099999,48
200505;50585090;BCO SCHAHIN S.A.                                            ;U;4010;0016200007;FINANCIAMENTOS                                    ; 0000000029275423,10
200505;50585090;BCO SCHAHIN S.A.                                            ;U;4010;0016900008;(-) PROVISOES PARA OPERACOES DE CREDITO           ;-0000000038458342,31
200505;50585090;BCO SCHAHIN S.A.                                            ;U;4010;0018000009;OUTROS CREDITOS                                   ; 0000000083792017,41
200505;50585090;BCO SCHAHIN S.A.                                            ;U;4010;0018100002;AVAIS E FIANCAS HONRADOS                          ; 0000000000490674,99
200505;50585090;BCO SCHAHIN S.A.                                            ;U;4010;0018300008;RENDAS A RECEBER                                  ; 0000000000027247,03
200505;50585090;BCO SCHAHIN S.A.                                            ;U;4010;0018400001;NEGOCIACAO E INTERMEDIACAO DE VALORES             ; 0000000000447884,40
200505;50585090;BCO SCHAHIN S.A.                                            ;U;4010;0018800003;DIVERSOS                                          ; 0000000084069094,16
200505;50585090;BCO SCHAHIN S.A.                                            ;U;4010;0018900006;(-) PROVISOES PARA OUTROS CREDITOS                ;-0000000001242883,17
200505;50585090;BCO SCHAHIN S.A.                                            ;U;4010;0019000008;OUTROS VALORES E BENS                             ; 0000000021925089,82
200505;50585090;BCO SCHAHIN S.A.                                            ;U;4010;0019800002;OUTROS VALORES E BENS                             ; 0000000004431006,87
200505;50585090;BCO SCHAHIN S.A.                                            ;U;4010;0019900005;DESPESAS ANTECIPADAS                              ; 0000000017494082,95
200505;50585090;BCO SCHAHIN S.A.                                            ;U;4010;0020000004;PERMANENTE                                        ; 0000000084879824,29
200505;50585090;BCO SCHAHIN S.A.                                            ;U;4010;0021000003;INVESTIMENTOS                                     ; 0000000053121761,12
200505;50585090;BCO SCHAHIN S.A.                                            ;U;4010;0021200009;PARTICIPACOES EM COLIGADAS E CONTROLADAS NO PAIS  ; 0000000052670636,78
200505;50585090;BCO SCHAHIN S.A.                                            ;U;4010;0021400005;TITULOS PATRIMONIAIS                              ; 0000000000008287,00
200505;50585090;BCO SCHAHIN S.A.                                            ;U;4010;0021500008;ACOES E COTAS                                     ; 0000000000385910,23
200505;50585090;BCO SCHAHIN S.A.                                            ;U;4010;0021900000;OUTROS INVESTIMENTOS                              ; 0000000000056927,11
200505;50585090;BCO SCHAHIN S.A.                                            ;U;4010;0022000002;IMOBILIZADO DE USO                                ; 0000000030058812,98
200505;50585090;BCO SCHAHIN S.A.                                            ;U;4010;0022300001;IMOVEIS DE USO                                    ; 0000000026215136,81
200505;50585090;BCO SCHAHIN S.A.                                            ;U;4010;0022400004;INSTALACOES, MOVEIS E EQUIPAMENTOS DE USO         ; 0000000002743741,22
200505;50585090;BCO SCHAHIN S.A.                                            ;U;4010;0022900009;OUTROS                                            ; 0000000001099934,95
200505;50585090;BCO SCHAHIN S.A.                                            ;U;4010;0024000000;DIFERIDO                                          ; 0000000001699250,19
200505;50585090;BCO SCHAHIN S.A.                                            ;U;4010;0024100003;GASTOS DE ORGANIZACAO E EXPANSAO                  ; 0000000001699250,19
200505;50585090;BCO SCHAHIN S.A.                                            ;U;4010;0030000001;COMPENSACAO                                       ; 0000003527713257,65
200505;50585090;BCO SCHAHIN S.A.                                            ;U;4010;0030100004;COOBRIGACOES E RISCOS EM GARANTIAS PRESTADAS      ; 0000000079983105,60
200505;50585090;BCO SCHAHIN S.A.                                            ;U;4010;0030300000;TITULOS E VALORES MOBILIARIOS                     ; 0000000173583764,84
200505;50585090;BCO SCHAHIN S.A.                                            ;U;4010;0030400003;CUSTODIA DE VALORES                               ; 0000000953334776,11
200505;50585090;BCO SCHAHIN S.A.                                            ;U;4010;0030500006;COBRANCA                                          ; 0000000029027376,63
200505;50585090;BCO SCHAHIN S.A.                                            ;U;4010;0030600009;NEGOCIACAO E INTERMEDIACAO DE VALORES             ; 0000000946562613,79
200505;50585090;BCO SCHAHIN S.A.                                            ;U;4010;0030800005;CONTRATOS                                         ; 0000000060479599,10
200505;50585090;BCO SCHAHIN S.A.                                            ;U;4010;0030900008;CONTROLE                                          ; 0000000612846720,28
200505;50585090;BCO SCHAHIN S.A.                                            ;U;4010;0031000000;CLASSIFICACAO DA CARTEIRA DE CREDITOS             ; 0000000671895301,30
200505;50585090;BCO SCHAHIN S.A.                                            ;U;4010;0031100003;OPERACOES DE RISCO NIVEL AA                       ; 0000000194663573,39
200505;50585090;BCO SCHAHIN S.A.                                            ;U;4010;0031200006;OPERACOES DE RISCO NIVEL A                        ; 0000000114117760,95
200505;50585090;BCO SCHAHIN S.A.                                            ;U;4010;0031300009;OPERACOES DE RISCO NIVELB                         ; 0000000042893485,70
200505;50585090;BCO SCHAHIN S.A.                                            ;U;4010;0031400002;OPERACOES DE RISCO NIVELC                         ; 0000000198942869,07
200505;50585090;BCO SCHAHIN S.A.                                            ;U;4010;0031500005;OPERACOES DE RISCO NIVEL D                        ; 0000000084143107,36
200505;50585090;BCO SCHAHIN S.A.                                            ;U;4010;0031600008;OPERACOES DE RISCO NIVEL E                        ; 0000000016413634,05
200505;50585090;BCO SCHAHIN S.A.                                            ;U;4010;0031700001;OPERACOES DE RISCO NIVEL F                        ; 0000000003997102,13
200505;50585090;BCO SCHAHIN S.A.                                            ;U;4010;0031800004;OPERACOES DE RISCO NIVEL G                        ; 0000000001684289,59
200505;50585090;BCO SCHAHIN S.A.                                            ;U;4010;0031900007;OPERACOES DE RISCO NIVEL H                        ; 0000000015039479,06
200505;50585090;BCO SCHAHIN S.A.                                            ;U;4010;0039999993;TOTAL GERAL DO ATIVO                              ; 0000004553074132,75
200505;50585090;BCO SCHAHIN S.A.                                            ;U;4010;0040000008;CIRCULANTE EXIGIVEL A LONGO PRAZO                 ; 0000000863011333,65
200505;50585090;BCO SCHAHIN S.A.                                            ;U;4010;0041000007;DEPOSITOS                                         ; 0000000552877764,21
200505;50585090;BCO SCHAHIN S.A.                                            ;U;4010;0041100000;DEPOSITOS A VISTA                                 ; 0000000020301649,77
200505;50585090;BCO SCHAHIN S.A.                                            ;U;4010;0041300006;DEPOSITOS INTERFINANCEIROS                        ; 0000000047768052,29
200505;50585090;BCO SCHAHIN S.A.                                            ;U;4010;0041500002;DEPOSITOS A PRAZO                                 ; 0000000484807964,52
200505;50585090;BCO SCHAHIN S.A.                                            ;U;4010;0041900004;OUTROS DEPOSITOS                                  ; 0000000000000097,63
200505;50585090;BCO SCHAHIN S.A.                                            ;U;4010;0042000006;OBRIGACOES POR OPERACOES COMPROMISSADAS           ; 0000000010169900,92
200505;50585090;BCO SCHAHIN S.A.                                            ;U;4010;0042100009;CARTEIRA PROPRIA                                  ; 0000000010169900,92
200505;50585090;BCO SCHAHIN S.A.                                            ;U;4010;0043000005;RECURSOS ACEITES CAMB,LI E HIP.,DEBENT.E SIMILARES; 0000000058349168,28
200505;50585090;BCO SCHAHIN S.A.                                            ;U;4010;0043500000;OBRIGACOES P/TITULOS E VALS.MOBILIARIOS EXTERIOR  ; 0000000058349168,28
200505;50585090;BCO SCHAHIN S.A.                                            ;U;4010;0044000004;RELACOES INTERFINANCEIRAS                         ; 0000000001670028,74
200505;50585090;BCO SCHAHIN S.A.                                            ;U;4010;0044100007;OBRIGAÇÕES JUNTO A PARTIC. DE SIST. DE LIQUIDACÃO ; 0000000001670028,74
200505;50585090;BCO SCHAHIN S.A.                                            ;U;4010;0045000003;RELACOES INTERDEPENDENCIAS                        ; 0000000000000024,38
200505;50585090;BCO SCHAHIN S.A.                                            ;U;4010;0045100006;RECURSOS EM TRANSITO DE TERCEIROS                 ; 0000000000000024,38
200505;50585090;BCO SCHAHIN S.A.                                            ;U;4010;0046000002;OBRIGACOES POR EMPRESTIMOS E REPASSES             ; 0000000090092105,24
200505;50585090;BCO SCHAHIN S.A.                                            ;U;4010;0046300001;EMPRESTIMOS NO EXTERIOR                           ; 0000000074872041,24
200505;50585090;BCO SCHAHIN S.A.                                            ;U;4010;0046400004;REPASSES DO PAIS - INSTITUICOES OFICIAIS          ; 0000000015220064,00
200505;50585090;BCO SCHAHIN S.A.                                            ;U;4010;0047000001;INSTRUMENTOS FINANCEIROS DERIVATIVOS              ; 0000000028914704,46
200505;50585090;BCO SCHAHIN S.A.                                            ;U;4010;0047100004;INSTRUMENTOS FINANCEIROS DERIVATIVOS              ; 0000000028914704,46
200505;50585090;BCO SCHAHIN S.A.                                            ;U;4010;0049000009;OUTRAS OBRIGACOES                                 ; 0000000120937637,42
200505;50585090;BCO SCHAHIN S.A.                                            ;U;4010;0049100002;COBRANCA E ARRECADACAO DE TRIBUTOS E ASSEMELHADOS ; 0000000014980318,84
200505;50585090;BCO SCHAHIN S.A.                                            ;U;4010;0049200005;CARTEIRA DE CAMBIO                                ; 0000000000046894,72
200505;50585090;BCO SCHAHIN S.A.                                            ;U;4010;0049400001;FISCAIS E PREVIDENCIARIAS                         ; 0000000022012115,54
200505;50585090;BCO SCHAHIN S.A.                                            ;U;4010;0049500004;NEGOCIACAO E INTERMEDIACAO DE VALORES             ; 0000000059493105,95
200505;50585090;BCO SCHAHIN S.A.                                            ;U;4010;0049900006;DIVERSAS                                          ; 0000000024405202,37
200505;50585090;BCO SCHAHIN S.A.                                            ;U;4010;0050000005;RESULTADOS DE EXERCICIOS FUTUROS                  ; 0000000004110682,36
200505;50585090;BCO SCHAHIN S.A.                                            ;U;4010;0051000004;RECEITAS DE EXERCICIOS FUTUROS                    ; 0000000004110682,36
200505;50585090;BCO SCHAHIN S.A.                                            ;U;4010;0051100007;RECEITAS DE EXERCICIOS FUTUROS                    ; 0000000004110682,36
200505;50585090;BCO SCHAHIN S.A.                                            ;U;4010;0060000002;PATRIMONIO LIQUIDO                                ; 0000000150138037,55
200505;50585090;BCO SCHAHIN S.A.                                            ;U;4010;0061000001;PATRIMONIO LIQUIDO                                ; 0000000150138037,55
200505;50585090;BCO SCHAHIN S.A.                                            ;U;4010;0061100004;CAPITAL SOCIAL                                    ; 0000000118478904,53
200505;50585090;BCO SCHAHIN S.A.                                            ;U;4010;0061300000;RESERVAS DE CAPITAL                               ; 0000000002827102,76
200505;50585090;BCO SCHAHIN S.A.                                            ;U;4010;0061500006;RESERVAS DE LUCROS                                ; 0000000001409599,69
200505;50585090;BCO SCHAHIN S.A.                                            ;U;4010;0061800005;LUCROS OU PREJUIZOS ACUMULADOS                    ; 0000000027422430,57
200505;50585090;BCO SCHAHIN S.A.                                            ;U;4010;0070000009;CONTAS DE RESULTADO CREDORAS                      ; 0000000186709986,83
200505;50585090;BCO SCHAHIN S.A.                                            ;U;4010;0071000008;RECEITAS OPERACIONAIS                             ; 0000000186193236,99
200505;50585090;BCO SCHAHIN S.A.                                            ;U;4010;0071100001;RENDAS DE OPERACOES DE CREDITO                    ; 0000000076142794,88
200505;50585090;BCO SCHAHIN S.A.                                            ;U;4010;0071200004;RENDAS DE ARRENDAMENTO MERCANTIL                  ; 0000000000016512,37
200505;50585090;BCO SCHAHIN S.A.                                            ;U;4010;0071300007;RENDAS DE CAMBIO                                  ; 0000000029374848,87
200505;50585090;BCO SCHAHIN S.A.                                            ;U;4010;0071400000;RENDAS DE APLICACOES INTERFINANCEIRAS DE LIQUIDEZ ; 0000000008095242,06
200505;50585090;BCO SCHAHIN S.A.                                            ;U;4010;0071500003;RENDAS COM TIT. E VAL. MOB. E INST. FINANC. DERIV.; 0000000043093499,92
200505;50585090;BCO SCHAHIN S.A.                                            ;U;4010;0071700009;RENDAS DE PRESTACAO DE SERVICOS                   ; 0000000001987068,44
200505;50585090;BCO SCHAHIN S.A.                                            ;U;4010;0071800002;RENDAS DE PARTICIPACOES                           ; 0000000010752684,17
200505;50585090;BCO SCHAHIN S.A.                                            ;U;4010;0071900005;OUTRAS RECEITAS OPERACIONAIS                      ; 0000000016730586,28
200505;50585090;BCO SCHAHIN S.A.                                            ;U;4010;0073000006;RECEITAS NAO OPERACIONAIS                         ; 0000000000516749,84
200505;50585090;BCO SCHAHIN S.A.                                            ;U;4010;0073100009;LUCROS EM TRANSACOES COM VALORES E BENS           ; 0000000000000100,00
200505;50585090;BCO SCHAHIN S.A.                                            ;U;4010;0073900003;OUTRAS RECEITAS NAO OPERACIONAIS                  ; 0000000000516649,84
200505;50585090;BCO SCHAHIN S.A.                                            ;U;4010;0080000006;(-) CONTAS DE RESULTADO DEVEDORAS                 ;-0000000178609165,29
200505;50585090;BCO SCHAHIN S.A.                                            ;U;4010;0081000005;(-) DESPESAS OPERACIONAIS                         ;-0000000177799430,71
200505;50585090;BCO SCHAHIN S.A.                                            ;U;4010;0081100008;(-) DESPESAS DE CAPTACAO                          ;-0000000041142499,06
200505;50585090;BCO SCHAHIN S.A.                                            ;U;4010;0081200001;(-) DESP DE OBRIGACOES POR EMPRESTIMOS E REPASSES ;-0000000022733726,94
200505;50585090;BCO SCHAHIN S.A.                                            ;U;4010;0081300004;(-) DESPESAS DE ARRENDAMENTO MERCANTIL            ;-0000000000017658,12
200505;50585090;BCO SCHAHIN S.A.                                            ;U;4010;0081400007;(-) DESPESAS DE CAMBIO                            ;-0000000003735367,73
200505;50585090;BCO SCHAHIN S.A.                                            ;U;4010;0081500000;(-) DESP. COM TIT. E VAL. MOB. E INST. FIN. DERIV.;-0000000047545834,11
200505;50585090;BCO SCHAHIN S.A.                                            ;U;4010;0081600003;(-) DESPESAS DE PARTICIPACOES                     ;-0000000002159268,13
200505;50585090;BCO SCHAHIN S.A.                                            ;U;4010;0081700006;(-) DESPESAS ADMINISTRATIVAS                      ;-0000000029953323,22
200505;50585090;BCO SCHAHIN S.A.                                            ;U;4010;0081800009;(-) APROVISIONAMENTOS E AJUSTES PATRIMONIAIS      ;-0000000016534436,84
200505;50585090;BCO SCHAHIN S.A.                                            ;U;4010;0081900002;(-) OUTRAS DESPESAS OPERACIONAIS                  ;-0000000013977316,56
200505;50585090;BCO SCHAHIN S.A.                                            ;U;4010;0083000003;(-) DESPESAS NAO OPERACIONAIS                     ;-0000000000602485,16
200505;50585090;BCO SCHAHIN S.A.                                            ;U;4010;0083900000;(-) OUTRAS DESPESAS NAO OPERACIONAIS              ;-0000000000602485,16
200505;50585090;BCO SCHAHIN S.A.                                            ;U;4010;0089000007;(-) APURACAO DE RESULTADO                         ;-0000000000207249,42
200505;50585090;BCO SCHAHIN S.A.                                            ;U;4010;0089400009;(-) IMPOSTO DE RENDA                              ; 0000000000224719,69
200505;50585090;BCO SCHAHIN S.A.                                            ;U;4010;0089700008;(-) PARTICIPACOES NO LUCRO                        ;-0000000000431969,11
200505;50585090;BCO SCHAHIN S.A.                                            ;U;4010;0090000003;COMPENSACAO                                       ; 0000003527713257,65
200505;50585090;BCO SCHAHIN S.A.                                            ;U;4010;0090100006;COOBRIGACOES E RISCOS EM GARANTIAS PRESTADAS      ; 0000000079983105,60
200505;50585090;BCO SCHAHIN S.A.                                            ;U;4010;0090300002;TITULOS E VALORES MOBILIARIOS                     ; 0000000173583764,84
200505;50585090;BCO SCHAHIN S.A.                                            ;U;4010;0090400005;CUSTODIA DE VALORES                               ; 0000000953334776,11
200505;50585090;BCO SCHAHIN S.A.                                            ;U;4010;0090500008;COBRANCA                                          ; 0000000029027376,63
200505;50585090;BCO SCHAHIN S.A.                                            ;U;4010;0090600001;NEGOCIACAO E INTERMEDIACAO DE VALORES             ; 0000000946562613,79
200505;50585090;BCO SCHAHIN S.A.                                            ;U;4010;0090800007;CONTRATOS                                         ; 0000000060479599,10
200505;50585090;BCO SCHAHIN S.A.                                            ;U;4010;0090900000;CONTROLE                                          ; 0000000612846720,28
200505;50585090;BCO SCHAHIN S.A.                                            ;U;4010;0091000002;CLASSIFICACAO DA CARTEIRA DE CREDITOS             ; 0000000671895301,30
200505;50585090;BCO SCHAHIN S.A.                                            ;U;4010;0091100005;OPERACOES DE CREDITOS E ARRENDAMENTO MERCANTIL    ; 0000000671895301,30
200505;50585090;BCO SCHAHIN S.A.                                            ;U;4010;0099999995;TOTAL GERAL DO PASSIVO                            ; 0000004553074132,75
200505;51938876;BCO LA REP ORIENTAL URUGUAY                                 ;B;4010;0010000007;CIRCULANTE E REALIZAVEL A LONGO PRAZO             ; 0000000040447413,83
200505;51938876;BCO LA REP ORIENTAL URUGUAY                                 ;B;4010;0011000006;DISPONIBILIDADES                                  ; 0000000000313658,71
200505;51938876;BCO LA REP ORIENTAL URUGUAY                                 ;B;4010;0011100009;CAIXA                                             ; 0000000000058881,78
200505;51938876;BCO LA REP ORIENTAL URUGUAY                                 ;B;4010;0011300005;RESERVAS LIVRES                                   ; 0000000000004593,24
200505;51938876;BCO LA REP ORIENTAL URUGUAY                                 ;B;4010;0011500001;DISPONIBILIDADES EM MOEDAS ESTRANGEIRAS           ; 0000000000250183,69
200505;51938876;BCO LA REP ORIENTAL URUGUAY                                 ;B;4010;0012000005;APLICACOES INTERFINANCEIRAS DE LIQUIDEZ           ; 0000000002423198,07
200505;51938876;BCO LA REP ORIENTAL URUGUAY                                 ;B;4010;0012100008;APLICACOES EM OPERACOES COMPROMISSADAS            ; 0000000001630208,07
200505;51938876;BCO LA REP ORIENTAL URUGUAY                                 ;B;4010;0012600003;APLICA OES EM MOEDAS ESTRANGEIRAS                 ; 0000000000792990,00
200505;51938876;BCO LA REP ORIENTAL URUGUAY                                 ;B;4010;0013000004;TITULOS E VAL. MOB. E INST. FINANC. DERIVATIVOS   ; 0000000033782083,75
200505;51938876;BCO LA REP ORIENTAL URUGUAY                                 ;B;4010;0013100007;LIVRES                                            ; 0000000033782083,75
200505;51938876;BCO LA REP ORIENTAL URUGUAY                                 ;B;4010;0014000003;RELACOES INTERFINANCEIRAS                         ; 0000000000123282,15
200505;51938876;BCO LA REP ORIENTAL URUGUAY                                 ;B;4010;0014100006;DIREITOS JUNTO A PARTIC. DE SISTEMAS DE LIQUIDAÇÃO; 0000000000001190,06
200505;51938876;BCO LA REP ORIENTAL URUGUAY                                 ;B;4010;0014200009;CREDITOS VINCULADOS                               ; 0000000000096360,29
200505;51938876;BCO LA REP ORIENTAL URUGUAY                                 ;B;4010;0014400005;RELACOES COM CORRESPONDENTES                      ; 0000000000025731,80
200505;51938876;BCO LA REP ORIENTAL URUGUAY                                 ;B;4010;0016000001;OPERACOES DE CREDITO                              ; 0000000001366215,87
200505;51938876;BCO LA REP ORIENTAL URUGUAY                                 ;B;4010;0016100004;EMPRESTIMOS E TITULOS DESCONTADOS                 ; 0000000002545961,29
200505;51938876;BCO LA REP ORIENTAL URUGUAY                                 ;B;4010;0016200007;FINANCIAMENTOS                                    ; 0000000000006163,69
200505;51938876;BCO LA REP ORIENTAL URUGUAY                                 ;B;4010;0016900008;(-) PROVISOES PARA OPERACOES DE CREDITO           ;-0000000001185909,11
200505;51938876;BCO LA REP ORIENTAL URUGUAY                                 ;B;4010;0018000009;OUTROS CREDITOS                                   ; 0000000001574160,88
200505;51938876;BCO LA REP ORIENTAL URUGUAY                                 ;B;4010;0018200005;CARTEIRA DE CAMBIO                                ; 0000000001424672,06
200505;51938876;BCO LA REP ORIENTAL URUGUAY                                 ;B;4010;0018800003;DIVERSOS                                          ; 0000000000270794,35
200505;51938876;BCO LA REP ORIENTAL URUGUAY                                 ;B;4010;0018900006;(-) PROVISOES PARA OUTROS CREDITOS                ;-0000000000121305,53
200505;51938876;BCO LA REP ORIENTAL URUGUAY                                 ;B;4010;0019000008;OUTROS VALORES E BENS                             ; 0000000000864814,40
200505;51938876;BCO LA REP ORIENTAL URUGUAY                                 ;B;4010;0019800002;OUTROS VALORES E BENS                             ; 0000000000846121,00
200505;51938876;BCO LA REP ORIENTAL URUGUAY                                 ;B;4010;0019900005;DESPESAS ANTECIPADAS                              ; 0000000000018693,40
200505;51938876;BCO LA REP ORIENTAL URUGUAY                                 ;B;4010;0020000004;PERMANENTE                                        ; 0000000000448224,65
200505;51938876;BCO LA REP ORIENTAL URUGUAY                                 ;B;4010;0021000003;INVESTIMENTOS                                     ; 0000000000014130,42
200505;51938876;BCO LA REP ORIENTAL URUGUAY                                 ;B;4010;0021400005;TITULOS PATRIMONIAIS                              ; 0000000000014130,42
200505;51938876;BCO LA REP ORIENTAL URUGUAY                                 ;B;4010;0022000002;IMOBILIZADO DE USO                                ; 0000000000407514,83
200505;51938876;BCO LA REP ORIENTAL URUGUAY                                 ;B;4010;0022300001;IMOVEIS DE USO                                    ; 0000000000351182,50
200505;51938876;BCO LA REP ORIENTAL URUGUAY                                 ;B;4010;0022400004;INSTALACOES, MOVEIS E EQUIPAMENTOS DE USO         ; 0000000000018648,73
200505;51938876;BCO LA REP ORIENTAL URUGUAY                                 ;B;4010;0022900009;OUTROS                                            ; 0000000000037683,60
200505;51938876;BCO LA REP ORIENTAL URUGUAY                                 ;B;4010;0024000000;DIFERIDO                                          ; 0000000000026579,40
200505;51938876;BCO LA REP ORIENTAL URUGUAY                                 ;B;4010;0024100003;GASTOS DE ORGANIZACAO E EXPANSAO                  ; 0000000000026579,40
200505;51938876;BCO LA REP ORIENTAL URUGUAY                                 ;B;4010;0030000001;COMPENSACAO                                       ; 0000000168308975,77
200505;51938876;BCO LA REP ORIENTAL URUGUAY                                 ;B;4010;0030100004;COOBRIGACOES E RISCOS EM GARANTIAS PRESTADAS      ; 0000000000181000,00
200505;51938876;BCO LA REP ORIENTAL URUGUAY                                 ;B;4010;0030300000;TITULOS E VALORES MOBILIARIOS                     ; 0000000069194375,57
200505;51938876;BCO LA REP ORIENTAL URUGUAY                                 ;B;4010;0030400003;CUSTODIA DE VALORES                               ; 0000000048277152,07
200505;51938876;BCO LA REP ORIENTAL URUGUAY                                 ;B;4010;0030500006;COBRANCA                                          ; 0000000000602538,62
200505;51938876;BCO LA REP ORIENTAL URUGUAY                                 ;B;4010;0030900008;CONTROLE                                          ; 0000000046686408,59
200505;51938876;BCO LA REP ORIENTAL URUGUAY                                 ;B;4010;0031000000;CLASSIFICACAO DA CARTEIRA DE CREDITOS             ; 0000000003367500,92
200505;51938876;BCO LA REP ORIENTAL URUGUAY                                 ;B;4010;0031100003;OPERACOES DE RISCO NIVEL AA                       ; 0000000000742291,23
200505;51938876;BCO LA REP ORIENTAL URUGUAY                                 ;B;4010;0031500005;OPERACOES DE RISCO NIVEL D                        ; 0000000000806593,35
200505;51938876;BCO LA REP ORIENTAL URUGUAY                                 ;B;4010;0031600008;OPERACOES DE RISCO NIVEL E                        ; 0000000000006165,76
200505;51938876;BCO LA REP ORIENTAL URUGUAY                                 ;B;4010;0031700001;OPERACOES DE RISCO NIVEL F                        ; 0000000001175490,01
200505;51938876;BCO LA REP ORIENTAL URUGUAY                                 ;B;4010;0031900007;OPERACOES DE RISCO NIVEL H                        ; 0000000000636960,57
200505;51938876;BCO LA REP ORIENTAL URUGUAY                                 ;B;4010;0039999993;TOTAL GERAL DO ATIVO                              ; 0000000209204614,25
200505;51938876;BCO LA REP ORIENTAL URUGUAY                                 ;B;4010;0040000008;CIRCULANTE EXIGIVEL A LONGO PRAZO                 ; 0000000001547104,67
200505;51938876;BCO LA REP ORIENTAL URUGUAY                                 ;B;4010;0041000007;DEPOSITOS                                         ; 0000000000413017,09
200505;51938876;BCO LA REP ORIENTAL URUGUAY                                 ;B;4010;0041100000;DEPOSITOS A VISTA                                 ; 0000000000413017,09
200505;51938876;BCO LA REP ORIENTAL URUGUAY                                 ;B;4010;0044000004;RELACOES INTERFINANCEIRAS                         ; 0000000000004280,80
200505;51938876;BCO LA REP ORIENTAL URUGUAY                                 ;B;4010;0044100007;OBRIGAÇÕES JUNTO A PARTIC. DE SIST. DE LIQUIDACÃO ; 0000000000004280,80
200505;51938876;BCO LA REP ORIENTAL URUGUAY                                 ;B;4010;0045000003;RELACOES INTERDEPENDENCIAS                        ; 0000000000039684,08
200505;51938876;BCO LA REP ORIENTAL URUGUAY                                 ;B;4010;0045100006;RECURSOS EM TRANSITO DE TERCEIROS                 ; 0000000000039684,08
200505;51938876;BCO LA REP ORIENTAL URUGUAY                                 ;B;4010;0046000002;OBRIGACOES POR EMPRESTIMOS E REPASSES             ; 0000000000006163,69
200505;51938876;BCO LA REP ORIENTAL URUGUAY                                 ;B;4010;0046300001;EMPRESTIMOS NO EXTERIOR                           ; 0000000000006163,69
200505;51938876;BCO LA REP ORIENTAL URUGUAY                                 ;B;4010;0049000009;OUTRAS OBRIGACOES                                 ; 0000000001083959,01
200505;51938876;BCO LA REP ORIENTAL URUGUAY                                 ;B;4010;0049100002;COBRANCA E ARRECADACAO DE TRIBUTOS E ASSEMELHADOS ; 0000000000000434,51
200505;51938876;BCO LA REP ORIENTAL URUGUAY                                 ;B;4010;0049200005;CARTEIRA DE CAMBIO                                ; 0000000000720900,00
200505;51938876;BCO LA REP ORIENTAL URUGUAY                                 ;B;4010;0049400001;FISCAIS E PREVIDENCIARIAS                         ; 0000000000031746,61
200505;51938876;BCO LA REP ORIENTAL URUGUAY                                 ;B;4010;0049900006;DIVERSAS                                          ; 0000000000330877,89
200505;51938876;BCO LA REP ORIENTAL URUGUAY                                 ;B;4010;0060000002;PATRIMONIO LIQUIDO                                ; 0000000039453084,06
200505;51938876;BCO LA REP ORIENTAL URUGUAY                                 ;B;4010;0061000001;PATRIMONIO LIQUIDO                                ; 0000000039453084,06
200505;51938876;BCO LA REP ORIENTAL URUGUAY                                 ;B;4010;0061100004;CAPITAL SOCIAL                                    ; 0000000056910568,94
200505;51938876;BCO LA REP ORIENTAL URUGUAY                                 ;B;4010;0061800005;LUCROS OU PREJUIZOS ACUMULADOS                    ;-0000000017457484,88
200505;51938876;BCO LA REP ORIENTAL URUGUAY                                 ;B;4010;0070000009;CONTAS DE RESULTADO CREDORAS                      ; 0000000004118630,30
200505;51938876;BCO LA REP ORIENTAL URUGUAY                                 ;B;4010;0071000008;RECEITAS OPERACIONAIS                             ; 0000000003562481,31
200505;51938876;BCO LA REP ORIENTAL URUGUAY                                 ;B;4010;0071100001;RENDAS DE OPERACOES DE CREDITO                    ; 0000000000414492,94
200505;51938876;BCO LA REP ORIENTAL URUGUAY                                 ;B;4010;0071300007;RENDAS DE CAMBIO                                  ; 0000000000201030,48
200505;51938876;BCO LA REP ORIENTAL URUGUAY                                 ;B;4010;0071400000;RENDAS DE APLICACOES INTERFINANCEIRAS DE LIQUIDEZ ; 0000000000108441,58
200505;51938876;BCO LA REP ORIENTAL URUGUAY                                 ;B;4010;0071500003;RENDAS COM TIT. E VAL. MOB. E INST. FINANC. DERIV.; 0000000002647170,70
200505;51938876;BCO LA REP ORIENTAL URUGUAY                                 ;B;4010;0071700009;RENDAS DE PRESTACAO DE SERVICOS                   ; 0000000000004564,67
200505;51938876;BCO LA REP ORIENTAL URUGUAY                                 ;B;4010;0071900005;OUTRAS RECEITAS OPERACIONAIS                      ; 0000000000186780,94
200505;51938876;BCO LA REP ORIENTAL URUGUAY                                 ;B;4010;0073000006;RECEITAS NAO OPERACIONAIS                         ; 0000000000556148,99
200505;51938876;BCO LA REP ORIENTAL URUGUAY                                 ;B;4010;0073100009;LUCROS EM TRANSACOES COM VALORES E BENS           ; 0000000000000050,00
200505;51938876;BCO LA REP ORIENTAL URUGUAY                                 ;B;4010;0073900003;OUTRAS RECEITAS NAO OPERACIONAIS                  ; 0000000000556098,99
200505;51938876;BCO LA REP ORIENTAL URUGUAY                                 ;B;4010;0080000006;(-) CONTAS DE RESULTADO DEVEDORAS                 ;-0000000004223180,55
200505;51938876;BCO LA REP ORIENTAL URUGUAY                                 ;B;4010;0081000005;(-) DESPESAS OPERACIONAIS                         ;-0000000004185180,55
200505;51938876;BCO LA REP ORIENTAL URUGUAY                                 ;B;4010;0081100008;(-) DESPESAS DE CAPTACAO                          ;-0000000000000194,43
200505;51938876;BCO LA REP ORIENTAL URUGUAY                                 ;B;4010;0081200001;(-) DESP DE OBRIGACOES POR EMPRESTIMOS E REPASSES ;-0000000000000362,06
200505;51938876;BCO LA REP ORIENTAL URUGUAY                                 ;B;4010;0081400007;(-) DESPESAS DE CAMBIO                            ;-0000000000238730,89
200505;51938876;BCO LA REP ORIENTAL URUGUAY                                 ;B;4010;0081500000;(-) DESP. COM TIT. E VAL. MOB. E INST. FIN. DERIV.;-0000000002922203,43
200505;51938876;BCO LA REP ORIENTAL URUGUAY                                 ;B;4010;0081700006;(-) DESPESAS ADMINISTRATIVAS                      ;-0000000000670866,33
200505;51938876;BCO LA REP ORIENTAL URUGUAY                                 ;B;4010;0081800009;(-) APROVISIONAMENTOS E AJUSTES PATRIMONIAIS      ;-0000000000257571,84
200505;51938876;BCO LA REP ORIENTAL URUGUAY                                 ;B;4010;0081900002;(-) OUTRAS DESPESAS OPERACIONAIS                  ;-0000000000095251,57
200505;51938876;BCO LA REP ORIENTAL URUGUAY                                 ;B;4010;0083000003;(-) DESPESAS NAO OPERACIONAIS                     ;-0000000000038000,00
200505;51938876;BCO LA REP ORIENTAL URUGUAY                                 ;B;4010;0083100006;(-) PREJUIZOS EM TRANSACOES COM VALORES E BENS    ;-0000000000038000,00
200505;51938876;BCO LA REP ORIENTAL URUGUAY                                 ;B;4010;0090000003;COMPENSACAO                                       ; 0000000168308975,77
200505;51938876;BCO LA REP ORIENTAL URUGUAY                                 ;B;4010;0090100006;COOBRIGACOES E RISCOS EM GARANTIAS PRESTADAS      ; 0000000000181000,00
200505;51938876;BCO LA REP ORIENTAL URUGUAY                                 ;B;4010;0090300002;TITULOS E VALORES MOBILIARIOS                     ; 0000000069194375,57
200505;51938876;BCO LA REP ORIENTAL URUGUAY                                 ;B;4010;0090400005;CUSTODIA DE VALORES                               ; 0000000048277152,07
200505;51938876;BCO LA REP ORIENTAL URUGUAY                                 ;B;4010;0090500008;COBRANCA                                          ; 0000000000602538,62
200505;51938876;BCO LA REP ORIENTAL URUGUAY                                 ;B;4010;0090900000;CONTROLE                                          ; 0000000046686408,59
200505;51938876;BCO LA REP ORIENTAL URUGUAY                                 ;B;4010;0091000002;CLASSIFICACAO DA CARTEIRA DE CREDITOS             ; 0000000003367500,92
200505;51938876;BCO LA REP ORIENTAL URUGUAY                                 ;B;4010;0091100005;OPERACOES DE CREDITOS E ARRENDAMENTO MERCANTIL    ; 0000000003367500,92
200505;51938876;BCO LA REP ORIENTAL URUGUAY                                 ;B;4010;0099999995;TOTAL GERAL DO PASSIVO                            ; 0000000209204614,25
200505;54403563;BCO ARBI S.A.                                               ;B;4010;0010000007;CIRCULANTE E REALIZAVEL A LONGO PRAZO             ; 0000000502844203,86
200505;54403563;BCO ARBI S.A.                                               ;B;4010;0011000006;DISPONIBILIDADES                                  ; 0000000001078771,04
200505;54403563;BCO ARBI S.A.                                               ;B;4010;0011100009;CAIXA                                             ; 0000000000030524,34
200505;54403563;BCO ARBI S.A.                                               ;B;4010;0011300005;RESERVAS LIVRES                                   ; 0000000001048246,70
200505;54403563;BCO ARBI S.A.                                               ;B;4010;0013000004;TITULOS E VAL. MOB. E INST. FINANC. DERIVATIVOS   ; 0000000445396311,34
200505;54403563;BCO ARBI S.A.                                               ;B;4010;0013100007;LIVRES                                            ; 0000000004104920,81
200505;54403563;BCO ARBI S.A.                                               ;B;4010;0013200000;VINCULADOS A OPERACOES COMPROMISSADAS             ; 0000000440447926,64
200505;54403563;BCO ARBI S.A.                                               ;B;4010;0013600002;VINCULADOS A PRESTACAO DE GARANTIAS               ; 0000000000843463,89
200505;54403563;BCO ARBI S.A.                                               ;B;4010;0014000003;RELACOES INTERFINANCEIRAS                         ; 0000000001858083,37
200505;54403563;BCO ARBI S.A.                                               ;B;4010;0014100006;DIREITOS JUNTO A PARTIC. DE SISTEMAS DE LIQUIDAÇÃO; 0000000000011176,87
200505;54403563;BCO ARBI S.A.                                               ;B;4010;0014200009;CREDITOS VINCULADOS                               ; 0000000001846906,50
200505;54403563;BCO ARBI S.A.                                               ;B;4010;0016000001;OPERACOES DE CREDITO                              ; 0000000050860718,42
200505;54403563;BCO ARBI S.A.                                               ;B;4010;0016100004;EMPRESTIMOS E TITULOS DESCONTADOS                 ; 0000000042691847,54
200505;54403563;BCO ARBI S.A.                                               ;B;4010;0016200007;FINANCIAMENTOS                                    ; 0000000019012428,79
200505;54403563;BCO ARBI S.A.                                               ;B;4010;0016900008;(-) PROVISOES PARA OPERACOES DE CREDITO           ;-0000000010843557,91
200505;54403563;BCO ARBI S.A.                                               ;B;4010;0018000009;OUTROS CREDITOS                                   ; 0000000003646539,65
200505;54403563;BCO ARBI S.A.                                               ;B;4010;0018300008;RENDAS A RECEBER                                  ; 0000000000182517,96
200505;54403563;BCO ARBI S.A.                                               ;B;4010;0018800003;DIVERSOS                                          ; 0000000003474985,15
200505;54403563;BCO ARBI S.A.                                               ;B;4010;0018900006;(-) PROVISOES PARA OUTROS CREDITOS                ;-0000000000010963,46
200505;54403563;BCO ARBI S.A.                                               ;B;4010;0019000008;OUTROS VALORES E BENS                             ; 0000000000003780,04
200505;54403563;BCO ARBI S.A.                                               ;B;4010;0019900005;DESPESAS ANTECIPADAS                              ; 0000000000003780,04
200505;54403563;BCO ARBI S.A.                                               ;B;4010;0020000004;PERMANENTE                                        ; 0000000003962333,72
200505;54403563;BCO ARBI S.A.                                               ;B;4010;0021000003;INVESTIMENTOS                                     ; 0000000003552956,36
200505;54403563;BCO ARBI S.A.                                               ;B;4010;0021200009;PARTICIPACOES EM COLIGADAS E CONTROLADAS NO PAIS  ; 0000000003531823,15
200505;54403563;BCO ARBI S.A.                                               ;B;4010;0021300002;INVESTIMENTOS POR INCENTIVOS FISCAIS              ; 0000000000008883,65
200505;54403563;BCO ARBI S.A.                                               ;B;4010;0021400005;TITULOS PATRIMONIAIS                              ; 0000000000012149,56
200505;54403563;BCO ARBI S.A.                                               ;B;4010;0021500008;ACOES E COTAS                                     ; 0000000000000100,00
200505;54403563;BCO ARBI S.A.                                               ;B;4010;0022000002;IMOBILIZADO DE USO                                ; 0000000000162797,51
200505;54403563;BCO ARBI S.A.                                               ;B;4010;0022400004;INSTALACOES, MOVEIS E EQUIPAMENTOS DE USO         ; 0000000000014396,49
200505;54403563;BCO ARBI S.A.                                               ;B;4010;0022900009;OUTROS                                            ; 0000000000148401,02
200505;54403563;BCO ARBI S.A.                                               ;B;4010;0024000000;DIFERIDO                                          ; 0000000000246579,85
200505;54403563;BCO ARBI S.A.                                               ;B;4010;0024100003;GASTOS DE ORGANIZACAO E EXPANSAO                  ; 0000000000246579,85
200505;54403563;BCO ARBI S.A.                                               ;B;4010;0030000001;COMPENSACAO                                       ; 0000001018192306,87
200505;54403563;BCO ARBI S.A.                                               ;B;4010;0030100004;COOBRIGACOES E RISCOS EM GARANTIAS PRESTADAS      ; 0000000008108400,00
200505;54403563;BCO ARBI S.A.                                               ;B;4010;0030300000;TITULOS E VALORES MOBILIARIOS                     ; 0000000445396311,34
200505;54403563;BCO ARBI S.A.                                               ;B;4010;0030400003;CUSTODIA DE VALORES                               ; 0000000431217294,10
200505;54403563;BCO ARBI S.A.                                               ;B;4010;0030500006;COBRANCA                                          ; 0000000002156138,64
200505;54403563;BCO ARBI S.A.                                               ;B;4010;0030900008;CONTROLE                                          ; 0000000069208726,04
200505;54403563;BCO ARBI S.A.                                               ;B;4010;0031000000;CLASSIFICACAO DA CARTEIRA DE CREDITOS             ; 0000000062105436,75
200505;54403563;BCO ARBI S.A.                                               ;B;4010;0031100003;OPERACOES DE RISCO NIVEL AA                       ; 0000000001104708,91
200505;54403563;BCO ARBI S.A.                                               ;B;4010;0031200006;OPERACOES DE RISCO NIVEL A                        ; 0000000035301709,24
200505;54403563;BCO ARBI S.A.                                               ;B;4010;0031300009;OPERACOES DE RISCO NIVELB                         ; 0000000008193834,10
200505;54403563;BCO ARBI S.A.                                               ;B;4010;0031400002;OPERACOES DE RISCO NIVELC                         ; 0000000003917192,57
200505;54403563;BCO ARBI S.A.                                               ;B;4010;0031500005;OPERACOES DE RISCO NIVEL D                        ; 0000000000769860,28
200505;54403563;BCO ARBI S.A.                                               ;B;4010;0031600008;OPERACOES DE RISCO NIVEL E                        ; 0000000001242910,21
200505;54403563;BCO ARBI S.A.                                               ;B;4010;0031700001;OPERACOES DE RISCO NIVEL F                        ; 0000000002965682,25
200505;54403563;BCO ARBI S.A.                                               ;B;4010;0031800004;OPERACOES DE RISCO NIVEL G                        ; 0000000000212269,03
200505;54403563;BCO ARBI S.A.                                               ;B;4010;0031900007;OPERACOES DE RISCO NIVEL H                        ; 0000000008397270,16
200505;54403563;BCO ARBI S.A.                                               ;B;4010;0039999993;TOTAL GERAL DO ATIVO                              ; 0000001524998844,45
200505;54403563;BCO ARBI S.A.                                               ;B;4010;0040000008;CIRCULANTE EXIGIVEL A LONGO PRAZO                 ; 0000000487667987,42
200505;54403563;BCO ARBI S.A.                                               ;B;4010;0041000007;DEPOSITOS                                         ; 0000000025936248,69
200505;54403563;BCO ARBI S.A.                                               ;B;4010;0041100000;DEPOSITOS A VISTA                                 ; 0000000002081421,40
200505;54403563;BCO ARBI S.A.                                               ;B;4010;0041300006;DEPOSITOS INTERFINANCEIROS                        ; 0000000000261210,87
200505;54403563;BCO ARBI S.A.                                               ;B;4010;0041500002;DEPOSITOS A PRAZO                                 ; 0000000022779949,42
200505;54403563;BCO ARBI S.A.                                               ;B;4010;0041900004;OUTROS DEPOSITOS                                  ; 0000000000813667,00
200505;54403563;BCO ARBI S.A.                                               ;B;4010;0042000006;OBRIGACOES POR OPERACOES COMPROMISSADAS           ; 0000000440700269,00
200505;54403563;BCO ARBI S.A.                                               ;B;4010;0042100009;CARTEIRA PROPRIA                                  ; 0000000440700269,00
200505;54403563;BCO ARBI S.A.                                               ;B;4010;0044000004;RELACOES INTERFINANCEIRAS                         ; 0000000000631698,16
200505;54403563;BCO ARBI S.A.                                               ;B;4010;0044100007;OBRIGAÇÕES JUNTO A PARTIC. DE SIST. DE LIQUIDACÃO ; 0000000000631698,16
200505;54403563;BCO ARBI S.A.                                               ;B;4010;0046000002;OBRIGACOES POR EMPRESTIMOS E REPASSES             ; 0000000015810917,35
200505;54403563;BCO ARBI S.A.                                               ;B;4010;0046400004;REPASSES DO PAIS - INSTITUICOES OFICIAIS          ; 0000000015810917,35
200505;54403563;BCO ARBI S.A.                                               ;B;4010;0049000009;OUTRAS OBRIGACOES                                 ; 0000000004588854,22
200505;54403563;BCO ARBI S.A.                                               ;B;4010;0049100002;COBRANCA E ARRECADACAO DE TRIBUTOS E ASSEMELHADOS ; 0000000000004759,43
200505;54403563;BCO ARBI S.A.                                               ;B;4010;0049400001;FISCAIS E PREVIDENCIARIAS                         ; 0000000001876166,78
200505;54403563;BCO ARBI S.A.                                               ;B;4010;0049900006;DIVERSAS                                          ; 0000000002707928,01
200505;54403563;BCO ARBI S.A.                                               ;B;4010;0050000005;RESULTADOS DE EXERCICIOS FUTUROS                  ; 0000000000022241,04
200505;54403563;BCO ARBI S.A.                                               ;B;4010;0051000004;RECEITAS DE EXERCICIOS FUTUROS                    ; 0000000000022241,04
200505;54403563;BCO ARBI S.A.                                               ;B;4010;0051100007;RECEITAS DE EXERCICIOS FUTUROS                    ; 0000000000022241,04
200505;54403563;BCO ARBI S.A.                                               ;B;4010;0060000002;PATRIMONIO LIQUIDO                                ; 0000000020315564,37
200505;54403563;BCO ARBI S.A.                                               ;B;4010;0061000001;PATRIMONIO LIQUIDO                                ; 0000000020315564,37
200505;54403563;BCO ARBI S.A.                                               ;B;4010;0061100004;CAPITAL SOCIAL                                    ; 0000000025304401,43
200505;54403563;BCO ARBI S.A.                                               ;B;4010;0061600009;AJUSTES DE AVALIACAO PATRIMONIAL                  ;-0000000000076835,86
200505;54403563;BCO ARBI S.A.                                               ;B;4010;0061800005;LUCROS OU PREJUIZOS ACUMULADOS                    ;-0000000004912001,20
200505;54403563;BCO ARBI S.A.                                               ;B;4010;0070000009;CONTAS DE RESULTADO CREDORAS                      ; 0000000038369262,05
200505;54403563;BCO ARBI S.A.                                               ;B;4010;0071000008;RECEITAS OPERACIONAIS                             ; 0000000038369262,05
200505;54403563;BCO ARBI S.A.                                               ;B;4010;0071100001;RENDAS DE OPERACOES DE CREDITO                    ; 0000000007488465,76
200505;54403563;BCO ARBI S.A.                                               ;B;4010;0071400000;RENDAS DE APLICACOES INTERFINANCEIRAS DE LIQUIDEZ ; 0000000000043123,62
200505;54403563;BCO ARBI S.A.                                               ;B;4010;0071500003;RENDAS COM TIT. E VAL. MOB. E INST. FINANC. DERIV.; 0000000030586897,49
200505;54403563;BCO ARBI S.A.                                               ;B;4010;0071700009;RENDAS DE PRESTACAO DE SERVICOS                   ; 0000000000077217,41
200505;54403563;BCO ARBI S.A.                                               ;B;4010;0071800002;RENDAS DE PARTICIPACOES                           ; 0000000000064944,39
200505;54403563;BCO ARBI S.A.                                               ;B;4010;0071900005;OUTRAS RECEITAS OPERACIONAIS                      ; 0000000000108613,38
200505;54403563;BCO ARBI S.A.                                               ;B;4010;0080000006;(-) CONTAS DE RESULTADO DEVEDORAS                 ;-0000000039568517,30
200505;54403563;BCO ARBI S.A.                                               ;B;4010;0081000005;(-) DESPESAS OPERACIONAIS                         ;-0000000039259649,21
200505;54403563;BCO ARBI S.A.                                               ;B;4010;0081100008;(-) DESPESAS DE CAPTACAO                          ;-0000000031944671,46
200505;54403563;BCO ARBI S.A.                                               ;B;4010;0081200001;(-) DESP DE OBRIGACOES POR EMPRESTIMOS E REPASSES ;-0000000000692008,33
200505;54403563;BCO ARBI S.A.                                               ;B;4010;0081500000;(-) DESP. COM TIT. E VAL. MOB. E INST. FIN. DERIV.;-0000000000008165,63
200505;54403563;BCO ARBI S.A.                                               ;B;4010;0081600003;(-) DESPESAS DE PARTICIPACOES                     ;-0000000000711550,06
200505;54403563;BCO ARBI S.A.                                               ;B;4010;0081700006;(-) DESPESAS ADMINISTRATIVAS                      ;-0000000003898061,28
200505;54403563;BCO ARBI S.A.                                               ;B;4010;0081800009;(-) APROVISIONAMENTOS E AJUSTES PATRIMONIAIS      ;-0000000001617317,51
200505;54403563;BCO ARBI S.A.                                               ;B;4010;0081900002;(-) OUTRAS DESPESAS OPERACIONAIS                  ;-0000000000387874,94
200505;54403563;BCO ARBI S.A.                                               ;B;4010;0083000003;(-) DESPESAS NAO OPERACIONAIS                     ;-0000000000012736,19
200505;54403563;BCO ARBI S.A.                                               ;B;4010;0083900000;(-) OUTRAS DESPESAS NAO OPERACIONAIS              ;-0000000000012736,19
200505;54403563;BCO ARBI S.A.                                               ;B;4010;0089000007;(-) APURACAO DE RESULTADO                         ;-0000000000296131,90
200505;54403563;BCO ARBI S.A.                                               ;B;4010;0089400009;(-) IMPOSTO DE RENDA                              ;-0000000000296131,90
200505;54403563;BCO ARBI S.A.                                               ;B;4010;0090000003;COMPENSACAO                                       ; 0000001018192306,87
200505;54403563;BCO ARBI S.A.                                               ;B;4010;0090100006;COOBRIGACOES E RISCOS EM GARANTIAS PRESTADAS      ; 0000000008108400,00
200505;54403563;BCO ARBI S.A.                                               ;B;4010;0090300002;TITULOS E VALORES MOBILIARIOS                     ; 0000000445396311,34
200505;54403563;BCO ARBI S.A.                                               ;B;4010;0090400005;CUSTODIA DE VALORES                               ; 0000000431217294,10
200505;54403563;BCO ARBI S.A.                                               ;B;4010;0090500008;COBRANCA                                          ; 0000000002156138,64
200505;54403563;BCO ARBI S.A.                                               ;B;4010;0090900000;CONTROLE                                          ; 0000000069208726,04
200505;54403563;BCO ARBI S.A.                                               ;B;4010;0091000002;CLASSIFICACAO DA CARTEIRA DE CREDITOS             ; 0000000062105436,75
200505;54403563;BCO ARBI S.A.                                               ;B;4010;0091100005;OPERACOES DE CREDITOS E ARRENDAMENTO MERCANTIL    ; 0000000062105436,75
200505;54403563;BCO ARBI S.A.                                               ;B;4010;0099999995;TOTAL GERAL DO PASSIVO                            ; 0000001524998844,45
200505;57561615;BCO FINASA S.A.                                             ;U;4010;0010000007;CIRCULANTE E REALIZAVEL A LONGO PRAZO             ; 0000010620180984,79
200505;57561615;BCO FINASA S.A.                                             ;U;4010;0011000006;DISPONIBILIDADES                                  ; 0000000000197936,07
200505;57561615;BCO FINASA S.A.                                             ;U;4010;0011300005;RESERVAS LIVRES                                   ; 0000000000176843,88
200505;57561615;BCO FINASA S.A.                                             ;U;4010;0011400008;APLICACOES EM OURO                                ; 0000000000021092,19
200505;57561615;BCO FINASA S.A.                                             ;U;4010;0012000005;APLICACOES INTERFINANCEIRAS DE LIQUIDEZ           ; 0000000037717783,34
200505;57561615;BCO FINASA S.A.                                             ;U;4010;0012100008;APLICACOES EM OPERACOES COMPROMISSADAS            ; 0000000036174480,64
200505;57561615;BCO FINASA S.A.                                             ;U;4010;0012200001;APLICACOES EM DEPOSITOS INTERFINANCEIROS          ; 0000000001543302,70
200505;57561615;BCO FINASA S.A.                                             ;U;4010;0013000004;TITULOS E VAL. MOB. E INST. FINANC. DERIVATIVOS   ; 0000000014168376,28
200505;57561615;BCO FINASA S.A.                                             ;U;4010;0013100007;LIVRES                                            ; 0000000008595050,84
200505;57561615;BCO FINASA S.A.                                             ;U;4010;0013300003;INSTRUMENTOS FINANCEIROS DERIVATIVOS              ; 0000000005124986,93
200505;57561615;BCO FINASA S.A.                                             ;U;4010;0013600002;VINCULADOS A PRESTACAO DE GARANTIAS               ; 0000000000448338,51
200505;57561615;BCO FINASA S.A.                                             ;U;4010;0014000003;RELACOES INTERFINANCEIRAS                         ; 0000000016610254,56
200505;57561615;BCO FINASA S.A.                                             ;U;4010;0014100006;DIREITOS JUNTO A PARTIC. DE SISTEMAS DE LIQUIDAÇÃO; 0000000000114016,97
200505;57561615;BCO FINASA S.A.                                             ;U;4010;0014200009;CREDITOS VINCULADOS                               ; 0000000000015593,88
200505;57561615;BCO FINASA S.A.                                             ;U;4010;0014400005;RELACOES COM CORRESPONDENTES                      ; 0000000016480643,71
200505;57561615;BCO FINASA S.A.                                             ;U;4010;0016000001;OPERACOES DE CREDITO                              ; 0000009775582590,84
200505;57561615;BCO FINASA S.A.                                             ;U;4010;0016100004;EMPRESTIMOS E TITULOS DESCONTADOS                 ; 0000000220616004,53
200505;57561615;BCO FINASA S.A.                                             ;U;4010;0016200007;FINANCIAMENTOS                                    ; 0000009863794828,39
200505;57561615;BCO FINASA S.A.                                             ;U;4010;0016900008;(-) PROVISOES PARA OPERACOES DE CREDITO           ;-0000000308828242,08
200505;57561615;BCO FINASA S.A.                                             ;U;4010;0017000000;OPERACOES DE ARRENDAMENTO MERCANTIL               ;-0000000003571645,29
200505;57561615;BCO FINASA S.A.                                             ;U;4010;0017100003;ARRENDAMENTOS FINANCEIROS A RECEBER               ; 0000000001436914,30
200505;57561615;BCO FINASA S.A.                                             ;U;4010;0017900007;(-) PROVISOES PARA OPER. DE ARRENDAMENTO MERCANTIL;-0000000005008559,59
200505;57561615;BCO FINASA S.A.                                             ;U;4010;0018000009;OUTROS CREDITOS                                   ; 0000000365376321,30
200505;57561615;BCO FINASA S.A.                                             ;U;4010;0018300008;RENDAS A RECEBER                                  ; 0000000027838601,49
200505;57561615;BCO FINASA S.A.                                             ;U;4010;0018800003;DIVERSOS                                          ; 0000000337537719,81
200505;57561615;BCO FINASA S.A.                                             ;U;4010;0019000008;OUTROS VALORES E BENS                             ; 0000000414099367,69
200505;57561615;BCO FINASA S.A.                                             ;U;4010;0019800002;OUTROS VALORES E BENS                             ; 0000000000384713,35
200505;57561615;BCO FINASA S.A.                                             ;U;4010;0019900005;DESPESAS ANTECIPADAS                              ; 0000000413714654,34
200505;57561615;BCO FINASA S.A.                                             ;U;4010;0020000004;PERMANENTE                                        ; 0000002382486694,30
200505;57561615;BCO FINASA S.A.                                             ;U;4010;0021000003;INVESTIMENTOS                                     ; 0000001735872444,30
200505;57561615;BCO FINASA S.A.                                             ;U;4010;0021200009;PARTICIPACOES EM COLIGADAS E CONTROLADAS NO PAIS  ; 0000001732348257,93
200505;57561615;BCO FINASA S.A.                                             ;U;4010;0021300002;INVESTIMENTOS POR INCENTIVOS FISCAIS              ; 0000000003135747,95
200505;57561615;BCO FINASA S.A.                                             ;U;4010;0021400005;TITULOS PATRIMONIAIS                              ; 0000000000374210,62
200505;57561615;BCO FINASA S.A.                                             ;U;4010;0021500008;ACOES E COTAS                                     ; 0000000000014227,80
200505;57561615;BCO FINASA S.A.                                             ;U;4010;0022000002;IMOBILIZADO DE USO                                ; 0000000003321760,05
200505;57561615;BCO FINASA S.A.                                             ;U;4010;0022300001;IMOVEIS DE USO                                    ; 0000000000102654,03
200505;57561615;BCO FINASA S.A.                                             ;U;4010;0022400004;INSTALACOES, MOVEIS E EQUIPAMENTOS DE USO         ; 0000000000359303,68
200505;57561615;BCO FINASA S.A.                                             ;U;4010;0022900009;OUTROS                                            ; 0000000002859802,34
200505;57561615;BCO FINASA S.A.                                             ;U;4010;0023000001;IMOBILIZADO DE ARRENDAMENTO                       ; 0000000382467079,57
200505;57561615;BCO FINASA S.A.                                             ;U;4010;0023200007;BENS ARRENDADOS - ARRENDAMENTO FINANCEIRO         ; 0000000382467079,57
200505;57561615;BCO FINASA S.A.                                             ;U;4010;0024000000;DIFERIDO                                          ; 0000000260825410,38
200505;57561615;BCO FINASA S.A.                                             ;U;4010;0024100003;GASTOS DE ORGANIZACAO E EXPANSAO                  ; 0000000260825410,38
200505;57561615;BCO FINASA S.A.                                             ;U;4010;0030000001;COMPENSACAO                                       ; 0000012723199798,46
200505;57561615;BCO FINASA S.A.                                             ;U;4010;0030300000;TITULOS E VALORES MOBILIARIOS                     ; 0000000012876703,59
200505;57561615;BCO FINASA S.A.                                             ;U;4010;0030400003;CUSTODIA DE VALORES                               ; 0000000381109369,41
200505;57561615;BCO FINASA S.A.                                             ;U;4010;0030500006;COBRANCA                                          ; 0000000111008349,50
200505;57561615;BCO FINASA S.A.                                             ;U;4010;0030600009;NEGOCIACAO E INTERMEDIACAO DE VALORES             ; 0000001069066418,58
200505;57561615;BCO FINASA S.A.                                             ;U;4010;0030900008;CONTROLE                                          ; 0000000801325866,80
200505;57561615;BCO FINASA S.A.                                             ;U;4010;0031000000;CLASSIFICACAO DA CARTEIRA DE CREDITOS             ; 0000010347813090,58
200505;57561615;BCO FINASA S.A.                                             ;U;4010;0031100003;OPERACOES DE RISCO NIVEL AA                       ; 0000000000232896,84
200505;57561615;BCO FINASA S.A.                                             ;U;4010;0031200006;OPERACOES DE RISCO NIVEL A                        ; 0000008858131423,38
200505;57561615;BCO FINASA S.A.                                             ;U;4010;0031300009;OPERACOES DE RISCO NIVELB                         ; 0000000629324711,02
200505;57561615;BCO FINASA S.A.                                             ;U;4010;0031400002;OPERACOES DE RISCO NIVELC                         ; 0000000449154140,34
200505;57561615;BCO FINASA S.A.                                             ;U;4010;0031500005;OPERACOES DE RISCO NIVEL D                        ; 0000000093118276,91
200505;57561615;BCO FINASA S.A.                                             ;U;4010;0031600008;OPERACOES DE RISCO NIVEL E                        ; 0000000060769746,72
200505;57561615;BCO FINASA S.A.                                             ;U;4010;0031700001;OPERACOES DE RISCO NIVEL F                        ; 0000000049516023,53
200505;57561615;BCO FINASA S.A.                                             ;U;4010;0031800004;OPERACOES DE RISCO NIVEL G                        ; 0000000033574918,57
200505;57561615;BCO FINASA S.A.                                             ;U;4010;0031900007;OPERACOES DE RISCO NIVEL H                        ; 0000000173990953,27
200505;57561615;BCO FINASA S.A.                                             ;U;4010;0039999993;TOTAL GERAL DO ATIVO                              ; 0000025725867477,55
200505;57561615;BCO FINASA S.A.                                             ;U;4010;0040000008;CIRCULANTE EXIGIVEL A LONGO PRAZO                 ; 0000012302834453,08
200505;57561615;BCO FINASA S.A.                                             ;U;4010;0041000007;DEPOSITOS                                         ; 0000011759985099,06
200505;57561615;BCO FINASA S.A.                                             ;U;4010;0041100000;DEPOSITOS A VISTA                                 ; 0000000000010652,71
200505;57561615;BCO FINASA S.A.                                             ;U;4010;0041300006;DEPOSITOS INTERFINANCEIROS                        ; 0000011759764765,33
200505;57561615;BCO FINASA S.A.                                             ;U;4010;0041500002;DEPOSITOS A PRAZO                                 ; 0000000000209681,02
200505;57561615;BCO FINASA S.A.                                             ;U;4010;0046000002;OBRIGACOES POR EMPRESTIMOS E REPASSES             ; 0000000043367763,38
200505;57561615;BCO FINASA S.A.                                             ;U;4010;0046400004;REPASSES DO PAIS - INSTITUICOES OFICIAIS          ; 0000000010799040,42
200505;57561615;BCO FINASA S.A.                                             ;U;4010;0046600000;REPASSES DO EXTERIOR                              ; 0000000032568722,96
200505;57561615;BCO FINASA S.A.                                             ;U;4010;0047000001;INSTRUMENTOS FINANCEIROS DERIVATIVOS              ; 0000000092367104,81
200505;57561615;BCO FINASA S.A.                                             ;U;4010;0047100004;INSTRUMENTOS FINANCEIROS DERIVATIVOS              ; 0000000092367104,81
200505;57561615;BCO FINASA S.A.                                             ;U;4010;0049000009;OUTRAS OBRIGACOES                                 ; 0000000407114485,83
200505;57561615;BCO FINASA S.A.                                             ;U;4010;0049100002;COBRANCA E ARRECADACAO DE TRIBUTOS E ASSEMELHADOS ; 0000000004041100,51
200505;57561615;BCO FINASA S.A.                                             ;U;4010;0049300008;SOCIAIS E ESTATUTARIAS                            ; 0000000162285985,54
200505;57561615;BCO FINASA S.A.                                             ;U;4010;0049400001;FISCAIS E PREVIDENCIARIAS                         ; 0000000061769153,25
200505;57561615;BCO FINASA S.A.                                             ;U;4010;0049900006;DIVERSAS                                          ; 0000000179018246,53
200505;57561615;BCO FINASA S.A.                                             ;U;4010;0050000005;RESULTADOS DE EXERCICIOS FUTUROS                  ; 0000000047022581,04
200505;57561615;BCO FINASA S.A.                                             ;U;4010;0051000004;RECEITAS DE EXERCICIOS FUTUROS                    ; 0000000047022581,04
200505;57561615;BCO FINASA S.A.                                             ;U;4010;0051100007;RECEITAS DE EXERCICIOS FUTUROS                    ; 0000000047022581,04
200505;57561615;BCO FINASA S.A.                                             ;U;4010;0060000002;PATRIMONIO LIQUIDO                                ; 0000000544169550,35
200505;57561615;BCO FINASA S.A.                                             ;U;4010;0061000001;PATRIMONIO LIQUIDO                                ; 0000000544169550,35
200505;57561615;BCO FINASA S.A.                                             ;U;4010;0061100004;CAPITAL SOCIAL                                    ; 0000000314450000,00
200505;57561615;BCO FINASA S.A.                                             ;U;4010;0061300000;RESERVAS DE CAPITAL                               ; 0000000007311494,19
200505;57561615;BCO FINASA S.A.                                             ;U;4010;0061500006;RESERVAS DE LUCROS                                ; 0000000225477912,68
200505;57561615;BCO FINASA S.A.                                             ;U;4010;0061600009;AJUSTES DE AVALIACAO PATRIMONIAL                  ;-0000000003069856,52
200505;57561615;BCO FINASA S.A.                                             ;U;4010;0070000009;CONTAS DE RESULTADO CREDORAS                      ; 0000001497958137,23
200505;57561615;BCO FINASA S.A.                                             ;U;4010;0071000008;RECEITAS OPERACIONAIS                             ; 0000001495447659,03
200505;57561615;BCO FINASA S.A.                                             ;U;4010;0071100001;RENDAS DE OPERACOES DE CREDITO                    ; 0000001183987813,10
200505;57561615;BCO FINASA S.A.                                             ;U;4010;0071200004;RENDAS DE ARRENDAMENTO MERCANTIL                  ; 0000000055514366,95
200505;57561615;BCO FINASA S.A.                                             ;U;4010;0071400000;RENDAS DE APLICACOES INTERFINANCEIRAS DE LIQUIDEZ ; 0000000003036444,98
200505;57561615;BCO FINASA S.A.                                             ;U;4010;0071500003;RENDAS COM TIT. E VAL. MOB. E INST. FINANC. DERIV.; 0000000029162502,91
200505;57561615;BCO FINASA S.A.                                             ;U;4010;0071700009;RENDAS DE PRESTACAO DE SERVICOS                   ; 0000000098461540,03
200505;57561615;BCO FINASA S.A.                                             ;U;4010;0071800002;RENDAS DE PARTICIPACOES                           ; 0000000086951247,42
200505;57561615;BCO FINASA S.A.                                             ;U;4010;0071900005;OUTRAS RECEITAS OPERACIONAIS                      ; 0000000038333743,64
200505;57561615;BCO FINASA S.A.                                             ;U;4010;0073000006;RECEITAS NAO OPERACIONAIS                         ; 0000000002510478,20
200505;57561615;BCO FINASA S.A.                                             ;U;4010;0073100009;LUCROS EM TRANSACOES COM VALORES E BENS           ; 0000000001875884,69
200505;57561615;BCO FINASA S.A.                                             ;U;4010;0073900003;OUTRAS RECEITAS NAO OPERACIONAIS                  ; 0000000000634593,51
200505;57561615;BCO FINASA S.A.                                             ;U;4010;0080000006;(-) CONTAS DE RESULTADO DEVEDORAS                 ;-0000001389317042,61
200505;57561615;BCO FINASA S.A.                                             ;U;4010;0081000005;(-) DESPESAS OPERACIONAIS                         ;-0000001377150484,19
200505;57561615;BCO FINASA S.A.                                             ;U;4010;0081100008;(-) DESPESAS DE CAPTACAO                          ;-0000000712224880,75
200505;57561615;BCO FINASA S.A.                                             ;U;4010;0081200001;(-) DESP DE OBRIGACOES POR EMPRESTIMOS E REPASSES ;-0000000002034360,11
200505;57561615;BCO FINASA S.A.                                             ;U;4010;0081300004;(-) DESPESAS DE ARRENDAMENTO MERCANTIL            ;-0000000037302658,20
200505;57561615;BCO FINASA S.A.                                             ;U;4010;0081500000;(-) DESP. COM TIT. E VAL. MOB. E INST. FIN. DERIV.;-0000000025368905,60
200505;57561615;BCO FINASA S.A.                                             ;U;4010;0081600003;(-) DESPESAS DE PARTICIPACOES                     ;-0000000000899205,52
200505;57561615;BCO FINASA S.A.                                             ;U;4010;0081700006;(-) DESPESAS ADMINISTRATIVAS                      ;-0000000214214553,87
200505;57561615;BCO FINASA S.A.                                             ;U;4010;0081800009;(-) APROVISIONAMENTOS E AJUSTES PATRIMONIAIS      ;-0000000148880049,73
200505;57561615;BCO FINASA S.A.                                             ;U;4010;0081900002;(-) OUTRAS DESPESAS OPERACIONAIS                  ;-0000000236225870,41
200505;57561615;BCO FINASA S.A.                                             ;U;4010;0083000003;(-) DESPESAS NAO OPERACIONAIS                     ;-0000000000394551,36
200505;57561615;BCO FINASA S.A.                                             ;U;4010;0083100006;(-) PREJUIZOS EM TRANSACOES COM VALORES E BENS    ;-0000000000251663,86
200505;57561615;BCO FINASA S.A.                                             ;U;4010;0083900000;(-) OUTRAS DESPESAS NAO OPERACIONAIS              ;-0000000000142887,50
200505;57561615;BCO FINASA S.A.                                             ;U;4010;0089000007;(-) APURACAO DE RESULTADO                         ;-0000000011772007,06
200505;57561615;BCO FINASA S.A.                                             ;U;4010;0089400009;(-) IMPOSTO DE RENDA                              ;-0000000011772007,06
200505;57561615;BCO FINASA S.A.                                             ;U;4010;0090000003;COMPENSACAO                                       ; 0000012723199798,46
200505;57561615;BCO FINASA S.A.                                             ;U;4010;0090300002;TITULOS E VALORES MOBILIARIOS                     ; 0000000012876703,59
200505;57561615;BCO FINASA S.A.                                             ;U;4010;0090400005;CUSTODIA DE VALORES                               ; 0000000381109369,41
200505;57561615;BCO FINASA S.A.                                             ;U;4010;0090500008;COBRANCA                                          ; 0000000111008349,50
200505;57561615;BCO FINASA S.A.                                             ;U;4010;0090600001;NEGOCIACAO E INTERMEDIACAO DE VALORES             ; 0000001069066418,58
200505;57561615;BCO FINASA S.A.                                             ;U;4010;0090900000;CONTROLE                                          ; 0000000801325866,80
200505;57561615;BCO FINASA S.A.                                             ;U;4010;0091000002;CLASSIFICACAO DA CARTEIRA DE CREDITOS             ; 0000010347813090,58
200505;57561615;BCO FINASA S.A.                                             ;U;4010;0091100005;OPERACOES DE CREDITOS E ARRENDAMENTO MERCANTIL    ; 0000010347813090,58
200505;57561615;BCO FINASA S.A.                                             ;U;4010;0099999995;TOTAL GERAL DO PASSIVO                            ; 0000025725867477,55
200505;57839805;BCO TRICURY S.A.                                            ;U;4010;0010000007;CIRCULANTE E REALIZAVEL A LONGO PRAZO             ; 0000000079101798,52
200505;57839805;BCO TRICURY S.A.                                            ;U;4010;0011000006;DISPONIBILIDADES                                  ; 0000000000101863,93
200505;57839805;BCO TRICURY S.A.                                            ;U;4010;0011100009;CAIXA                                             ; 0000000000000500,00
200505;57839805;BCO TRICURY S.A.                                            ;U;4010;0011200002;DEPOSITOS BANCARIOS                               ; 0000000000101363,93
200505;57839805;BCO TRICURY S.A.                                            ;U;4010;0012000005;APLICACOES INTERFINANCEIRAS DE LIQUIDEZ           ; 0000000018750000,00
200505;57839805;BCO TRICURY S.A.                                            ;U;4010;0012200001;APLICACOES EM DEPOSITOS INTERFINANCEIROS          ; 0000000018750000,00
200505;57839805;BCO TRICURY S.A.                                            ;U;4010;0013000004;TITULOS E VAL. MOB. E INST. FINANC. DERIVATIVOS   ; 0000000017982227,80
200505;57839805;BCO TRICURY S.A.                                            ;U;4010;0013100007;LIVRES                                            ; 0000000015895486,15
200505;57839805;BCO TRICURY S.A.                                            ;U;4010;0013600002;VINCULADOS A PRESTACAO DE GARANTIAS               ; 0000000002086741,65
200505;57839805;BCO TRICURY S.A.                                            ;U;4010;0016000001;OPERACOES DE CREDITO                              ; 0000000038598351,28
200505;57839805;BCO TRICURY S.A.                                            ;U;4010;0016100004;EMPRESTIMOS E TITULOS DESCONTADOS                 ; 0000000040376179,96
200505;57839805;BCO TRICURY S.A.                                            ;U;4010;0016900008;(-) PROVISOES PARA OPERACOES DE CREDITO           ;-0000000001777828,68
200505;57839805;BCO TRICURY S.A.                                            ;U;4010;0018000009;OUTROS CREDITOS                                   ; 0000000001417855,51
200505;57839805;BCO TRICURY S.A.                                            ;U;4010;0018300008;RENDAS A RECEBER                                  ; 0000000000050250,00
200505;57839805;BCO TRICURY S.A.                                            ;U;4010;0018800003;DIVERSOS                                          ; 0000000001367605,51
200505;57839805;BCO TRICURY S.A.                                            ;U;4010;0019000008;OUTROS VALORES E BENS                             ; 0000000002251500,00
200505;57839805;BCO TRICURY S.A.                                            ;U;4010;0019800002;OUTROS VALORES E BENS                             ; 0000000002251500,00
200505;57839805;BCO TRICURY S.A.                                            ;U;4010;0020000004;PERMANENTE                                        ; 0000000000369443,83
200505;57839805;BCO TRICURY S.A.                                            ;U;4010;0021000003;INVESTIMENTOS                                     ; 0000000000337789,64
200505;57839805;BCO TRICURY S.A.                                            ;U;4010;0021300002;INVESTIMENTOS POR INCENTIVOS FISCAIS              ; 0000000000136754,09
200505;57839805;BCO TRICURY S.A.                                            ;U;4010;0021400005;TITULOS PATRIMONIAIS                              ; 0000000000201035,55
200505;57839805;BCO TRICURY S.A.                                            ;U;4010;0022000002;IMOBILIZADO DE USO                                ; 0000000000030492,45
200505;57839805;BCO TRICURY S.A.                                            ;U;4010;0022400004;INSTALACOES, MOVEIS E EQUIPAMENTOS DE USO         ; 0000000000010210,03
200505;57839805;BCO TRICURY S.A.                                            ;U;4010;0022900009;OUTROS                                            ; 0000000000020282,42
200505;57839805;BCO TRICURY S.A.                                            ;U;4010;0024000000;DIFERIDO                                          ; 0000000000001161,74
200505;57839805;BCO TRICURY S.A.                                            ;U;4010;0024100003;GASTOS DE ORGANIZACAO E EXPANSAO                  ; 0000000000001161,74
200505;57839805;BCO TRICURY S.A.                                            ;U;4010;0030000001;COMPENSACAO                                       ; 0000000223892501,31
200505;57839805;BCO TRICURY S.A.                                            ;U;4010;0030100004;COOBRIGACOES E RISCOS EM GARANTIAS PRESTADAS      ; 0000000021018230,01
200505;57839805;BCO TRICURY S.A.                                            ;U;4010;0030300000;TITULOS E VALORES MOBILIARIOS                     ; 0000000035964455,60
200505;57839805;BCO TRICURY S.A.                                            ;U;4010;0030400003;CUSTODIA DE VALORES                               ; 0000000094369615,81
200505;57839805;BCO TRICURY S.A.                                            ;U;4010;0030500006;COBRANCA                                          ; 0000000004705215,73
200505;57839805;BCO TRICURY S.A.                                            ;U;4010;0030600009;NEGOCIACAO E INTERMEDIACAO DE VALORES             ; 0000000001800000,00
200505;57839805;BCO TRICURY S.A.                                            ;U;4010;0030900008;CONTROLE                                          ; 0000000025658804,20
200505;57839805;BCO TRICURY S.A.                                            ;U;4010;0031000000;CLASSIFICACAO DA CARTEIRA DE CREDITOS             ; 0000000040376179,96
200505;57839805;BCO TRICURY S.A.                                            ;U;4010;0031200006;OPERACOES DE RISCO NIVEL A                        ; 0000000024604479,99
200505;57839805;BCO TRICURY S.A.                                            ;U;4010;0031300009;OPERACOES DE RISCO NIVELB                         ; 0000000004675466,47
200505;57839805;BCO TRICURY S.A.                                            ;U;4010;0031400002;OPERACOES DE RISCO NIVELC                         ; 0000000006647258,81
200505;57839805;BCO TRICURY S.A.                                            ;U;4010;0031500005;OPERACOES DE RISCO NIVEL D                        ; 0000000002536983,45
200505;57839805;BCO TRICURY S.A.                                            ;U;4010;0031700001;OPERACOES DE RISCO NIVEL F                        ; 0000000001514111,40
200505;57839805;BCO TRICURY S.A.                                            ;U;4010;0031900007;OPERACOES DE RISCO NIVEL H                        ; 0000000000397879,84
200505;57839805;BCO TRICURY S.A.                                            ;U;4010;0039999993;TOTAL GERAL DO ATIVO                              ; 0000000303363743,66
200505;57839805;BCO TRICURY S.A.                                            ;U;4010;0040000008;CIRCULANTE EXIGIVEL A LONGO PRAZO                 ; 0000000047162606,17
200505;57839805;BCO TRICURY S.A.                                            ;U;4010;0041000007;DEPOSITOS                                         ; 0000000041843222,97
200505;57839805;BCO TRICURY S.A.                                            ;U;4010;0041100000;DEPOSITOS A VISTA                                 ; 0000000000147120,15
200505;57839805;BCO TRICURY S.A.                                            ;U;4010;0041500002;DEPOSITOS A PRAZO                                 ; 0000000041696102,82
200505;57839805;BCO TRICURY S.A.                                            ;U;4010;0049000009;OUTRAS OBRIGACOES                                 ; 0000000005319383,20
200505;57839805;BCO TRICURY S.A.                                            ;U;4010;0049100002;COBRANCA E ARRECADACAO DE TRIBUTOS E ASSEMELHADOS ; 0000000000041306,89
200505;57839805;BCO TRICURY S.A.                                            ;U;4010;0049300008;SOCIAIS E ESTATUTARIAS                            ; 0000000000849983,00
200505;57839805;BCO TRICURY S.A.                                            ;U;4010;0049400001;FISCAIS E PREVIDENCIARIAS                         ; 0000000004016472,20
200505;57839805;BCO TRICURY S.A.                                            ;U;4010;0049900006;DIVERSAS                                          ; 0000000000411621,11
200505;57839805;BCO TRICURY S.A.                                            ;U;4010;0050000005;RESULTADOS DE EXERCICIOS FUTUROS                  ; 0000000000169658,16
200505;57839805;BCO TRICURY S.A.                                            ;U;4010;0051000004;RECEITAS DE EXERCICIOS FUTUROS                    ; 0000000000169658,16
200505;57839805;BCO TRICURY S.A.                                            ;U;4010;0051100007;RECEITAS DE EXERCICIOS FUTUROS                    ; 0000000000169658,16
200505;57839805;BCO TRICURY S.A.                                            ;U;4010;0060000002;PATRIMONIO LIQUIDO                                ; 0000000031251513,24
200505;57839805;BCO TRICURY S.A.                                            ;U;4010;0061000001;PATRIMONIO LIQUIDO                                ; 0000000031251513,24
200505;57839805;BCO TRICURY S.A.                                            ;U;4010;0061100004;CAPITAL SOCIAL                                    ; 0000000030560000,00
200505;57839805;BCO TRICURY S.A.                                            ;U;4010;0061300000;RESERVAS DE CAPITAL                               ; 0000000000688214,42
200505;57839805;BCO TRICURY S.A.                                            ;U;4010;0061800005;LUCROS OU PREJUIZOS ACUMULADOS                    ; 0000000000003298,82
200505;57839805;BCO TRICURY S.A.                                            ;U;4010;0070000009;CONTAS DE RESULTADO CREDORAS                      ; 0000000007918938,97
200505;57839805;BCO TRICURY S.A.                                            ;U;4010;0071000008;RECEITAS OPERACIONAIS                             ; 0000000007898731,46
200505;57839805;BCO TRICURY S.A.                                            ;U;4010;0071100001;RENDAS DE OPERACOES DE CREDITO                    ; 0000000005125072,37
200505;57839805;BCO TRICURY S.A.                                            ;U;4010;0071400000;RENDAS DE APLICACOES INTERFINANCEIRAS DE LIQUIDEZ ; 0000000001460095,00
200505;57839805;BCO TRICURY S.A.                                            ;U;4010;0071500003;RENDAS COM TIT. E VAL. MOB. E INST. FINANC. DERIV.; 0000000000954020,36
200505;57839805;BCO TRICURY S.A.                                            ;U;4010;0071900005;OUTRAS RECEITAS OPERACIONAIS                      ; 0000000000359543,73
200505;57839805;BCO TRICURY S.A.                                            ;U;4010;0073000006;RECEITAS NAO OPERACIONAIS                         ; 0000000000020207,51
200505;57839805;BCO TRICURY S.A.                                            ;U;4010;0073900003;OUTRAS RECEITAS NAO OPERACIONAIS                  ; 0000000000020207,51
200505;57839805;BCO TRICURY S.A.                                            ;U;4010;0080000006;(-) CONTAS DE RESULTADO DEVEDORAS                 ;-0000000007031474,19
200505;57839805;BCO TRICURY S.A.                                            ;U;4010;0081000005;(-) DESPESAS OPERACIONAIS                         ;-0000000006048334,30
200505;57839805;BCO TRICURY S.A.                                            ;U;4010;0081100008;(-) DESPESAS DE CAPTACAO                          ;-0000000002510009,72
200505;57839805;BCO TRICURY S.A.                                            ;U;4010;0081700006;(-) DESPESAS ADMINISTRATIVAS                      ;-0000000002176088,22
200505;57839805;BCO TRICURY S.A.                                            ;U;4010;0081800009;(-) APROVISIONAMENTOS E AJUSTES PATRIMONIAIS      ;-0000000001009190,24
200505;57839805;BCO TRICURY S.A.                                            ;U;4010;0081900002;(-) OUTRAS DESPESAS OPERACIONAIS                  ;-0000000000353046,12
200505;57839805;BCO TRICURY S.A.                                            ;U;4010;0089000007;(-) APURACAO DE RESULTADO                         ;-0000000000983139,89
200505;57839805;BCO TRICURY S.A.                                            ;U;4010;0089400009;(-) IMPOSTO DE RENDA                              ;-0000000000983139,89
200505;57839805;BCO TRICURY S.A.                                            ;U;4010;0090000003;COMPENSACAO                                       ; 0000000223892501,31
200505;57839805;BCO TRICURY S.A.                                            ;U;4010;0090100006;COOBRIGACOES E RISCOS EM GARANTIAS PRESTADAS      ; 0000000021018230,01
200505;57839805;BCO TRICURY S.A.                                            ;U;4010;0090300002;TITULOS E VALORES MOBILIARIOS                     ; 0000000035964455,60
200505;57839805;BCO TRICURY S.A.                                            ;U;4010;0090400005;CUSTODIA DE VALORES                               ; 0000000094369615,81
200505;57839805;BCO TRICURY S.A.                                            ;U;4010;0090500008;COBRANCA                                          ; 0000000004705215,73
200505;57839805;BCO TRICURY S.A.                                            ;U;4010;0090600001;NEGOCIACAO E INTERMEDIACAO DE VALORES             ; 0000000001800000,00
200505;57839805;BCO TRICURY S.A.                                            ;U;4010;0090900000;CONTROLE                                          ; 0000000025658804,20
200505;57839805;BCO TRICURY S.A.                                            ;U;4010;0091000002;CLASSIFICACAO DA CARTEIRA DE CREDITOS             ; 0000000040376179,96
200505;57839805;BCO TRICURY S.A.                                            ;U;4010;0091100005;OPERACOES DE CREDITOS E ARRENDAMENTO MERCANTIL    ; 0000000040376179,96
200505;57839805;BCO TRICURY S.A.                                            ;U;4010;0099999995;TOTAL GERAL DO PASSIVO                            ; 0000000303363743,66
200505;58017179;BCO VOLVO BRASIL S.A.                                       ;U;4010;0010000007;CIRCULANTE E REALIZAVEL A LONGO PRAZO             ; 0000000841326313,25
200505;58017179;BCO VOLVO BRASIL S.A.                                       ;U;4010;0011000006;DISPONIBILIDADES                                  ; 0000000001428202,40
200505;58017179;BCO VOLVO BRASIL S.A.                                       ;U;4010;0011100009;CAIXA                                             ; 0000000000001500,00
200505;58017179;BCO VOLVO BRASIL S.A.                                       ;U;4010;0011200002;DEPOSITOS BANCARIOS                               ; 0000000001426702,40
200505;58017179;BCO VOLVO BRASIL S.A.                                       ;U;4010;0012000005;APLICACOES INTERFINANCEIRAS DE LIQUIDEZ           ; 0000000051584728,97
200505;58017179;BCO VOLVO BRASIL S.A.                                       ;U;4010;0012200001;APLICACOES EM DEPOSITOS INTERFINANCEIROS          ; 0000000051584728,97
200505;58017179;BCO VOLVO BRASIL S.A.                                       ;U;4010;0016000001;OPERACOES DE CREDITO                              ; 0000000780750851,08
200505;58017179;BCO VOLVO BRASIL S.A.                                       ;U;4010;0016100004;EMPRESTIMOS E TITULOS DESCONTADOS                 ; 0000000000703573,37
200505;58017179;BCO VOLVO BRASIL S.A.                                       ;U;4010;0016200007;FINANCIAMENTOS                                    ; 0000000789620400,93
200505;58017179;BCO VOLVO BRASIL S.A.                                       ;U;4010;0016900008;(-) PROVISOES PARA OPERACOES DE CREDITO           ;-0000000009573123,22
200505;58017179;BCO VOLVO BRASIL S.A.                                       ;U;4010;0018000009;OUTROS CREDITOS                                   ; 0000000004843703,50
200505;58017179;BCO VOLVO BRASIL S.A.                                       ;U;4010;0018800003;DIVERSOS                                          ; 0000000004843703,50
200505;58017179;BCO VOLVO BRASIL S.A.                                       ;U;4010;0019000008;OUTROS VALORES E BENS                             ; 0000000002718827,30
200505;58017179;BCO VOLVO BRASIL S.A.                                       ;U;4010;0019800002;OUTROS VALORES E BENS                             ; 0000000002715087,54
200505;58017179;BCO VOLVO BRASIL S.A.                                       ;U;4010;0019900005;DESPESAS ANTECIPADAS                              ; 0000000000003739,76
200505;58017179;BCO VOLVO BRASIL S.A.                                       ;U;4010;0020000004;PERMANENTE                                        ; 0000000026488247,56
200505;58017179;BCO VOLVO BRASIL S.A.                                       ;U;4010;0021000003;INVESTIMENTOS                                     ; 0000000025845533,86
200505;58017179;BCO VOLVO BRASIL S.A.                                       ;U;4010;0021200009;PARTICIPACOES EM COLIGADAS E CONTROLADAS NO PAIS  ; 0000000025836403,77
200505;58017179;BCO VOLVO BRASIL S.A.                                       ;U;4010;0021400005;TITULOS PATRIMONIAIS                              ; 0000000000009082,36
200505;58017179;BCO VOLVO BRASIL S.A.                                       ;U;4010;0021500008;ACOES E COTAS                                     ; 0000000000000042,00
200505;58017179;BCO VOLVO BRASIL S.A.                                       ;U;4010;0021900000;OUTROS INVESTIMENTOS                              ; 0000000000000005,73
200505;58017179;BCO VOLVO BRASIL S.A.                                       ;U;4010;0022000002;IMOBILIZADO DE USO                                ; 0000000000386731,46
200505;58017179;BCO VOLVO BRASIL S.A.                                       ;U;4010;0022400004;INSTALACOES, MOVEIS E EQUIPAMENTOS DE USO         ; 0000000000014393,70
200505;58017179;BCO VOLVO BRASIL S.A.                                       ;U;4010;0022900009;OUTROS                                            ; 0000000000372337,76
200505;58017179;BCO VOLVO BRASIL S.A.                                       ;U;4010;0024000000;DIFERIDO                                          ; 0000000000255982,24
200505;58017179;BCO VOLVO BRASIL S.A.                                       ;U;4010;0024100003;GASTOS DE ORGANIZACAO E EXPANSAO                  ; 0000000000255982,24
200505;58017179;BCO VOLVO BRASIL S.A.                                       ;U;4010;0030000001;COMPENSACAO                                       ; 0000001607004033,10
200505;58017179;BCO VOLVO BRASIL S.A.                                       ;U;4010;0030400003;CUSTODIA DE VALORES                               ; 0000000004012653,00
200505;58017179;BCO VOLVO BRASIL S.A.                                       ;U;4010;0030900008;CONTROLE                                          ; 0000000812667405,80
200505;58017179;BCO VOLVO BRASIL S.A.                                       ;U;4010;0031000000;CLASSIFICACAO DA CARTEIRA DE CREDITOS             ; 0000000790323974,30
200505;58017179;BCO VOLVO BRASIL S.A.                                       ;U;4010;0031100003;OPERACOES DE RISCO NIVEL AA                       ; 0000000024565705,17
200505;58017179;BCO VOLVO BRASIL S.A.                                       ;U;4010;0031200006;OPERACOES DE RISCO NIVEL A                        ; 0000000352431370,98
200505;58017179;BCO VOLVO BRASIL S.A.                                       ;U;4010;0031300009;OPERACOES DE RISCO NIVELB                         ; 0000000300619777,86
200505;58017179;BCO VOLVO BRASIL S.A.                                       ;U;4010;0031400002;OPERACOES DE RISCO NIVELC                         ; 0000000106515543,41
200505;58017179;BCO VOLVO BRASIL S.A.                                       ;U;4010;0031500005;OPERACOES DE RISCO NIVEL D                        ; 0000000004268917,86
200505;58017179;BCO VOLVO BRASIL S.A.                                       ;U;4010;0031600008;OPERACOES DE RISCO NIVEL E                        ; 0000000000666556,78
200505;58017179;BCO VOLVO BRASIL S.A.                                       ;U;4010;0031700001;OPERACOES DE RISCO NIVEL F                        ; 0000000000547317,54
200505;58017179;BCO VOLVO BRASIL S.A.                                       ;U;4010;0031900007;OPERACOES DE RISCO NIVEL H                        ; 0000000000708784,70
200505;58017179;BCO VOLVO BRASIL S.A.                                       ;U;4010;0039999993;TOTAL GERAL DO ATIVO                              ; 0000002474818593,91
200505;58017179;BCO VOLVO BRASIL S.A.                                       ;U;4010;0040000008;CIRCULANTE EXIGIVEL A LONGO PRAZO                 ; 0000000748790868,64
200505;58017179;BCO VOLVO BRASIL S.A.                                       ;U;4010;0041000007;DEPOSITOS                                         ; 0000000127637882,06
200505;58017179;BCO VOLVO BRASIL S.A.                                       ;U;4010;0041300006;DEPOSITOS INTERFINANCEIROS                        ; 0000000061508906,98
200505;58017179;BCO VOLVO BRASIL S.A.                                       ;U;4010;0041500002;DEPOSITOS A PRAZO                                 ; 0000000066128975,08
200505;58017179;BCO VOLVO BRASIL S.A.                                       ;U;4010;0046000002;OBRIGACOES POR EMPRESTIMOS E REPASSES             ; 0000000598928651,10
200505;58017179;BCO VOLVO BRASIL S.A.                                       ;U;4010;0046400004;REPASSES DO PAIS - INSTITUICOES OFICIAIS          ; 0000000598928651,10
200505;58017179;BCO VOLVO BRASIL S.A.                                       ;U;4010;0049000009;OUTRAS OBRIGACOES                                 ; 0000000022224335,48
200505;58017179;BCO VOLVO BRASIL S.A.                                       ;U;4010;0049100002;COBRANCA E ARRECADACAO DE TRIBUTOS E ASSEMELHADOS ; 0000000000010710,58
200505;58017179;BCO VOLVO BRASIL S.A.                                       ;U;4010;0049400001;FISCAIS E PREVIDENCIARIAS                         ; 0000000011478538,08
200505;58017179;BCO VOLVO BRASIL S.A.                                       ;U;4010;0049900006;DIVERSAS                                          ; 0000000010735086,82
200505;58017179;BCO VOLVO BRASIL S.A.                                       ;U;4010;0050000005;RESULTADOS DE EXERCICIOS FUTUROS                  ; 0000000003172279,54
200505;58017179;BCO VOLVO BRASIL S.A.                                       ;U;4010;0051000004;RECEITAS DE EXERCICIOS FUTUROS                    ; 0000000003172279,54
200505;58017179;BCO VOLVO BRASIL S.A.                                       ;U;4010;0051100007;RECEITAS DE EXERCICIOS FUTUROS                    ; 0000000003172279,54
200505;58017179;BCO VOLVO BRASIL S.A.                                       ;U;4010;0060000002;PATRIMONIO LIQUIDO                                ; 0000000104316812,17
200505;58017179;BCO VOLVO BRASIL S.A.                                       ;U;4010;0061000001;PATRIMONIO LIQUIDO                                ; 0000000104316812,17
200505;58017179;BCO VOLVO BRASIL S.A.                                       ;U;4010;0061100004;CAPITAL SOCIAL                                    ; 0000000148936596,46
200505;58017179;BCO VOLVO BRASIL S.A.                                       ;U;4010;0061300000;RESERVAS DE CAPITAL                               ; 0000000000072855,86
200505;58017179;BCO VOLVO BRASIL S.A.                                       ;U;4010;0061800005;LUCROS OU PREJUIZOS ACUMULADOS                    ;-0000000044692640,15
200505;58017179;BCO VOLVO BRASIL S.A.                                       ;U;4010;0070000009;CONTAS DE RESULTADO CREDORAS                      ; 0000000056356000,82
200505;58017179;BCO VOLVO BRASIL S.A.                                       ;U;4010;0071000008;RECEITAS OPERACIONAIS                             ; 0000000056235276,37
200505;58017179;BCO VOLVO BRASIL S.A.                                       ;U;4010;0071100001;RENDAS DE OPERACOES DE CREDITO                    ; 0000000046987410,47
200505;58017179;BCO VOLVO BRASIL S.A.                                       ;U;4010;0071400000;RENDAS DE APLICACOES INTERFINANCEIRAS DE LIQUIDEZ ; 0000000003737362,49
200505;58017179;BCO VOLVO BRASIL S.A.                                       ;U;4010;0071500003;RENDAS COM TIT. E VAL. MOB. E INST. FINANC. DERIV.; 0000000000582895,02
200505;58017179;BCO VOLVO BRASIL S.A.                                       ;U;4010;0071700009;RENDAS DE PRESTACAO DE SERVICOS                   ; 0000000000498378,99
200505;58017179;BCO VOLVO BRASIL S.A.                                       ;U;4010;0071800002;RENDAS DE PARTICIPACOES                           ; 0000000004176008,38
200505;58017179;BCO VOLVO BRASIL S.A.                                       ;U;4010;0071900005;OUTRAS RECEITAS OPERACIONAIS                      ; 0000000000253221,02
200505;58017179;BCO VOLVO BRASIL S.A.                                       ;U;4010;0073000006;RECEITAS NAO OPERACIONAIS                         ; 0000000000120724,45
200505;58017179;BCO VOLVO BRASIL S.A.                                       ;U;4010;0073100009;LUCROS EM TRANSACOES COM VALORES E BENS           ; 0000000000000473,80
200505;58017179;BCO VOLVO BRASIL S.A.                                       ;U;4010;0073900003;OUTRAS RECEITAS NAO OPERACIONAIS                  ; 0000000000120250,65
200505;58017179;BCO VOLVO BRASIL S.A.                                       ;U;4010;0080000006;(-) CONTAS DE RESULTADO DEVEDORAS                 ;-0000000044821400,36
200505;58017179;BCO VOLVO BRASIL S.A.                                       ;U;4010;0081000005;(-) DESPESAS OPERACIONAIS                         ;-0000000041359624,19
200505;58017179;BCO VOLVO BRASIL S.A.                                       ;U;4010;0081100008;(-) DESPESAS DE CAPTACAO                          ;-0000000008697776,98
200505;58017179;BCO VOLVO BRASIL S.A.                                       ;U;4010;0081200001;(-) DESP DE OBRIGACOES POR EMPRESTIMOS E REPASSES ;-0000000024387994,83
200505;58017179;BCO VOLVO BRASIL S.A.                                       ;U;4010;0081500000;(-) DESP. COM TIT. E VAL. MOB. E INST. FIN. DERIV.;-0000000000005550,66
200505;58017179;BCO VOLVO BRASIL S.A.                                       ;U;4010;0081600003;(-) DESPESAS DE PARTICIPACOES                     ;-0000000002434906,44
200505;58017179;BCO VOLVO BRASIL S.A.                                       ;U;4010;0081700006;(-) DESPESAS ADMINISTRATIVAS                      ;-0000000002344394,96
200505;58017179;BCO VOLVO BRASIL S.A.                                       ;U;4010;0081800009;(-) APROVISIONAMENTOS E AJUSTES PATRIMONIAIS      ;-0000000002505545,73
200505;58017179;BCO VOLVO BRASIL S.A.                                       ;U;4010;0081900002;(-) OUTRAS DESPESAS OPERACIONAIS                  ;-0000000000983454,59
200505;58017179;BCO VOLVO BRASIL S.A.                                       ;U;4010;0089000007;(-) APURACAO DE RESULTADO                         ;-0000000003461776,17
200505;58017179;BCO VOLVO BRASIL S.A.                                       ;U;4010;0089400009;(-) IMPOSTO DE RENDA                              ;-0000000003461776,17
200505;58017179;BCO VOLVO BRASIL S.A.                                       ;U;4010;0090000003;COMPENSACAO                                       ; 0000001607004033,10
200505;58017179;BCO VOLVO BRASIL S.A.                                       ;U;4010;0090400005;CUSTODIA DE VALORES                               ; 0000000004012653,00
200505;58017179;BCO VOLVO BRASIL S.A.                                       ;U;4010;0090900000;CONTROLE                                          ; 0000000812667405,80
200505;58017179;BCO VOLVO BRASIL S.A.                                       ;U;4010;0091000002;CLASSIFICACAO DA CARTEIRA DE CREDITOS             ; 0000000790323974,30
200505;58017179;BCO VOLVO BRASIL S.A.                                       ;U;4010;0091100005;OPERACOES DE CREDITOS E ARRENDAMENTO MERCANTIL    ; 0000000790323974,30
200505;58017179;BCO VOLVO BRASIL S.A.                                       ;U;4010;0099999995;TOTAL GERAL DO PASSIVO                            ; 0000002474818593,91
200505;58160789;BCO SAFRA S.A.                                              ;U;4010;0010000007;CIRCULANTE E REALIZAVEL A LONGO PRAZO             ; 0000028500724862,26
200505;58160789;BCO SAFRA S.A.                                              ;U;4010;0011000006;DISPONIBILIDADES                                  ; 0000000100939127,43
200505;58160789;BCO SAFRA S.A.                                              ;U;4010;0011100009;CAIXA                                             ; 0000000071761356,33
200505;58160789;BCO SAFRA S.A.                                              ;U;4010;0011400008;APLICACOES EM OURO                                ; 0000000000099343,25
200505;58160789;BCO SAFRA S.A.                                              ;U;4010;0011500001;DISPONIBILIDADES EM MOEDAS ESTRANGEIRAS           ; 0000000029078427,85
200505;58160789;BCO SAFRA S.A.                                              ;U;4010;0012000005;APLICACOES INTERFINANCEIRAS DE LIQUIDEZ           ; 0000004768740409,75
200505;58160789;BCO SAFRA S.A.                                              ;U;4010;0012100008;APLICACOES EM OPERACOES COMPROMISSADAS            ; 0000002914655129,29
200505;58160789;BCO SAFRA S.A.                                              ;U;4010;0012200001;APLICACOES EM DEPOSITOS INTERFINANCEIROS          ; 0000001829923341,38
200505;58160789;BCO SAFRA S.A.                                              ;U;4010;0012600003;APLICA OES EM MOEDAS ESTRANGEIRAS                 ; 0000000024161939,08
200505;58160789;BCO SAFRA S.A.                                              ;U;4010;0013000004;TITULOS E VAL. MOB. E INST. FINANC. DERIVATIVOS   ; 0000006406486944,43
200505;58160789;BCO SAFRA S.A.                                              ;U;4010;0013100007;LIVRES                                            ; 0000001847041278,81
200505;58160789;BCO SAFRA S.A.                                              ;U;4010;0013200000;VINCULADOS A OPERACOES COMPROMISSADAS             ; 0000002766092001,39
200505;58160789;BCO SAFRA S.A.                                              ;U;4010;0013300003;INSTRUMENTOS FINANCEIROS DERIVATIVOS              ; 0000000633857692,69
200505;58160789;BCO SAFRA S.A.                                              ;U;4010;0013400006;VINCULADOS AO BANCO CENTRAL                       ; 0000000824679362,56
200505;58160789;BCO SAFRA S.A.                                              ;U;4010;0013600002;VINCULADOS A PRESTACAO DE GARANTIAS               ; 0000000334816608,98
200505;58160789;BCO SAFRA S.A.                                              ;U;4010;0014000003;RELACOES INTERFINANCEIRAS                         ; 0000001288445956,38
200505;58160789;BCO SAFRA S.A.                                              ;U;4010;0014100006;DIREITOS JUNTO A PARTIC. DE SISTEMAS DE LIQUIDAÇÃO; 0000000175340661,79
200505;58160789;BCO SAFRA S.A.                                              ;U;4010;0014200009;CREDITOS VINCULADOS                               ; 0000001111477356,44
200505;58160789;BCO SAFRA S.A.                                              ;U;4010;0014400005;RELACOES COM CORRESPONDENTES                      ; 0000000001627938,15
200505;58160789;BCO SAFRA S.A.                                              ;U;4010;0015000002;RELACOES INTERDEPENDENCIAS                        ; 0000000002664029,06
200505;58160789;BCO SAFRA S.A.                                              ;U;4010;0015200008;TRANSFERENCIAS INTERNAS DE RECURSOS               ; 0000000002664029,06
200505;58160789;BCO SAFRA S.A.                                              ;U;4010;0016000001;OPERACOES DE CREDITO                              ; 0000011801466030,54
200505;58160789;BCO SAFRA S.A.                                              ;U;4010;0016100004;EMPRESTIMOS E TITULOS DESCONTADOS                 ; 0000007902471714,57
200505;58160789;BCO SAFRA S.A.                                              ;U;4010;0016200007;FINANCIAMENTOS                                    ; 0000003849970630,83
200505;58160789;BCO SAFRA S.A.                                              ;U;4010;0016300000;FINANCIAMENTOS RURAIS E AGROINDUSTRIAIS           ; 0000000544414061,06
200505;58160789;BCO SAFRA S.A.                                              ;U;4010;0016400003;FINANCIAMENTOS IMOBILIARIOS                       ; 0000000027198372,15
200505;58160789;BCO SAFRA S.A.                                              ;U;4010;0016900008;(-) PROVISOES PARA OPERACOES DE CREDITO           ;-0000000522588748,07
200505;58160789;BCO SAFRA S.A.                                              ;U;4010;0018000009;OUTROS CREDITOS                                   ; 0000004106881231,23
200505;58160789;BCO SAFRA S.A.                                              ;U;4010;0018200005;CARTEIRA DE CAMBIO                                ; 0000003615585724,34
200505;58160789;BCO SAFRA S.A.                                              ;U;4010;0018300008;RENDAS A RECEBER                                  ; 0000000211439995,43
200505;58160789;BCO SAFRA S.A.                                              ;U;4010;0018400001;NEGOCIACAO E INTERMEDIACAO DE VALORES             ; 0000000024861100,06
200505;58160789;BCO SAFRA S.A.                                              ;U;4010;0018800003;DIVERSOS                                          ; 0000000293384027,35
200505;58160789;BCO SAFRA S.A.                                              ;U;4010;0018900006;(-) PROVISOES PARA OUTROS CREDITOS                ;-0000000038389615,95
200505;58160789;BCO SAFRA S.A.                                              ;U;4010;0019000008;OUTROS VALORES E BENS                             ; 0000000025101133,44
200505;58160789;BCO SAFRA S.A.                                              ;U;4010;0019800002;OUTROS VALORES E BENS                             ; 0000000008202313,59
200505;58160789;BCO SAFRA S.A.                                              ;U;4010;0019900005;DESPESAS ANTECIPADAS                              ; 0000000016898819,85
200505;58160789;BCO SAFRA S.A.                                              ;U;4010;0020000004;PERMANENTE                                        ; 0000002680172103,36
200505;58160789;BCO SAFRA S.A.                                              ;U;4010;0021000003;INVESTIMENTOS                                     ; 0000002635722481,26
200505;58160789;BCO SAFRA S.A.                                              ;U;4010;0021100006;INVESTIMENTOS NO EXTERIOR                         ; 0000000615683139,14
200505;58160789;BCO SAFRA S.A.                                              ;U;4010;0021200009;PARTICIPACOES EM COLIGADAS E CONTROLADAS NO PAIS  ; 0000002005117654,30
200505;58160789;BCO SAFRA S.A.                                              ;U;4010;0021400005;TITULOS PATRIMONIAIS                              ; 0000000003484504,62
200505;58160789;BCO SAFRA S.A.                                              ;U;4010;0021500008;ACOES E COTAS                                     ; 0000000006936593,33
200505;58160789;BCO SAFRA S.A.                                              ;U;4010;0021900000;OUTROS INVESTIMENTOS                              ; 0000000004500589,87
200505;58160789;BCO SAFRA S.A.                                              ;U;4010;0022000002;IMOBILIZADO DE USO                                ; 0000000032799207,46
200505;58160789;BCO SAFRA S.A.                                              ;U;4010;0022200008;IMOBILIZACOES EM CURSO                            ; 0000000000513676,48
200505;58160789;BCO SAFRA S.A.                                              ;U;4010;0022300001;IMOVEIS DE USO                                    ; 0000000001465085,90
200505;58160789;BCO SAFRA S.A.                                              ;U;4010;0022400004;INSTALACOES, MOVEIS E EQUIPAMENTOS DE USO         ; 0000000003657252,01
200505;58160789;BCO SAFRA S.A.                                              ;U;4010;0022900009;OUTROS                                            ; 0000000027163193,07
200505;58160789;BCO SAFRA S.A.                                              ;U;4010;0024000000;DIFERIDO                                          ; 0000000011650414,64
200505;58160789;BCO SAFRA S.A.                                              ;U;4010;0024100003;GASTOS DE ORGANIZACAO E EXPANSAO                  ; 0000000011650414,64
200505;58160789;BCO SAFRA S.A.                                              ;U;4010;0030000001;COMPENSACAO                                       ; 0000297625736379,79
200505;58160789;BCO SAFRA S.A.                                              ;U;4010;0030100004;COOBRIGACOES E RISCOS EM GARANTIAS PRESTADAS      ; 0000002373866664,26
200505;58160789;BCO SAFRA S.A.                                              ;U;4010;0030300000;TITULOS E VALORES MOBILIARIOS                     ; 0000011545258503,48
200505;58160789;BCO SAFRA S.A.                                              ;U;4010;0030400003;CUSTODIA DE VALORES                               ; 0000070728654452,65
200505;58160789;BCO SAFRA S.A.                                              ;U;4010;0030500006;COBRANCA                                          ; 0000012300786207,27
200505;58160789;BCO SAFRA S.A.                                              ;U;4010;0030600009;NEGOCIACAO E INTERMEDIACAO DE VALORES             ; 0000081709093922,64
200505;58160789;BCO SAFRA S.A.                                              ;U;4010;0030800005;CONTRATOS                                         ; 0000002383169778,93
200505;58160789;BCO SAFRA S.A.                                              ;U;4010;0030900008;CONTROLE                                          ; 0000103284694294,68
200505;58160789;BCO SAFRA S.A.                                              ;U;4010;0031000000;CLASSIFICACAO DA CARTEIRA DE CREDITOS             ; 0000013300212555,88
200505;58160789;BCO SAFRA S.A.                                              ;U;4010;0031100003;OPERACOES DE RISCO NIVEL AA                       ; 0000008194388293,32
200505;58160789;BCO SAFRA S.A.                                              ;U;4010;0031200006;OPERACOES DE RISCO NIVEL A                        ; 0000002436476438,63
200505;58160789;BCO SAFRA S.A.                                              ;U;4010;0031300009;OPERACOES DE RISCO NIVELB                         ; 0000001407175401,73
200505;58160789;BCO SAFRA S.A.                                              ;U;4010;0031400002;OPERACOES DE RISCO NIVELC                         ; 0000000430405181,16
200505;58160789;BCO SAFRA S.A.                                              ;U;4010;0031500005;OPERACOES DE RISCO NIVEL D                        ; 0000000359613095,37
200505;58160789;BCO SAFRA S.A.                                              ;U;4010;0031600008;OPERACOES DE RISCO NIVEL E                        ; 0000000199614568,03
200505;58160789;BCO SAFRA S.A.                                              ;U;4010;0031700001;OPERACOES DE RISCO NIVEL F                        ; 0000000112151921,20
200505;58160789;BCO SAFRA S.A.                                              ;U;4010;0031800004;OPERACOES DE RISCO NIVEL G                        ; 0000000009863469,75
200505;58160789;BCO SAFRA S.A.                                              ;U;4010;0031900007;OPERACOES DE RISCO NIVEL H                        ; 0000000150524186,69
200505;58160789;BCO SAFRA S.A.                                              ;U;4010;0039999993;TOTAL GERAL DO ATIVO                              ; 0000328806633345,41
200505;58160789;BCO SAFRA S.A.                                              ;U;4010;0040000008;CIRCULANTE EXIGIVEL A LONGO PRAZO                 ; 0000027690166224,70
200505;58160789;BCO SAFRA S.A.                                              ;U;4010;0041000007;DEPOSITOS                                         ; 0000007480354591,37
200505;58160789;BCO SAFRA S.A.                                              ;U;4010;0041100000;DEPOSITOS A VISTA                                 ; 0000001108922519,91
200505;58160789;BCO SAFRA S.A.                                              ;U;4010;0041200003;DEPOSITOS DE POUPANCA                             ; 0000000481777469,72
200505;58160789;BCO SAFRA S.A.                                              ;U;4010;0041300006;DEPOSITOS INTERFINANCEIROS                        ; 0000000592943956,81
200505;58160789;BCO SAFRA S.A.                                              ;U;4010;0041500002;DEPOSITOS A PRAZO                                 ; 0000005285337567,80
200505;58160789;BCO SAFRA S.A.                                              ;U;4010;0041800001;DEPOSITOS EM MOEDAS ESTRANGEIRAS                  ; 0000000002282061,39
200505;58160789;BCO SAFRA S.A.                                              ;U;4010;0041900004;OUTROS DEPOSITOS                                  ; 0000000009091015,74
200505;58160789;BCO SAFRA S.A.                                              ;U;4010;0042000006;OBRIGACOES POR OPERACOES COMPROMISSADAS           ; 0000005664508072,54
200505;58160789;BCO SAFRA S.A.                                              ;U;4010;0042100009;CARTEIRA PROPRIA                                  ; 0000002764942412,69
200505;58160789;BCO SAFRA S.A.                                              ;U;4010;0042200002;CARTEIRA DE TERCEIROS                             ; 0000002360376581,44
200505;58160789;BCO SAFRA S.A.                                              ;U;4010;0042300005;CARTEIRA LIVRE MOVIMENTACAO                       ; 0000000539189078,41
200505;58160789;BCO SAFRA S.A.                                              ;U;4010;0043000005;RECURSOS ACEITES CAMB,LI E HIP.,DEBENT.E SIMILARES; 0000000788931172,88
200505;58160789;BCO SAFRA S.A.                                              ;U;4010;0043300004;RECURSOS DE LETRAS HIPOTECARIAS                   ; 0000000016051210,45
200505;58160789;BCO SAFRA S.A.                                              ;U;4010;0043500000;OBRIGACOES P/TITULOS E VALS.MOBILIARIOS EXTERIOR  ; 0000000772879962,43
200505;58160789;BCO SAFRA S.A.                                              ;U;4010;0044000004;RELACOES INTERFINANCEIRAS                         ; 0000000279124801,03
200505;58160789;BCO SAFRA S.A.                                              ;U;4010;0044100007;OBRIGAÇÕES JUNTO A PARTIC. DE SIST. DE LIQUIDACÃO ; 0000000273181231,36
200505;58160789;BCO SAFRA S.A.                                              ;U;4010;0044400006;RELACOES COM CORRESPONDENTES                      ; 0000000005943569,67
200505;58160789;BCO SAFRA S.A.                                              ;U;4010;0045000003;RELACOES INTERDEPENDENCIAS                        ; 0000000125645890,66
200505;58160789;BCO SAFRA S.A.                                              ;U;4010;0045100006;RECURSOS EM TRANSITO DE TERCEIROS                 ; 0000000123597863,03
200505;58160789;BCO SAFRA S.A.                                              ;U;4010;0045200009;TRANSFERENCIAS INTERNAS DE RECURSOS               ; 0000000002048027,63
200505;58160789;BCO SAFRA S.A.                                              ;U;4010;0046000002;OBRIGACOES POR EMPRESTIMOS E REPASSES             ; 0000002959711248,03
200505;58160789;BCO SAFRA S.A.                                              ;U;4010;0046300001;EMPRESTIMOS NO EXTERIOR                           ; 0000000995081575,83
200505;58160789;BCO SAFRA S.A.                                              ;U;4010;0046400004;REPASSES DO PAIS - INSTITUICOES OFICIAIS          ; 0000001964629672,20
200505;58160789;BCO SAFRA S.A.                                              ;U;4010;0047000001;INSTRUMENTOS FINANCEIROS DERIVATIVOS              ; 0000005785733443,94
200505;58160789;BCO SAFRA S.A.                                              ;U;4010;0047100004;INSTRUMENTOS FINANCEIROS DERIVATIVOS              ; 0000005785733443,94
200505;58160789;BCO SAFRA S.A.                                              ;U;4010;0049000009;OUTRAS OBRIGACOES                                 ; 0000004606157004,25
200505;58160789;BCO SAFRA S.A.                                              ;U;4010;0049100002;COBRANCA E ARRECADACAO DE TRIBUTOS E ASSEMELHADOS ; 0000000286584081,89
200505;58160789;BCO SAFRA S.A.                                              ;U;4010;0049200005;CARTEIRA DE CAMBIO                                ; 0000002859292591,24
200505;58160789;BCO SAFRA S.A.                                              ;U;4010;0049300008;SOCIAIS E ESTATUTARIAS                            ; 0000000725746529,95
200505;58160789;BCO SAFRA S.A.                                              ;U;4010;0049400001;FISCAIS E PREVIDENCIARIAS                         ; 0000000261961776,46
200505;58160789;BCO SAFRA S.A.                                              ;U;4010;0049900006;DIVERSAS                                          ; 0000000472572024,71
200505;58160789;BCO SAFRA S.A.                                              ;U;4010;0050000005;RESULTADOS DE EXERCICIOS FUTUROS                  ; 0000000013977118,77
200505;58160789;BCO SAFRA S.A.                                              ;U;4010;0051000004;RECEITAS DE EXERCICIOS FUTUROS                    ; 0000000013977118,77
200505;58160789;BCO SAFRA S.A.                                              ;U;4010;0051100007;RECEITAS DE EXERCICIOS FUTUROS                    ; 0000000013977118,77
200505;58160789;BCO SAFRA S.A.                                              ;U;4010;0060000002;PATRIMONIO LIQUIDO                                ; 0000003404517929,30
200505;58160789;BCO SAFRA S.A.                                              ;U;4010;0061000001;PATRIMONIO LIQUIDO                                ; 0000003404517929,30
200505;58160789;BCO SAFRA S.A.                                              ;U;4010;0061100004;CAPITAL SOCIAL                                    ; 0000001411900000,00
200505;58160789;BCO SAFRA S.A.                                              ;U;4010;0061300000;RESERVAS DE CAPITAL                               ; 0000000046619265,18
200505;58160789;BCO SAFRA S.A.                                              ;U;4010;0061500006;RESERVAS DE LUCROS                                ; 0000000234703160,43
200505;58160789;BCO SAFRA S.A.                                              ;U;4010;0061600009;AJUSTES DE AVALIACAO PATRIMONIAL                  ; 0000000007288959,75
200505;58160789;BCO SAFRA S.A.                                              ;U;4010;0061800005;LUCROS OU PREJUIZOS ACUMULADOS                    ; 0000001704006543,94
200505;58160789;BCO SAFRA S.A.                                              ;U;4010;0070000009;CONTAS DE RESULTADO CREDORAS                      ; 0000004626687417,70
200505;58160789;BCO SAFRA S.A.                                              ;U;4010;0071000008;RECEITAS OPERACIONAIS                             ; 0000004625875907,27
200505;58160789;BCO SAFRA S.A.                                              ;U;4010;0071100001;RENDAS DE OPERACOES DE CREDITO                    ; 0000001042027476,70
200505;58160789;BCO SAFRA S.A.                                              ;U;4010;0071300007;RENDAS DE CAMBIO                                  ; 0000000134901284,99
200505;58160789;BCO SAFRA S.A.                                              ;U;4010;0071400000;RENDAS DE APLICACOES INTERFINANCEIRAS DE LIQUIDEZ ; 0000000349973596,91
200505;58160789;BCO SAFRA S.A.                                              ;U;4010;0071500003;RENDAS COM TIT. E VAL. MOB. E INST. FINANC. DERIV.; 0000002503703922,71
200505;58160789;BCO SAFRA S.A.                                              ;U;4010;0071700009;RENDAS DE PRESTACAO DE SERVICOS                   ; 0000000086734980,81
200505;58160789;BCO SAFRA S.A.                                              ;U;4010;0071800002;RENDAS DE PARTICIPACOES                           ; 0000000215529042,19
200505;58160789;BCO SAFRA S.A.                                              ;U;4010;0071900005;OUTRAS RECEITAS OPERACIONAIS                      ; 0000000293005602,96
200505;58160789;BCO SAFRA S.A.                                              ;U;4010;0073000006;RECEITAS NAO OPERACIONAIS                         ; 0000000000811510,43
200505;58160789;BCO SAFRA S.A.                                              ;U;4010;0073100009;LUCROS EM TRANSACOES COM VALORES E BENS           ; 0000000000566939,59
200505;58160789;BCO SAFRA S.A.                                              ;U;4010;0073900003;OUTRAS RECEITAS NAO OPERACIONAIS                  ; 0000000000244570,84
200505;58160789;BCO SAFRA S.A.                                              ;U;4010;0080000006;(-) CONTAS DE RESULTADO DEVEDORAS                 ;-0000004554451724,85
200505;58160789;BCO SAFRA S.A.                                              ;U;4010;0081000005;(-) DESPESAS OPERACIONAIS                         ;-0000004508218435,60
200505;58160789;BCO SAFRA S.A.                                              ;U;4010;0081100008;(-) DESPESAS DE CAPTACAO                          ;-0000000847269749,01
200505;58160789;BCO SAFRA S.A.                                              ;U;4010;0081200001;(-) DESP DE OBRIGACOES POR EMPRESTIMOS E REPASSES ;-0000000087178544,89
200505;58160789;BCO SAFRA S.A.                                              ;U;4010;0081400007;(-) DESPESAS DE CAMBIO                            ;-0000000174479234,25
200505;58160789;BCO SAFRA S.A.                                              ;U;4010;0081500000;(-) DESP. COM TIT. E VAL. MOB. E INST. FIN. DERIV.;-0000002611141768,63
200505;58160789;BCO SAFRA S.A.                                              ;U;4010;0081600003;(-) DESPESAS DE PARTICIPACOES                     ;-0000000078538475,83
200505;58160789;BCO SAFRA S.A.                                              ;U;4010;0081700006;(-) DESPESAS ADMINISTRATIVAS                      ;-0000000380947938,99
200505;58160789;BCO SAFRA S.A.                                              ;U;4010;0081800009;(-) APROVISIONAMENTOS E AJUSTES PATRIMONIAIS      ;-0000000075367443,85
200505;58160789;BCO SAFRA S.A.                                              ;U;4010;0081900002;(-) OUTRAS DESPESAS OPERACIONAIS                  ;-0000000253295280,15
200505;58160789;BCO SAFRA S.A.                                              ;U;4010;0083000003;(-) DESPESAS NAO OPERACIONAIS                     ;-0000000000353119,23
200505;58160789;BCO SAFRA S.A.                                              ;U;4010;0083100006;(-) PREJUIZOS EM TRANSACOES COM VALORES E BENS    ;-0000000000316743,95
200505;58160789;BCO SAFRA S.A.                                              ;U;4010;0083900000;(-) OUTRAS DESPESAS NAO OPERACIONAIS              ;-0000000000036375,28
200505;58160789;BCO SAFRA S.A.                                              ;U;4010;0089000007;(-) APURACAO DE RESULTADO                         ;-0000000045880170,02
200505;58160789;BCO SAFRA S.A.                                              ;U;4010;0089400009;(-) IMPOSTO DE RENDA                              ;-0000000045880170,02
200505;58160789;BCO SAFRA S.A.                                              ;U;4010;0090000003;COMPENSACAO                                       ; 0000297625736379,79
200505;58160789;BCO SAFRA S.A.                                              ;U;4010;0090100006;COOBRIGACOES E RISCOS EM GARANTIAS PRESTADAS      ; 0000002373866664,26
200505;58160789;BCO SAFRA S.A.                                              ;U;4010;0090300002;TITULOS E VALORES MOBILIARIOS                     ; 0000011545258503,48
200505;58160789;BCO SAFRA S.A.                                              ;U;4010;0090400005;CUSTODIA DE VALORES                               ; 0000070728654452,65
200505;58160789;BCO SAFRA S.A.                                              ;U;4010;0090500008;COBRANCA                                          ; 0000012300786207,27
200505;58160789;BCO SAFRA S.A.                                              ;U;4010;0090600001;NEGOCIACAO E INTERMEDIACAO DE VALORES             ; 0000081709093922,64
200505;58160789;BCO SAFRA S.A.                                              ;U;4010;0090800007;CONTRATOS                                         ; 0000002383169778,93
200505;58160789;BCO SAFRA S.A.                                              ;U;4010;0090900000;CONTROLE                                          ; 0000103284694294,68
200505;58160789;BCO SAFRA S.A.                                              ;U;4010;0091000002;CLASSIFICACAO DA CARTEIRA DE CREDITOS             ; 0000013300212555,88
200505;58160789;BCO SAFRA S.A.                                              ;U;4010;0091100005;OPERACOES DE CREDITOS E ARRENDAMENTO MERCANTIL    ; 0000013300212555,88
200505;58160789;BCO SAFRA S.A.                                              ;U;4010;0099999995;TOTAL GERAL DO PASSIVO                            ; 0000328806633345,41
200505;58497702;BCO INTERCAP S.A.                                           ;U;4010;0010000007;CIRCULANTE E REALIZAVEL A LONGO PRAZO             ; 0000000394136606,72
200505;58497702;BCO INTERCAP S.A.                                           ;U;4010;0011000006;DISPONIBILIDADES                                  ; 0000000000099268,14
200505;58497702;BCO INTERCAP S.A.                                           ;U;4010;0011100009;CAIXA                                             ; 0000000000021993,91
200505;58497702;BCO INTERCAP S.A.                                           ;U;4010;0011300005;RESERVAS LIVRES                                   ; 0000000000077274,23
200505;58497702;BCO INTERCAP S.A.                                           ;U;4010;0012000005;APLICACOES INTERFINANCEIRAS DE LIQUIDEZ           ; 0000000039499644,49
200505;58497702;BCO INTERCAP S.A.                                           ;U;4010;0012100008;APLICACOES EM OPERACOES COMPROMISSADAS            ; 0000000020199336,48
200505;58497702;BCO INTERCAP S.A.                                           ;U;4010;0012200001;APLICACOES EM DEPOSITOS INTERFINANCEIROS          ; 0000000019300308,01
200505;58497702;BCO INTERCAP S.A.                                           ;U;4010;0013000004;TITULOS E VAL. MOB. E INST. FINANC. DERIVATIVOS   ; 0000000337720844,56
200505;58497702;BCO INTERCAP S.A.                                           ;U;4010;0013100007;LIVRES                                            ; 0000000314899363,76
200505;58497702;BCO INTERCAP S.A.                                           ;U;4010;0013200000;VINCULADOS A OPERACOES COMPROMISSADAS             ; 0000000007860300,06
200505;58497702;BCO INTERCAP S.A.                                           ;U;4010;0013300003;INSTRUMENTOS FINANCEIROS DERIVATIVOS              ; 0000000000000104,53
200505;58497702;BCO INTERCAP S.A.                                           ;U;4010;0013600002;VINCULADOS A PRESTACAO DE GARANTIAS               ; 0000000014961076,21
200505;58497702;BCO INTERCAP S.A.                                           ;U;4010;0014000003;RELACOES INTERFINANCEIRAS                         ; 0000000000187333,22
200505;58497702;BCO INTERCAP S.A.                                           ;U;4010;0014100006;DIREITOS JUNTO A PARTIC. DE SISTEMAS DE LIQUIDAÇÃO; 0000000000081636,63
200505;58497702;BCO INTERCAP S.A.                                           ;U;4010;0014200009;CREDITOS VINCULADOS                               ; 0000000000090617,63
200505;58497702;BCO INTERCAP S.A.                                           ;U;4010;0014400005;RELACOES COM CORRESPONDENTES                      ; 0000000000015078,96
200505;58497702;BCO INTERCAP S.A.                                           ;U;4010;0016000001;OPERACOES DE CREDITO                              ; 0000000011342833,58
200505;58497702;BCO INTERCAP S.A.                                           ;U;4010;0016100004;EMPRESTIMOS E TITULOS DESCONTADOS                 ; 0000000000868095,10
200505;58497702;BCO INTERCAP S.A.                                           ;U;4010;0016200007;FINANCIAMENTOS                                    ; 0000000017208129,80
200505;58497702;BCO INTERCAP S.A.                                           ;U;4010;0016900008;(-) PROVISOES PARA OPERACOES DE CREDITO           ;-0000000006733391,32
200505;58497702;BCO INTERCAP S.A.                                           ;U;4010;0018000009;OUTROS CREDITOS                                   ; 0000000005249494,36
200505;58497702;BCO INTERCAP S.A.                                           ;U;4010;0018400001;NEGOCIACAO E INTERMEDIACAO DE VALORES             ; 0000000000128113,47
200505;58497702;BCO INTERCAP S.A.                                           ;U;4010;0018800003;DIVERSOS                                          ; 0000000005121380,89
200505;58497702;BCO INTERCAP S.A.                                           ;U;4010;0019000008;OUTROS VALORES E BENS                             ; 0000000000037188,37
200505;58497702;BCO INTERCAP S.A.                                           ;U;4010;0019900005;DESPESAS ANTECIPADAS                              ; 0000000000037188,37
200505;58497702;BCO INTERCAP S.A.                                           ;U;4010;0020000004;PERMANENTE                                        ; 0000000014060484,46
200505;58497702;BCO INTERCAP S.A.                                           ;U;4010;0021000003;INVESTIMENTOS                                     ; 0000000012867961,93
200505;58497702;BCO INTERCAP S.A.                                           ;U;4010;0021200009;PARTICIPACOES EM COLIGADAS E CONTROLADAS NO PAIS  ; 0000000012661578,44
200505;58497702;BCO INTERCAP S.A.                                           ;U;4010;0021400005;TITULOS PATRIMONIAIS                              ; 0000000000203285,55
200505;58497702;BCO INTERCAP S.A.                                           ;U;4010;0021900000;OUTROS INVESTIMENTOS                              ; 0000000000003097,94
200505;58497702;BCO INTERCAP S.A.                                           ;U;4010;0022000002;IMOBILIZADO DE USO                                ; 0000000001107644,74
200505;58497702;BCO INTERCAP S.A.                                           ;U;4010;0022400004;INSTALACOES, MOVEIS E EQUIPAMENTOS DE USO         ; 0000000000362724,70
200505;58497702;BCO INTERCAP S.A.                                           ;U;4010;0022900009;OUTROS                                            ; 0000000000744920,04
200505;58497702;BCO INTERCAP S.A.                                           ;U;4010;0024000000;DIFERIDO                                          ; 0000000000084877,79
200505;58497702;BCO INTERCAP S.A.                                           ;U;4010;0024100003;GASTOS DE ORGANIZACAO E EXPANSAO                  ; 0000000000084877,79
200505;58497702;BCO INTERCAP S.A.                                           ;U;4010;0030000001;COMPENSACAO                                       ; 0000001471076480,66
200505;58497702;BCO INTERCAP S.A.                                           ;U;4010;0030100004;COOBRIGACOES E RISCOS EM GARANTIAS PRESTADAS      ; 0000000001263000,00
200505;58497702;BCO INTERCAP S.A.                                           ;U;4010;0030300000;TITULOS E VALORES MOBILIARIOS                     ; 0000000693059021,04
200505;58497702;BCO INTERCAP S.A.                                           ;U;4010;0030400003;CUSTODIA DE VALORES                               ; 0000000008207145,64
200505;58497702;BCO INTERCAP S.A.                                           ;U;4010;0030600009;NEGOCIACAO E INTERMEDIACAO DE VALORES             ; 0000000105450959,53
200505;58497702;BCO INTERCAP S.A.                                           ;U;4010;0030800005;CONTRATOS                                         ; 0000000004720000,00
200505;58497702;BCO INTERCAP S.A.                                           ;U;4010;0030900008;CONTROLE                                          ; 0000000640300129,55
200505;58497702;BCO INTERCAP S.A.                                           ;U;4010;0031000000;CLASSIFICACAO DA CARTEIRA DE CREDITOS             ; 0000000018076224,90
200505;58497702;BCO INTERCAP S.A.                                           ;U;4010;0031200006;OPERACOES DE RISCO NIVEL A                        ; 0000000009280224,28
200505;58497702;BCO INTERCAP S.A.                                           ;U;4010;0031300009;OPERACOES DE RISCO NIVELB                         ; 0000000000511879,42
200505;58497702;BCO INTERCAP S.A.                                           ;U;4010;0031400002;OPERACOES DE RISCO NIVELC                         ; 0000000000784349,61
200505;58497702;BCO INTERCAP S.A.                                           ;U;4010;0031500005;OPERACOES DE RISCO NIVEL D                        ; 0000000000531368,22
200505;58497702;BCO INTERCAP S.A.                                           ;U;4010;0031600008;OPERACOES DE RISCO NIVEL E                        ; 0000000000515846,33
200505;58497702;BCO INTERCAP S.A.                                           ;U;4010;0031700001;OPERACOES DE RISCO NIVEL F                        ; 0000000000350535,97
200505;58497702;BCO INTERCAP S.A.                                           ;U;4010;0031800004;OPERACOES DE RISCO NIVEL G                        ; 0000000000286986,82
200505;58497702;BCO INTERCAP S.A.                                           ;U;4010;0031900007;OPERACOES DE RISCO NIVEL H                        ; 0000000005815034,25
200505;58497702;BCO INTERCAP S.A.                                           ;U;4010;0039999993;TOTAL GERAL DO ATIVO                              ; 0000001879273571,84
200505;58497702;BCO INTERCAP S.A.                                           ;U;4010;0040000008;CIRCULANTE EXIGIVEL A LONGO PRAZO                 ; 0000000344692195,31
200505;58497702;BCO INTERCAP S.A.                                           ;U;4010;0041000007;DEPOSITOS                                         ; 0000000320994404,31
200505;58497702;BCO INTERCAP S.A.                                           ;U;4010;0041100000;DEPOSITOS A VISTA                                 ; 0000000003861460,39
200505;58497702;BCO INTERCAP S.A.                                           ;U;4010;0041300006;DEPOSITOS INTERFINANCEIROS                        ; 0000000001025271,24
200505;58497702;BCO INTERCAP S.A.                                           ;U;4010;0041500002;DEPOSITOS A PRAZO                                 ; 0000000316107672,68
200505;58497702;BCO INTERCAP S.A.                                           ;U;4010;0042000006;OBRIGACOES POR OPERACOES COMPROMISSADAS           ; 0000000007853882,38
200505;58497702;BCO INTERCAP S.A.                                           ;U;4010;0042100009;CARTEIRA PROPRIA                                  ; 0000000007853882,38
200505;58497702;BCO INTERCAP S.A.                                           ;U;4010;0044000004;RELACOES INTERFINANCEIRAS                         ; 0000000000005191,79
200505;58497702;BCO INTERCAP S.A.                                           ;U;4010;0044100007;OBRIGAÇÕES JUNTO A PARTIC. DE SIST. DE LIQUIDACÃO ; 0000000000005191,79
200505;58497702;BCO INTERCAP S.A.                                           ;U;4010;0049000009;OUTRAS OBRIGACOES                                 ; 0000000015838716,83
200505;58497702;BCO INTERCAP S.A.                                           ;U;4010;0049100002;COBRANCA E ARRECADACAO DE TRIBUTOS E ASSEMELHADOS ; 0000000000000277,84
200505;58497702;BCO INTERCAP S.A.                                           ;U;4010;0049400001;FISCAIS E PREVIDENCIARIAS                         ; 0000000002657943,41
200505;58497702;BCO INTERCAP S.A.                                           ;U;4010;0049900006;DIVERSAS                                          ; 0000000013180495,58
200505;58497702;BCO INTERCAP S.A.                                           ;U;4010;0060000002;PATRIMONIO LIQUIDO                                ; 0000000053268064,78
200505;58497702;BCO INTERCAP S.A.                                           ;U;4010;0061000001;PATRIMONIO LIQUIDO                                ; 0000000053268064,78
200505;58497702;BCO INTERCAP S.A.                                           ;U;4010;0061100004;CAPITAL SOCIAL                                    ; 0000000035000000,00
200505;58497702;BCO INTERCAP S.A.                                           ;U;4010;0061300000;RESERVAS DE CAPITAL                               ; 0000000000018930,24
200505;58497702;BCO INTERCAP S.A.                                           ;U;4010;0061400003;RESERVAS DE REAVALIACAO                           ; 0000000000108682,00
200505;58497702;BCO INTERCAP S.A.                                           ;U;4010;0061800005;LUCROS OU PREJUIZOS ACUMULADOS                    ; 0000000018140452,54
200505;58497702;BCO INTERCAP S.A.                                           ;U;4010;0070000009;CONTAS DE RESULTADO CREDORAS                      ; 0000000086780860,27
200505;58497702;BCO INTERCAP S.A.                                           ;U;4010;0071000008;RECEITAS OPERACIONAIS                             ; 0000000086717795,12
200505;58497702;BCO INTERCAP S.A.                                           ;U;4010;0071100001;RENDAS DE OPERACOES DE CREDITO                    ; 0000000009707477,90
200505;58497702;BCO INTERCAP S.A.                                           ;U;4010;0071400000;RENDAS DE APLICACOES INTERFINANCEIRAS DE LIQUIDEZ ; 0000000008711615,30
200505;58497702;BCO INTERCAP S.A.                                           ;U;4010;0071500003;RENDAS COM TIT. E VAL. MOB. E INST. FINANC. DERIV.; 0000000023118050,38
200505;58497702;BCO INTERCAP S.A.                                           ;U;4010;0071700009;RENDAS DE PRESTACAO DE SERVICOS                   ; 0000000000000230,00
200505;58497702;BCO INTERCAP S.A.                                           ;U;4010;0071800002;RENDAS DE PARTICIPACOES                           ; 0000000001204846,79
200505;58497702;BCO INTERCAP S.A.                                           ;U;4010;0071900005;OUTRAS RECEITAS OPERACIONAIS                      ; 0000000043975574,75
200505;58497702;BCO INTERCAP S.A.                                           ;U;4010;0073000006;RECEITAS NAO OPERACIONAIS                         ; 0000000000063065,15
200505;58497702;BCO INTERCAP S.A.                                           ;U;4010;0073100009;LUCROS EM TRANSACOES COM VALORES E BENS           ; 0000000000006720,15
200505;58497702;BCO INTERCAP S.A.                                           ;U;4010;0073900003;OUTRAS RECEITAS NAO OPERACIONAIS                  ; 0000000000056345,00
200505;58497702;BCO INTERCAP S.A.                                           ;U;4010;0080000006;(-) CONTAS DE RESULTADO DEVEDORAS                 ;-0000000076544029,18
200505;58497702;BCO INTERCAP S.A.                                           ;U;4010;0081000005;(-) DESPESAS OPERACIONAIS                         ;-0000000065260691,89
200505;58497702;BCO INTERCAP S.A.                                           ;U;4010;0081100008;(-) DESPESAS DE CAPTACAO                          ;-0000000026126572,83
200505;58497702;BCO INTERCAP S.A.                                           ;U;4010;0081500000;(-) DESP. COM TIT. E VAL. MOB. E INST. FIN. DERIV.;-0000000006876322,29
200505;58497702;BCO INTERCAP S.A.                                           ;U;4010;0081600003;(-) DESPESAS DE PARTICIPACOES                     ;-0000000000877772,12
200505;58497702;BCO INTERCAP S.A.                                           ;U;4010;0081700006;(-) DESPESAS ADMINISTRATIVAS                      ;-0000000023806664,94
200505;58497702;BCO INTERCAP S.A.                                           ;U;4010;0081800009;(-) APROVISIONAMENTOS E AJUSTES PATRIMONIAIS      ;-0000000000182403,76
200505;58497702;BCO INTERCAP S.A.                                           ;U;4010;0081900002;(-) OUTRAS DESPESAS OPERACIONAIS                  ;-0000000007390955,95
200505;58497702;BCO INTERCAP S.A.                                           ;U;4010;0083000003;(-) DESPESAS NAO OPERACIONAIS                     ;-0000000000084828,83
200505;58497702;BCO INTERCAP S.A.                                           ;U;4010;0083100006;(-) PREJUIZOS EM TRANSACOES COM VALORES E BENS    ;-0000000000084828,83
200505;58497702;BCO INTERCAP S.A.                                           ;U;4010;0089000007;(-) APURACAO DE RESULTADO                         ;-0000000011198508,46
200505;58497702;BCO INTERCAP S.A.                                           ;U;4010;0089400009;(-) IMPOSTO DE RENDA                              ;-0000000011198508,46
200505;58497702;BCO INTERCAP S.A.                                           ;U;4010;0090000003;COMPENSACAO                                       ; 0000001471076480,66
200505;58497702;BCO INTERCAP S.A.                                           ;U;4010;0090100006;COOBRIGACOES E RISCOS EM GARANTIAS PRESTADAS      ; 0000000001263000,00
200505;58497702;BCO INTERCAP S.A.                                           ;U;4010;0090300002;TITULOS E VALORES MOBILIARIOS                     ; 0000000693059021,04
200505;58497702;BCO INTERCAP S.A.                                           ;U;4010;0090400005;CUSTODIA DE VALORES                               ; 0000000008207145,64
200505;58497702;BCO INTERCAP S.A.                                           ;U;4010;0090600001;NEGOCIACAO E INTERMEDIACAO DE VALORES             ; 0000000105450959,53
200505;58497702;BCO INTERCAP S.A.                                           ;U;4010;0090800007;CONTRATOS                                         ; 0000000004720000,00
200505;58497702;BCO INTERCAP S.A.                                           ;U;4010;0090900000;CONTROLE                                          ; 0000000640300129,55
200505;58497702;BCO INTERCAP S.A.                                           ;U;4010;0091000002;CLASSIFICACAO DA CARTEIRA DE CREDITOS             ; 0000000018076224,90
200505;58497702;BCO INTERCAP S.A.                                           ;U;4010;0091100005;OPERACOES DE CREDITOS E ARRENDAMENTO MERCANTIL    ; 0000000018076224,90
200505;58497702;BCO INTERCAP S.A.                                           ;U;4010;0099999995;TOTAL GERAL DO PASSIVO                            ; 0000001879273571,84
200505;58616418;BCO FIBRA S.A.                                              ;U;4010;0010000007;CIRCULANTE E REALIZAVEL A LONGO PRAZO             ; 0000008464092455,42
200505;58616418;BCO FIBRA S.A.                                              ;U;4010;0011000006;DISPONIBILIDADES                                  ; 0000000006701025,60
200505;58616418;BCO FIBRA S.A.                                              ;U;4010;0011100009;CAIXA                                             ; 0000000000057329,36
200505;58616418;BCO FIBRA S.A.                                              ;U;4010;0011300005;RESERVAS LIVRES                                   ; 0000000000665009,84
200505;58616418;BCO FIBRA S.A.                                              ;U;4010;0011400008;APLICACOES EM OURO                                ; 0000000000001833,53
200505;58616418;BCO FIBRA S.A.                                              ;U;4010;0011500001;DISPONIBILIDADES EM MOEDAS ESTRANGEIRAS           ; 0000000005976852,87
200505;58616418;BCO FIBRA S.A.                                              ;U;4010;0012000005;APLICACOES INTERFINANCEIRAS DE LIQUIDEZ           ; 0000006645910745,05
200505;58616418;BCO FIBRA S.A.                                              ;U;4010;0012100008;APLICACOES EM OPERACOES COMPROMISSADAS            ; 0000006636518765,50
200505;58616418;BCO FIBRA S.A.                                              ;U;4010;0012200001;APLICACOES EM DEPOSITOS INTERFINANCEIROS          ; 0000000009391979,55
200505;58616418;BCO FIBRA S.A.                                              ;U;4010;0013000004;TITULOS E VAL. MOB. E INST. FINANC. DERIVATIVOS   ; 0000000439958742,93
200505;58616418;BCO FIBRA S.A.                                              ;U;4010;0013100007;LIVRES                                            ; 0000000236576044,65
200505;58616418;BCO FIBRA S.A.                                              ;U;4010;0013200000;VINCULADOS A OPERACOES COMPROMISSADAS             ; 0000000134289265,46
200505;58616418;BCO FIBRA S.A.                                              ;U;4010;0013300003;INSTRUMENTOS FINANCEIROS DERIVATIVOS              ; 0000000017903568,48
200505;58616418;BCO FIBRA S.A.                                              ;U;4010;0013600002;VINCULADOS A PRESTACAO DE GARANTIAS               ; 0000000051189864,34
200505;58616418;BCO FIBRA S.A.                                              ;U;4010;0014000003;RELACOES INTERFINANCEIRAS                         ; 0000000001172408,58
200505;58616418;BCO FIBRA S.A.                                              ;U;4010;0014100006;DIREITOS JUNTO A PARTIC. DE SISTEMAS DE LIQUIDAÇÃO; 0000000000161435,30
200505;58616418;BCO FIBRA S.A.                                              ;U;4010;0014200009;CREDITOS VINCULADOS                               ; 0000000000027025,46
200505;58616418;BCO FIBRA S.A.                                              ;U;4010;0014400005;RELACOES COM CORRESPONDENTES                      ; 0000000000983947,82
200505;58616418;BCO FIBRA S.A.                                              ;U;4010;0016000001;OPERACOES DE CREDITO                              ; 0000000939409076,12
200505;58616418;BCO FIBRA S.A.                                              ;U;4010;0016100004;EMPRESTIMOS E TITULOS DESCONTADOS                 ; 0000000665914144,36
200505;58616418;BCO FIBRA S.A.                                              ;U;4010;0016200007;FINANCIAMENTOS                                    ; 0000000297015940,55
200505;58616418;BCO FIBRA S.A.                                              ;U;4010;0016900008;(-) PROVISOES PARA OPERACOES DE CREDITO           ;-0000000023521008,79
200505;58616418;BCO FIBRA S.A.                                              ;U;4010;0017100003;ARRENDAMENTOS FINANCEIROS A RECEBER               ; 0000000000882838,72
200505;58616418;BCO FIBRA S.A.                                              ;U;4010;0017900007;(-) PROVISOES PARA OPER. DE ARRENDAMENTO MERCANTIL;-0000000000882838,72
200505;58616418;BCO FIBRA S.A.                                              ;U;4010;0018000009;OUTROS CREDITOS                                   ; 0000000423169934,69
200505;58616418;BCO FIBRA S.A.                                              ;U;4010;0018100002;AVAIS E FIANCAS HONRADOS                          ; 0000000000014751,57
200505;58616418;BCO FIBRA S.A.                                              ;U;4010;0018200005;CARTEIRA DE CAMBIO                                ; 0000000299774329,59
200505;58616418;BCO FIBRA S.A.                                              ;U;4010;0018300008;RENDAS A RECEBER                                  ; 0000000007280603,37
200505;58616418;BCO FIBRA S.A.                                              ;U;4010;0018400001;NEGOCIACAO E INTERMEDIACAO DE VALORES             ; 0000000002429479,39
200505;58616418;BCO FIBRA S.A.                                              ;U;4010;0018800003;DIVERSOS                                          ; 0000000117008293,18
200505;58616418;BCO FIBRA S.A.                                              ;U;4010;0018900006;(-) PROVISOES PARA OUTROS CREDITOS                ;-0000000003337522,41
200505;58616418;BCO FIBRA S.A.                                              ;U;4010;0019000008;OUTROS VALORES E BENS                             ; 0000000007770522,45
200505;58616418;BCO FIBRA S.A.                                              ;U;4010;0019800002;OUTROS VALORES E BENS                             ; 0000000005116510,77
200505;58616418;BCO FIBRA S.A.                                              ;U;4010;0019900005;DESPESAS ANTECIPADAS                              ; 0000000002654011,68
200505;58616418;BCO FIBRA S.A.                                              ;U;4010;0020000004;PERMANENTE                                        ; 0000000525783163,87
200505;58616418;BCO FIBRA S.A.                                              ;U;4010;0021000003;INVESTIMENTOS                                     ; 0000000515591903,76
200505;58616418;BCO FIBRA S.A.                                              ;U;4010;0021100006;INVESTIMENTOS NO EXTERIOR                         ; 0000000450156818,15
200505;58616418;BCO FIBRA S.A.                                              ;U;4010;0021200009;PARTICIPACOES EM COLIGADAS E CONTROLADAS NO PAIS  ; 0000000059109310,59
200505;58616418;BCO FIBRA S.A.                                              ;U;4010;0021300002;INVESTIMENTOS POR INCENTIVOS FISCAIS              ; 0000000001164946,64
200505;58616418;BCO FIBRA S.A.                                              ;U;4010;0021400005;TITULOS PATRIMONIAIS                              ; 0000000002618676,51
200505;58616418;BCO FIBRA S.A.                                              ;U;4010;0021500008;ACOES E COTAS                                     ; 0000000002522776,75
200505;58616418;BCO FIBRA S.A.                                              ;U;4010;0021900000;OUTROS INVESTIMENTOS                              ; 0000000000019375,12
200505;58616418;BCO FIBRA S.A.                                              ;U;4010;0022000002;IMOBILIZADO DE USO                                ; 0000000004823270,52
200505;58616418;BCO FIBRA S.A.                                              ;U;4010;0022400004;INSTALACOES, MOVEIS E EQUIPAMENTOS DE USO         ; 0000000001583846,19
200505;58616418;BCO FIBRA S.A.                                              ;U;4010;0022900009;OUTROS                                            ; 0000000003239424,33
200505;58616418;BCO FIBRA S.A.                                              ;U;4010;0024000000;DIFERIDO                                          ; 0000000005367989,59
200505;58616418;BCO FIBRA S.A.                                              ;U;4010;0024100003;GASTOS DE ORGANIZACAO E EXPANSAO                  ; 0000000005367989,59
200505;58616418;BCO FIBRA S.A.                                              ;U;4010;0030000001;COMPENSACAO                                       ; 0000063023881285,35
200505;58616418;BCO FIBRA S.A.                                              ;U;4010;0030100004;COOBRIGACOES E RISCOS EM GARANTIAS PRESTADAS      ; 0000000391903398,44
200505;58616418;BCO FIBRA S.A.                                              ;U;4010;0030300000;TITULOS E VALORES MOBILIARIOS                     ; 0000000864453395,27
200505;58616418;BCO FIBRA S.A.                                              ;U;4010;0030400003;CUSTODIA DE VALORES                               ; 0000033253200237,33
200505;58616418;BCO FIBRA S.A.                                              ;U;4010;0030500006;COBRANCA                                          ; 0000000414197595,29
200505;58616418;BCO FIBRA S.A.                                              ;U;4010;0030600009;NEGOCIACAO E INTERMEDIACAO DE VALORES             ; 0000001515094324,70
200505;58616418;BCO FIBRA S.A.                                              ;U;4010;0030900008;CONTROLE                                          ; 0000025418172222,38
200505;58616418;BCO FIBRA S.A.                                              ;U;4010;0031000000;CLASSIFICACAO DA CARTEIRA DE CREDITOS             ; 0000001166860111,94
200505;58616418;BCO FIBRA S.A.                                              ;U;4010;0031100003;OPERACOES DE RISCO NIVEL AA                       ; 0000000046058266,26
200505;58616418;BCO FIBRA S.A.                                              ;U;4010;0031200006;OPERACOES DE RISCO NIVEL A                        ; 0000000455875948,67
200505;58616418;BCO FIBRA S.A.                                              ;U;4010;0031300009;OPERACOES DE RISCO NIVELB                         ; 0000000491969170,87
200505;58616418;BCO FIBRA S.A.                                              ;U;4010;0031400002;OPERACOES DE RISCO NIVELC                         ; 0000000145208343,03
200505;58616418;BCO FIBRA S.A.                                              ;U;4010;0031500005;OPERACOES DE RISCO NIVEL D                        ; 0000000002737305,22
200505;58616418;BCO FIBRA S.A.                                              ;U;4010;0031600008;OPERACOES DE RISCO NIVEL E                        ; 0000000006802760,80
200505;58616418;BCO FIBRA S.A.                                              ;U;4010;0031700001;OPERACOES DE RISCO NIVEL F                        ; 0000000002550215,59
200505;58616418;BCO FIBRA S.A.                                              ;U;4010;0031800004;OPERACOES DE RISCO NIVEL G                        ; 0000000010205733,00
200505;58616418;BCO FIBRA S.A.                                              ;U;4010;0031900007;OPERACOES DE RISCO NIVEL H                        ; 0000000005452368,50
200505;58616418;BCO FIBRA S.A.                                              ;U;4010;0039999993;TOTAL GERAL DO ATIVO                              ; 0000072013756904,64
200505;58616418;BCO FIBRA S.A.                                              ;U;4010;0040000008;CIRCULANTE EXIGIVEL A LONGO PRAZO                 ; 0000008612235669,44
200505;58616418;BCO FIBRA S.A.                                              ;U;4010;0041000007;DEPOSITOS                                         ; 0000001272740492,25
200505;58616418;BCO FIBRA S.A.                                              ;U;4010;0041100000;DEPOSITOS A VISTA                                 ; 0000000025728202,69
200505;58616418;BCO FIBRA S.A.                                              ;U;4010;0041300006;DEPOSITOS INTERFINANCEIROS                        ; 0000000490499811,76
200505;58616418;BCO FIBRA S.A.                                              ;U;4010;0041500002;DEPOSITOS A PRAZO                                 ; 0000000756460304,08
200505;58616418;BCO FIBRA S.A.                                              ;U;4010;0041900004;OUTROS DEPOSITOS                                  ; 0000000000052173,72
200505;58616418;BCO FIBRA S.A.                                              ;U;4010;0042000006;OBRIGACOES POR OPERACOES COMPROMISSADAS           ; 0000006626440409,01
200505;58616418;BCO FIBRA S.A.                                              ;U;4010;0042100009;CARTEIRA PROPRIA                                  ; 0000000134139491,01
200505;58616418;BCO FIBRA S.A.                                              ;U;4010;0042200002;CARTEIRA DE TERCEIROS                             ; 0000005834004997,65
200505;58616418;BCO FIBRA S.A.                                              ;U;4010;0042300005;CARTEIRA LIVRE MOVIMENTACAO                       ; 0000000658295920,35
200505;58616418;BCO FIBRA S.A.                                              ;U;4010;0043000005;RECURSOS ACEITES CAMB,LI E HIP.,DEBENT.E SIMILARES; 0000000003761933,68
200505;58616418;BCO FIBRA S.A.                                              ;U;4010;0043100008;RECURSOS DE ACEITES CAMBIAIS                      ; 0000000003761933,68
200505;58616418;BCO FIBRA S.A.                                              ;U;4010;0044000004;RELACOES INTERFINANCEIRAS                         ; 0000000039092546,28
200505;58616418;BCO FIBRA S.A.                                              ;U;4010;0044100007;OBRIGAÇÕES JUNTO A PARTIC. DE SIST. DE LIQUIDACÃO ; 0000000000030033,61
200505;58616418;BCO FIBRA S.A.                                              ;U;4010;0044300003;REPASSES INTERFINANCEIROS                         ; 0000000039062512,67
200505;58616418;BCO FIBRA S.A.                                              ;U;4010;0045000003;RELACOES INTERDEPENDENCIAS                        ; 0000000003032723,01
200505;58616418;BCO FIBRA S.A.                                              ;U;4010;0045100006;RECURSOS EM TRANSITO DE TERCEIROS                 ; 0000000002989337,91
200505;58616418;BCO FIBRA S.A.                                              ;U;4010;0045200009;TRANSFERENCIAS INTERNAS DE RECURSOS               ; 0000000000043385,10
200505;58616418;BCO FIBRA S.A.                                              ;U;4010;0046000002;OBRIGACOES POR EMPRESTIMOS E REPASSES             ; 0000000511018948,50
200505;58616418;BCO FIBRA S.A.                                              ;U;4010;0046300001;EMPRESTIMOS NO EXTERIOR                           ; 0000000371781704,08
200505;58616418;BCO FIBRA S.A.                                              ;U;4010;0046400004;REPASSES DO PAIS - INSTITUICOES OFICIAIS          ; 0000000139237244,42
200505;58616418;BCO FIBRA S.A.                                              ;U;4010;0047000001;INSTRUMENTOS FINANCEIROS DERIVATIVOS              ; 0000000009768744,95
200505;58616418;BCO FIBRA S.A.                                              ;U;4010;0047100004;INSTRUMENTOS FINANCEIROS DERIVATIVOS              ; 0000000009768744,95
200505;58616418;BCO FIBRA S.A.                                              ;U;4010;0049000009;OUTRAS OBRIGACOES                                 ; 0000000146379871,76
200505;58616418;BCO FIBRA S.A.                                              ;U;4010;0049100002;COBRANCA E ARRECADACAO DE TRIBUTOS E ASSEMELHADOS ; 0000000000251392,89
200505;58616418;BCO FIBRA S.A.                                              ;U;4010;0049200005;CARTEIRA DE CAMBIO                                ; 0000000123895778,09
200505;58616418;BCO FIBRA S.A.                                              ;U;4010;0049400001;FISCAIS E PREVIDENCIARIAS                         ; 0000000004598209,43
200505;58616418;BCO FIBRA S.A.                                              ;U;4010;0049500004;NEGOCIACAO E INTERMEDIACAO DE VALORES             ; 0000000002051380,27
200505;58616418;BCO FIBRA S.A.                                              ;U;4010;0049900006;DIVERSAS                                          ; 0000000015583111,08
200505;58616418;BCO FIBRA S.A.                                              ;U;4010;0050000005;RESULTADOS DE EXERCICIOS FUTUROS                  ; 0000000004457199,61
200505;58616418;BCO FIBRA S.A.                                              ;U;4010;0051000004;RECEITAS DE EXERCICIOS FUTUROS                    ; 0000000004457199,61
200505;58616418;BCO FIBRA S.A.                                              ;U;4010;0051100007;RECEITAS DE EXERCICIOS FUTUROS                    ; 0000000004457199,61
200505;58616418;BCO FIBRA S.A.                                              ;U;4010;0060000002;PATRIMONIO LIQUIDO                                ; 0000000358600900,65
200505;58616418;BCO FIBRA S.A.                                              ;U;4010;0061000001;PATRIMONIO LIQUIDO                                ; 0000000358600900,65
200505;58616418;BCO FIBRA S.A.                                              ;U;4010;0061100004;CAPITAL SOCIAL                                    ; 0000000236470000,00
200505;58616418;BCO FIBRA S.A.                                              ;U;4010;0061300000;RESERVAS DE CAPITAL                               ; 0000000005715558,33
200505;58616418;BCO FIBRA S.A.                                              ;U;4010;0061500006;RESERVAS DE LUCROS                                ; 0000000025229193,43
200505;58616418;BCO FIBRA S.A.                                              ;U;4010;0061600009;AJUSTES DE AVALIACAO PATRIMONIAL                  ;-0000000000420581,34
200505;58616418;BCO FIBRA S.A.                                              ;U;4010;0061800005;LUCROS OU PREJUIZOS ACUMULADOS                    ; 0000000091606730,23
200505;58616418;BCO FIBRA S.A.                                              ;U;4010;0070000009;CONTAS DE RESULTADO CREDORAS                      ; 0000000721512919,41
200505;58616418;BCO FIBRA S.A.                                              ;U;4010;0071000008;RECEITAS OPERACIONAIS                             ; 0000000721312873,07
200505;58616418;BCO FIBRA S.A.                                              ;U;4010;0071100001;RENDAS DE OPERACOES DE CREDITO                    ; 0000000072892906,76
200505;58616418;BCO FIBRA S.A.                                              ;U;4010;0071200004;RENDAS DE ARRENDAMENTO MERCANTIL                  ; 0000000000056141,25
200505;58616418;BCO FIBRA S.A.                                              ;U;4010;0071300007;RENDAS DE CAMBIO                                  ; 0000000041735754,54
200505;58616418;BCO FIBRA S.A.                                              ;U;4010;0071400000;RENDAS DE APLICACOES INTERFINANCEIRAS DE LIQUIDEZ ; 0000000344432207,70
200505;58616418;BCO FIBRA S.A.                                              ;U;4010;0071500003;RENDAS COM TIT. E VAL. MOB. E INST. FINANC. DERIV.; 0000000138159640,74
200505;58616418;BCO FIBRA S.A.                                              ;U;4010;0071700009;RENDAS DE PRESTACAO DE SERVICOS                   ; 0000000003468129,25
200505;58616418;BCO FIBRA S.A.                                              ;U;4010;0071800002;RENDAS DE PARTICIPACOES                           ; 0000000098966919,48
200505;58616418;BCO FIBRA S.A.                                              ;U;4010;0071900005;OUTRAS RECEITAS OPERACIONAIS                      ; 0000000021601173,35
200505;58616418;BCO FIBRA S.A.                                              ;U;4010;0073000006;RECEITAS NAO OPERACIONAIS                         ; 0000000000200046,34
200505;58616418;BCO FIBRA S.A.                                              ;U;4010;0073100009;LUCROS EM TRANSACOES COM VALORES E BENS           ; 0000000000013028,82
200505;58616418;BCO FIBRA S.A.                                              ;U;4010;0073900003;OUTRAS RECEITAS NAO OPERACIONAIS                  ; 0000000000187017,52
200505;58616418;BCO FIBRA S.A.                                              ;U;4010;0080000006;(-) CONTAS DE RESULTADO DEVEDORAS                 ;-0000000706931069,82
200505;58616418;BCO FIBRA S.A.                                              ;U;4010;0081000005;(-) DESPESAS OPERACIONAIS                         ;-0000000709981415,14
200505;58616418;BCO FIBRA S.A.                                              ;U;4010;0081100008;(-) DESPESAS DE CAPTACAO                          ;-0000000475689623,87
200505;58616418;BCO FIBRA S.A.                                              ;U;4010;0081200001;(-) DESP DE OBRIGACOES POR EMPRESTIMOS E REPASSES ;-0000000010772927,89
200505;58616418;BCO FIBRA S.A.                                              ;U;4010;0081400007;(-) DESPESAS DE CAMBIO                            ;-0000000003137260,11
200505;58616418;BCO FIBRA S.A.                                              ;U;4010;0081500000;(-) DESP. COM TIT. E VAL. MOB. E INST. FIN. DERIV.;-0000000083547609,90
200505;58616418;BCO FIBRA S.A.                                              ;U;4010;0081600003;(-) DESPESAS DE PARTICIPACOES                     ;-0000000071861202,98
200505;58616418;BCO FIBRA S.A.                                              ;U;4010;0081700006;(-) DESPESAS ADMINISTRATIVAS                      ;-0000000027390915,49
200505;58616418;BCO FIBRA S.A.                                              ;U;4010;0081800009;(-) APROVISIONAMENTOS E AJUSTES PATRIMONIAIS      ;-0000000008519363,01
200505;58616418;BCO FIBRA S.A.                                              ;U;4010;0081900002;(-) OUTRAS DESPESAS OPERACIONAIS                  ;-0000000029062511,89
200505;58616418;BCO FIBRA S.A.                                              ;U;4010;0083000003;(-) DESPESAS NAO OPERACIONAIS                     ;-0000000000230901,11
200505;58616418;BCO FIBRA S.A.                                              ;U;4010;0083100006;(-) PREJUIZOS EM TRANSACOES COM VALORES E BENS    ;-0000000000230901,11
200505;58616418;BCO FIBRA S.A.                                              ;U;4010;0089000007;(-) APURACAO DE RESULTADO                         ; 0000000003281246,43
200505;58616418;BCO FIBRA S.A.                                              ;U;4010;0089400009;(-) IMPOSTO DE RENDA                              ; 0000000003281246,43
200505;58616418;BCO FIBRA S.A.                                              ;U;4010;0090000003;COMPENSACAO                                       ; 0000063023881285,35
200505;58616418;BCO FIBRA S.A.                                              ;U;4010;0090100006;COOBRIGACOES E RISCOS EM GARANTIAS PRESTADAS      ; 0000000391903398,44
200505;58616418;BCO FIBRA S.A.                                              ;U;4010;0090300002;TITULOS E VALORES MOBILIARIOS                     ; 0000000864453395,27
200505;58616418;BCO FIBRA S.A.                                              ;U;4010;0090400005;CUSTODIA DE VALORES                               ; 0000033253200237,33
200505;58616418;BCO FIBRA S.A.                                              ;U;4010;0090500008;COBRANCA                                          ; 0000000414197595,29
200505;58616418;BCO FIBRA S.A.                                              ;U;4010;0090600001;NEGOCIACAO E INTERMEDIACAO DE VALORES             ; 0000001515094324,70
200505;58616418;BCO FIBRA S.A.                                              ;U;4010;0090900000;CONTROLE                                          ; 0000025418172222,38
200505;58616418;BCO FIBRA S.A.                                              ;U;4010;0091000002;CLASSIFICACAO DA CARTEIRA DE CREDITOS             ; 0000001166860111,94
200505;58616418;BCO FIBRA S.A.                                              ;U;4010;0091100005;OPERACOES DE CREDITOS E ARRENDAMENTO MERCANTIL    ; 0000001166860111,94
200505;58616418;BCO FIBRA S.A.                                              ;U;4010;0099999995;TOTAL GERAL DO PASSIVO                            ; 0000072013756904,64
200505;59109165;BCO VOLKSWAGEN S.A                                          ;U;4010;0010000007;CIRCULANTE E REALIZAVEL A LONGO PRAZO             ; 0000004575918918,65
200505;59109165;BCO VOLKSWAGEN S.A                                          ;U;4010;0011000006;DISPONIBILIDADES                                  ; 0000000001248768,44
200505;59109165;BCO VOLKSWAGEN S.A                                          ;U;4010;0011200002;DEPOSITOS BANCARIOS                               ; 0000000001248768,44
200505;59109165;BCO VOLKSWAGEN S.A                                          ;U;4010;0012000005;APLICACOES INTERFINANCEIRAS DE LIQUIDEZ           ; 0000000010350000,00
200505;59109165;BCO VOLKSWAGEN S.A                                          ;U;4010;0012200001;APLICACOES EM DEPOSITOS INTERFINANCEIROS          ; 0000000010350000,00
200505;59109165;BCO VOLKSWAGEN S.A                                          ;U;4010;0016000001;OPERACOES DE CREDITO                              ; 0000004290911465,42
200505;59109165;BCO VOLKSWAGEN S.A                                          ;U;4010;0016100004;EMPRESTIMOS E TITULOS DESCONTADOS                 ; 0000000110927441,89
200505;59109165;BCO VOLKSWAGEN S.A                                          ;U;4010;0016200007;FINANCIAMENTOS                                    ; 0000004407884370,21
200505;59109165;BCO VOLKSWAGEN S.A                                          ;U;4010;0016900008;(-) PROVISOES PARA OPERACOES DE CREDITO           ;-0000000227900346,68
200505;59109165;BCO VOLKSWAGEN S.A                                          ;U;4010;0018000009;OUTROS CREDITOS                                   ; 0000000262664903,41
200505;59109165;BCO VOLKSWAGEN S.A                                          ;U;4010;0018800003;DIVERSOS                                          ; 0000000262664903,41
200505;59109165;BCO VOLKSWAGEN S.A                                          ;U;4010;0019000008;OUTROS VALORES E BENS                             ; 0000000010743781,38
200505;59109165;BCO VOLKSWAGEN S.A                                          ;U;4010;0019800002;OUTROS VALORES E BENS                             ; 0000000010743781,38
200505;59109165;BCO VOLKSWAGEN S.A                                          ;U;4010;0020000004;PERMANENTE                                        ; 0000000070861779,89
200505;59109165;BCO VOLKSWAGEN S.A                                          ;U;4010;0021000003;INVESTIMENTOS                                     ; 0000000070675942,99
200505;59109165;BCO VOLKSWAGEN S.A                                          ;U;4010;0021200009;PARTICIPACOES EM COLIGADAS E CONTROLADAS NO PAIS  ; 0000000070675942,99
200505;59109165;BCO VOLKSWAGEN S.A                                          ;U;4010;0022000002;IMOBILIZADO DE USO                                ; 0000000000102750,22
200505;59109165;BCO VOLKSWAGEN S.A                                          ;U;4010;0022400004;INSTALACOES, MOVEIS E EQUIPAMENTOS DE USO         ; 0000000000036968,75
200505;59109165;BCO VOLKSWAGEN S.A                                          ;U;4010;0022900009;OUTROS                                            ; 0000000000065781,47
200505;59109165;BCO VOLKSWAGEN S.A                                          ;U;4010;0024000000;DIFERIDO                                          ; 0000000000083086,68
200505;59109165;BCO VOLKSWAGEN S.A                                          ;U;4010;0024100003;GASTOS DE ORGANIZACAO E EXPANSAO                  ; 0000000000083086,68
200505;59109165;BCO VOLKSWAGEN S.A                                          ;U;4010;0030000001;COMPENSACAO                                       ; 0000006088449009,97
200505;59109165;BCO VOLKSWAGEN S.A                                          ;U;4010;0030100004;COOBRIGACOES E RISCOS EM GARANTIAS PRESTADAS      ; 0000000160880319,46
200505;59109165;BCO VOLKSWAGEN S.A                                          ;U;4010;0030400003;CUSTODIA DE VALORES                               ; 0000000039100000,00
200505;59109165;BCO VOLKSWAGEN S.A                                          ;U;4010;0030900008;CONTROLE                                          ; 0000001369656878,41
200505;59109165;BCO VOLKSWAGEN S.A                                          ;U;4010;0031000000;CLASSIFICACAO DA CARTEIRA DE CREDITOS             ; 0000004518811812,10
200505;59109165;BCO VOLKSWAGEN S.A                                          ;U;4010;0031200006;OPERACOES DE RISCO NIVEL A                        ; 0000001695257942,70
200505;59109165;BCO VOLKSWAGEN S.A                                          ;U;4010;0031300009;OPERACOES DE RISCO NIVELB                         ; 0000001946733729,53
200505;59109165;BCO VOLKSWAGEN S.A                                          ;U;4010;0031400002;OPERACOES DE RISCO NIVELC                         ; 0000000531691178,66
200505;59109165;BCO VOLKSWAGEN S.A                                          ;U;4010;0031500005;OPERACOES DE RISCO NIVEL D                        ; 0000000077268948,08
200505;59109165;BCO VOLKSWAGEN S.A                                          ;U;4010;0031600008;OPERACOES DE RISCO NIVEL E                        ; 0000000099630161,54
200505;59109165;BCO VOLKSWAGEN S.A                                          ;U;4010;0031700001;OPERACOES DE RISCO NIVEL F                        ; 0000000035168418,57
200505;59109165;BCO VOLKSWAGEN S.A                                          ;U;4010;0031800004;OPERACOES DE RISCO NIVEL G                        ; 0000000014185337,56
200505;59109165;BCO VOLKSWAGEN S.A                                          ;U;4010;0031900007;OPERACOES DE RISCO NIVEL H                        ; 0000000118876095,46
200505;59109165;BCO VOLKSWAGEN S.A                                          ;U;4010;0039999993;TOTAL GERAL DO ATIVO                              ; 0000010735229708,51
200505;59109165;BCO VOLKSWAGEN S.A                                          ;U;4010;0040000008;CIRCULANTE EXIGIVEL A LONGO PRAZO                 ; 0000004095806386,90
200505;59109165;BCO VOLKSWAGEN S.A                                          ;U;4010;0041000007;DEPOSITOS                                         ; 0000002519894732,72
200505;59109165;BCO VOLKSWAGEN S.A                                          ;U;4010;0041300006;DEPOSITOS INTERFINANCEIROS                        ; 0000002479412981,16
200505;59109165;BCO VOLKSWAGEN S.A                                          ;U;4010;0041500002;DEPOSITOS A PRAZO                                 ; 0000000040481751,56
200505;59109165;BCO VOLKSWAGEN S.A                                          ;U;4010;0046000002;OBRIGACOES POR EMPRESTIMOS E REPASSES             ; 0000001341779001,66
200505;59109165;BCO VOLKSWAGEN S.A                                          ;U;4010;0046400004;REPASSES DO PAIS - INSTITUICOES OFICIAIS          ; 0000001341779001,66
200505;59109165;BCO VOLKSWAGEN S.A                                          ;U;4010;0049000009;OUTRAS OBRIGACOES                                 ; 0000000234132652,52
200505;59109165;BCO VOLKSWAGEN S.A                                          ;U;4010;0049100002;COBRANCA E ARRECADACAO DE TRIBUTOS E ASSEMELHADOS ; 0000000000618200,54
200505;59109165;BCO VOLKSWAGEN S.A                                          ;U;4010;0049400001;FISCAIS E PREVIDENCIARIAS                         ; 0000000125283413,57
200505;59109165;BCO VOLKSWAGEN S.A                                          ;U;4010;0049900006;DIVERSAS                                          ; 0000000108231038,41
200505;59109165;BCO VOLKSWAGEN S.A                                          ;U;4010;0050000005;RESULTADOS DE EXERCICIOS FUTUROS                  ; 0000000034868489,59
200505;59109165;BCO VOLKSWAGEN S.A                                          ;U;4010;0051000004;RECEITAS DE EXERCICIOS FUTUROS                    ; 0000000034868489,59
200505;59109165;BCO VOLKSWAGEN S.A                                          ;U;4010;0051100007;RECEITAS DE EXERCICIOS FUTUROS                    ; 0000000034868489,59
200505;59109165;BCO VOLKSWAGEN S.A                                          ;U;4010;0060000002;PATRIMONIO LIQUIDO                                ; 0000000504161201,41
200505;59109165;BCO VOLKSWAGEN S.A                                          ;U;4010;0061000001;PATRIMONIO LIQUIDO                                ; 0000000504161201,41
200505;59109165;BCO VOLKSWAGEN S.A                                          ;U;4010;0061100004;CAPITAL SOCIAL                                    ; 0000000317054683,86
200505;59109165;BCO VOLKSWAGEN S.A                                          ;U;4010;0061300000;RESERVAS DE CAPITAL                               ; 0000000018515212,24
200505;59109165;BCO VOLKSWAGEN S.A                                          ;U;4010;0061500006;RESERVAS DE LUCROS                                ; 0000000014378935,32
200505;59109165;BCO VOLKSWAGEN S.A                                          ;U;4010;0061800005;LUCROS OU PREJUIZOS ACUMULADOS                    ; 0000000154212369,99
200505;59109165;BCO VOLKSWAGEN S.A                                          ;U;4010;0070000009;CONTAS DE RESULTADO CREDORAS                      ; 0000000431020204,35
200505;59109165;BCO VOLKSWAGEN S.A                                          ;U;4010;0071000008;RECEITAS OPERACIONAIS                             ; 0000000431012038,96
200505;59109165;BCO VOLKSWAGEN S.A                                          ;U;4010;0071100001;RENDAS DE OPERACOES DE CREDITO                    ; 0000000413088645,79
200505;59109165;BCO VOLKSWAGEN S.A                                          ;U;4010;0071400000;RENDAS DE APLICACOES INTERFINANCEIRAS DE LIQUIDEZ ; 0000000001364652,11
200505;59109165;BCO VOLKSWAGEN S.A                                          ;U;4010;0071500003;RENDAS COM TIT. E VAL. MOB. E INST. FINANC. DERIV.; 0000000000000907,24
200505;59109165;BCO VOLKSWAGEN S.A                                          ;U;4010;0071800002;RENDAS DE PARTICIPACOES                           ; 0000000002675528,75
200505;59109165;BCO VOLKSWAGEN S.A                                          ;U;4010;0071900005;OUTRAS RECEITAS OPERACIONAIS                      ; 0000000013882305,07
200505;59109165;BCO VOLKSWAGEN S.A                                          ;U;4010;0073000006;RECEITAS NAO OPERACIONAIS                         ; 0000000000008165,39
200505;59109165;BCO VOLKSWAGEN S.A                                          ;U;4010;0073100009;LUCROS EM TRANSACOES COM VALORES E BENS           ; 0000000000005556,12
200505;59109165;BCO VOLKSWAGEN S.A                                          ;U;4010;0073900003;OUTRAS RECEITAS NAO OPERACIONAIS                  ; 0000000000002609,27
200505;59109165;BCO VOLKSWAGEN S.A                                          ;U;4010;0080000006;(-) CONTAS DE RESULTADO DEVEDORAS                 ;-0000000419075583,71
200505;59109165;BCO VOLKSWAGEN S.A                                          ;U;4010;0081000005;(-) DESPESAS OPERACIONAIS                         ;-0000000408979797,69
200505;59109165;BCO VOLKSWAGEN S.A                                          ;U;4010;0081100008;(-) DESPESAS DE CAPTACAO                          ;-0000000176630877,81
200505;59109165;BCO VOLKSWAGEN S.A                                          ;U;4010;0081200001;(-) DESP DE OBRIGACOES POR EMPRESTIMOS E REPASSES ;-0000000057646618,04
200505;59109165;BCO VOLKSWAGEN S.A                                          ;U;4010;0081700006;(-) DESPESAS ADMINISTRATIVAS                      ;-0000000044904806,13
200505;59109165;BCO VOLKSWAGEN S.A                                          ;U;4010;0081800009;(-) APROVISIONAMENTOS E AJUSTES PATRIMONIAIS      ;-0000000086107988,35
200505;59109165;BCO VOLKSWAGEN S.A                                          ;U;4010;0081900002;(-) OUTRAS DESPESAS OPERACIONAIS                  ;-0000000043689507,36
200505;59109165;BCO VOLKSWAGEN S.A                                          ;U;4010;0083000003;(-) DESPESAS NAO OPERACIONAIS                     ;-0000000000000907,24
200505;59109165;BCO VOLKSWAGEN S.A                                          ;U;4010;0083900000;(-) OUTRAS DESPESAS NAO OPERACIONAIS              ;-0000000000000907,24
200505;59109165;BCO VOLKSWAGEN S.A                                          ;U;4010;0089000007;(-) APURACAO DE RESULTADO                         ;-0000000010094878,78
200505;59109165;BCO VOLKSWAGEN S.A                                          ;U;4010;0089400009;(-) IMPOSTO DE RENDA                              ;-0000000010094878,78
200505;59109165;BCO VOLKSWAGEN S.A                                          ;U;4010;0090000003;COMPENSACAO                                       ; 0000006088449009,97
200505;59109165;BCO VOLKSWAGEN S.A                                          ;U;4010;0090100006;COOBRIGACOES E RISCOS EM GARANTIAS PRESTADAS      ; 0000000160880319,46
200505;59109165;BCO VOLKSWAGEN S.A                                          ;U;4010;0090400005;CUSTODIA DE VALORES                               ; 0000000039100000,00
200505;59109165;BCO VOLKSWAGEN S.A                                          ;U;4010;0090900000;CONTROLE                                          ; 0000001369656878,41
200505;59109165;BCO VOLKSWAGEN S.A                                          ;U;4010;0091000002;CLASSIFICACAO DA CARTEIRA DE CREDITOS             ; 0000004518811812,10
200505;59109165;BCO VOLKSWAGEN S.A                                          ;U;4010;0091100005;OPERACOES DE CREDITOS E ARRENDAMENTO MERCANTIL    ; 0000004518811812,10
200505;59109165;BCO VOLKSWAGEN S.A                                          ;U;4010;0099999995;TOTAL GERAL DO PASSIVO                            ; 0000010735229708,51
200505;59118133;BCO LUSO BRASILEIRO S.A.                                    ;U;4010;0010000007;CIRCULANTE E REALIZAVEL A LONGO PRAZO             ; 0000000192515031,21
200505;59118133;BCO LUSO BRASILEIRO S.A.                                    ;U;4010;0011000006;DISPONIBILIDADES                                  ; 0000000001671537,72
200505;59118133;BCO LUSO BRASILEIRO S.A.                                    ;U;4010;0011100009;CAIXA                                             ; 0000000000211674,34
200505;59118133;BCO LUSO BRASILEIRO S.A.                                    ;U;4010;0011200002;DEPOSITOS BANCARIOS                               ; 0000000000397300,00
200505;59118133;BCO LUSO BRASILEIRO S.A.                                    ;U;4010;0011300005;RESERVAS LIVRES                                   ; 0000000001062563,38
200505;59118133;BCO LUSO BRASILEIRO S.A.                                    ;U;4010;0012000005;APLICACOES INTERFINANCEIRAS DE LIQUIDEZ           ; 0000000020630015,18
200505;59118133;BCO LUSO BRASILEIRO S.A.                                    ;U;4010;0012100008;APLICACOES EM OPERACOES COMPROMISSADAS            ; 0000000018701510,69
200505;59118133;BCO LUSO BRASILEIRO S.A.                                    ;U;4010;0012200001;APLICACOES EM DEPOSITOS INTERFINANCEIROS          ; 0000000001928504,49
200505;59118133;BCO LUSO BRASILEIRO S.A.                                    ;U;4010;0013000004;TITULOS E VAL. MOB. E INST. FINANC. DERIVATIVOS   ; 0000000033738512,79
200505;59118133;BCO LUSO BRASILEIRO S.A.                                    ;U;4010;0013100007;LIVRES                                            ; 0000000028742185,41
200505;59118133;BCO LUSO BRASILEIRO S.A.                                    ;U;4010;0013200000;VINCULADOS A OPERACOES COMPROMISSADAS             ; 0000000004996327,38
200505;59118133;BCO LUSO BRASILEIRO S.A.                                    ;U;4010;0014000003;RELACOES INTERFINANCEIRAS                         ; 0000000000849919,23
200505;59118133;BCO LUSO BRASILEIRO S.A.                                    ;U;4010;0014100006;DIREITOS JUNTO A PARTIC. DE SISTEMAS DE LIQUIDAÇÃO; 0000000000385198,74
200505;59118133;BCO LUSO BRASILEIRO S.A.                                    ;U;4010;0014200009;CREDITOS VINCULADOS                               ; 0000000000117997,78
200505;59118133;BCO LUSO BRASILEIRO S.A.                                    ;U;4010;0014400005;RELACOES COM CORRESPONDENTES                      ; 0000000000346722,71
200505;59118133;BCO LUSO BRASILEIRO S.A.                                    ;U;4010;0016000001;OPERACOES DE CREDITO                              ; 0000000103249094,37
200505;59118133;BCO LUSO BRASILEIRO S.A.                                    ;U;4010;0016100004;EMPRESTIMOS E TITULOS DESCONTADOS                 ; 0000000069295499,13
200505;59118133;BCO LUSO BRASILEIRO S.A.                                    ;U;4010;0016200007;FINANCIAMENTOS                                    ; 0000000042330665,01
200505;59118133;BCO LUSO BRASILEIRO S.A.                                    ;U;4010;0016900008;(-) PROVISOES PARA OPERACOES DE CREDITO           ;-0000000008377069,77
200505;59118133;BCO LUSO BRASILEIRO S.A.                                    ;U;4010;0018000009;OUTROS CREDITOS                                   ; 0000000031737380,02
200505;59118133;BCO LUSO BRASILEIRO S.A.                                    ;U;4010;0018300008;RENDAS A RECEBER                                  ; 0000000000000065,30
200505;59118133;BCO LUSO BRASILEIRO S.A.                                    ;U;4010;0018800003;DIVERSOS                                          ; 0000000032563132,58
200505;59118133;BCO LUSO BRASILEIRO S.A.                                    ;U;4010;0018900006;(-) PROVISOES PARA OUTROS CREDITOS                ;-0000000000825817,86
200505;59118133;BCO LUSO BRASILEIRO S.A.                                    ;U;4010;0019000008;OUTROS VALORES E BENS                             ; 0000000000638571,90
200505;59118133;BCO LUSO BRASILEIRO S.A.                                    ;U;4010;0019800002;OUTROS VALORES E BENS                             ; 0000000000628309,08
200505;59118133;BCO LUSO BRASILEIRO S.A.                                    ;U;4010;0019900005;DESPESAS ANTECIPADAS                              ; 0000000000010262,82
200505;59118133;BCO LUSO BRASILEIRO S.A.                                    ;U;4010;0020000004;PERMANENTE                                        ; 0000000007995972,66
200505;59118133;BCO LUSO BRASILEIRO S.A.                                    ;U;4010;0021000003;INVESTIMENTOS                                     ; 0000000000206382,76
200505;59118133;BCO LUSO BRASILEIRO S.A.                                    ;U;4010;0021300002;INVESTIMENTOS POR INCENTIVOS FISCAIS              ; 0000000000000008,45
200505;59118133;BCO LUSO BRASILEIRO S.A.                                    ;U;4010;0021400005;TITULOS PATRIMONIAIS                              ; 0000000000182105,31
200505;59118133;BCO LUSO BRASILEIRO S.A.                                    ;U;4010;0021900000;OUTROS INVESTIMENTOS                              ; 0000000000024269,00
200505;59118133;BCO LUSO BRASILEIRO S.A.                                    ;U;4010;0022000002;IMOBILIZADO DE USO                                ; 0000000007613481,28
200505;59118133;BCO LUSO BRASILEIRO S.A.                                    ;U;4010;0022300001;IMOVEIS DE USO                                    ; 0000000006880110,58
200505;59118133;BCO LUSO BRASILEIRO S.A.                                    ;U;4010;0022400004;INSTALACOES, MOVEIS E EQUIPAMENTOS DE USO         ; 0000000000056035,37
200505;59118133;BCO LUSO BRASILEIRO S.A.                                    ;U;4010;0022900009;OUTROS                                            ; 0000000000677335,33
200505;59118133;BCO LUSO BRASILEIRO S.A.                                    ;U;4010;0024000000;DIFERIDO                                          ; 0000000000176108,62
200505;59118133;BCO LUSO BRASILEIRO S.A.                                    ;U;4010;0024100003;GASTOS DE ORGANIZACAO E EXPANSAO                  ; 0000000000176108,62
200505;59118133;BCO LUSO BRASILEIRO S.A.                                    ;U;4010;0030000001;COMPENSACAO                                       ; 0000000831783285,37
200505;59118133;BCO LUSO BRASILEIRO S.A.                                    ;U;4010;0030100004;COOBRIGACOES E RISCOS EM GARANTIAS PRESTADAS      ; 0000000005991009,95
200505;59118133;BCO LUSO BRASILEIRO S.A.                                    ;U;4010;0030300000;TITULOS E VALORES MOBILIARIOS                     ; 0000000067477025,58
200505;59118133;BCO LUSO BRASILEIRO S.A.                                    ;U;4010;0030400003;CUSTODIA DE VALORES                               ; 0000000354729792,97
200505;59118133;BCO LUSO BRASILEIRO S.A.                                    ;U;4010;0030500006;COBRANCA                                          ; 0000000014196497,29
200505;59118133;BCO LUSO BRASILEIRO S.A.                                    ;U;4010;0030600009;NEGOCIACAO E INTERMEDIACAO DE VALORES             ; 0000000005798685,78
200505;59118133;BCO LUSO BRASILEIRO S.A.                                    ;U;4010;0030800005;CONTRATOS                                         ; 0000000000929154,81
200505;59118133;BCO LUSO BRASILEIRO S.A.                                    ;U;4010;0030900008;CONTROLE                                          ; 0000000248033901,82
200505;59118133;BCO LUSO BRASILEIRO S.A.                                    ;U;4010;0031000000;CLASSIFICACAO DA CARTEIRA DE CREDITOS             ; 0000000134627217,17
200505;59118133;BCO LUSO BRASILEIRO S.A.                                    ;U;4010;0031100003;OPERACOES DE RISCO NIVEL AA                       ; 0000000001392056,18
200505;59118133;BCO LUSO BRASILEIRO S.A.                                    ;U;4010;0031200006;OPERACOES DE RISCO NIVEL A                        ; 0000000050892060,71
200505;59118133;BCO LUSO BRASILEIRO S.A.                                    ;U;4010;0031300009;OPERACOES DE RISCO NIVELB                         ; 0000000018571045,07
200505;59118133;BCO LUSO BRASILEIRO S.A.                                    ;U;4010;0031400002;OPERACOES DE RISCO NIVELC                         ; 0000000023227889,70
200505;59118133;BCO LUSO BRASILEIRO S.A.                                    ;U;4010;0031500005;OPERACOES DE RISCO NIVEL D                        ; 0000000033559362,68
200505;59118133;BCO LUSO BRASILEIRO S.A.                                    ;U;4010;0031600008;OPERACOES DE RISCO NIVEL E                        ; 0000000000905250,07
200505;59118133;BCO LUSO BRASILEIRO S.A.                                    ;U;4010;0031700001;OPERACOES DE RISCO NIVEL F                        ; 0000000003144302,87
200505;59118133;BCO LUSO BRASILEIRO S.A.                                    ;U;4010;0031800004;OPERACOES DE RISCO NIVEL G                        ; 0000000000230095,36
200505;59118133;BCO LUSO BRASILEIRO S.A.                                    ;U;4010;0031900007;OPERACOES DE RISCO NIVEL H                        ; 0000000002705154,53
200505;59118133;BCO LUSO BRASILEIRO S.A.                                    ;U;4010;0039999993;TOTAL GERAL DO ATIVO                              ; 0000001032294289,24
200505;59118133;BCO LUSO BRASILEIRO S.A.                                    ;U;4010;0040000008;CIRCULANTE EXIGIVEL A LONGO PRAZO                 ; 0000000163205089,43
200505;59118133;BCO LUSO BRASILEIRO S.A.                                    ;U;4010;0041000007;DEPOSITOS                                         ; 0000000126828715,03
200505;59118133;BCO LUSO BRASILEIRO S.A.                                    ;U;4010;0041100000;DEPOSITOS A VISTA                                 ; 0000000006450591,65
200505;59118133;BCO LUSO BRASILEIRO S.A.                                    ;U;4010;0041300006;DEPOSITOS INTERFINANCEIROS                        ; 0000000001987972,77
200505;59118133;BCO LUSO BRASILEIRO S.A.                                    ;U;4010;0041500002;DEPOSITOS A PRAZO                                 ; 0000000118390150,61
200505;59118133;BCO LUSO BRASILEIRO S.A.                                    ;U;4010;0042000006;OBRIGACOES POR OPERACOES COMPROMISSADAS           ; 0000000010934734,15
200505;59118133;BCO LUSO BRASILEIRO S.A.                                    ;U;4010;0042100009;CARTEIRA PROPRIA                                  ; 0000000005000256,22
200505;59118133;BCO LUSO BRASILEIRO S.A.                                    ;U;4010;0042200002;CARTEIRA DE TERCEIROS                             ; 0000000005934477,93
200505;59118133;BCO LUSO BRASILEIRO S.A.                                    ;U;4010;0044000004;RELACOES INTERFINANCEIRAS                         ; 0000000000570072,95
200505;59118133;BCO LUSO BRASILEIRO S.A.                                    ;U;4010;0044100007;OBRIGAÇÕES JUNTO A PARTIC. DE SIST. DE LIQUIDACÃO ; 0000000000570072,95
200505;59118133;BCO LUSO BRASILEIRO S.A.                                    ;U;4010;0045000003;RELACOES INTERDEPENDENCIAS                        ; 0000000000069571,11
200505;59118133;BCO LUSO BRASILEIRO S.A.                                    ;U;4010;0045100006;RECURSOS EM TRANSITO DE TERCEIROS                 ; 0000000000069571,11
200505;59118133;BCO LUSO BRASILEIRO S.A.                                    ;U;4010;0046000002;OBRIGACOES POR EMPRESTIMOS E REPASSES             ; 0000000020894551,38
200505;59118133;BCO LUSO BRASILEIRO S.A.                                    ;U;4010;0046400004;REPASSES DO PAIS - INSTITUICOES OFICIAIS          ; 0000000020894551,38
200505;59118133;BCO LUSO BRASILEIRO S.A.                                    ;U;4010;0049000009;OUTRAS OBRIGACOES                                 ; 0000000003907444,81
200505;59118133;BCO LUSO BRASILEIRO S.A.                                    ;U;4010;0049100002;COBRANCA E ARRECADACAO DE TRIBUTOS E ASSEMELHADOS ; 0000000000056683,80
200505;59118133;BCO LUSO BRASILEIRO S.A.                                    ;U;4010;0049400001;FISCAIS E PREVIDENCIARIAS                         ; 0000000000369095,31
200505;59118133;BCO LUSO BRASILEIRO S.A.                                    ;U;4010;0049900006;DIVERSAS                                          ; 0000000003481665,70
200505;59118133;BCO LUSO BRASILEIRO S.A.                                    ;U;4010;0060000002;PATRIMONIO LIQUIDO                                ; 0000000038055641,31
200505;59118133;BCO LUSO BRASILEIRO S.A.                                    ;U;4010;0061000001;PATRIMONIO LIQUIDO                                ; 0000000038055641,31
200505;59118133;BCO LUSO BRASILEIRO S.A.                                    ;U;4010;0061100004;CAPITAL SOCIAL                                    ; 0000000037239593,67
200505;59118133;BCO LUSO BRASILEIRO S.A.                                    ;U;4010;0061300000;RESERVAS DE CAPITAL                               ; 0000000000387193,50
200505;59118133;BCO LUSO BRASILEIRO S.A.                                    ;U;4010;0061400003;RESERVAS DE REAVALIACAO                           ; 0000000000127565,14
200505;59118133;BCO LUSO BRASILEIRO S.A.                                    ;U;4010;0061500006;RESERVAS DE LUCROS                                ; 0000000000292173,05
200505;59118133;BCO LUSO BRASILEIRO S.A.                                    ;U;4010;0061800005;LUCROS OU PREJUIZOS ACUMULADOS                    ; 0000000000009115,95
200505;59118133;BCO LUSO BRASILEIRO S.A.                                    ;U;4010;0070000009;CONTAS DE RESULTADO CREDORAS                      ; 0000000018875891,03
200505;59118133;BCO LUSO BRASILEIRO S.A.                                    ;U;4010;0071000008;RECEITAS OPERACIONAIS                             ; 0000000018865440,70
200505;59118133;BCO LUSO BRASILEIRO S.A.                                    ;U;4010;0071100001;RENDAS DE OPERACOES DE CREDITO                    ; 0000000012891412,05
200505;59118133;BCO LUSO BRASILEIRO S.A.                                    ;U;4010;0071400000;RENDAS DE APLICACOES INTERFINANCEIRAS DE LIQUIDEZ ; 0000000001091319,59
200505;59118133;BCO LUSO BRASILEIRO S.A.                                    ;U;4010;0071500003;RENDAS COM TIT. E VAL. MOB. E INST. FINANC. DERIV.; 0000000003364383,51
200505;59118133;BCO LUSO BRASILEIRO S.A.                                    ;U;4010;0071700009;RENDAS DE PRESTACAO DE SERVICOS                   ; 0000000000339345,41
200505;59118133;BCO LUSO BRASILEIRO S.A.                                    ;U;4010;0071900005;OUTRAS RECEITAS OPERACIONAIS                      ; 0000000001178980,14
200505;59118133;BCO LUSO BRASILEIRO S.A.                                    ;U;4010;0073000006;RECEITAS NAO OPERACIONAIS                         ; 0000000000010450,33
200505;59118133;BCO LUSO BRASILEIRO S.A.                                    ;U;4010;0073900003;OUTRAS RECEITAS NAO OPERACIONAIS                  ; 0000000000010450,33
200505;59118133;BCO LUSO BRASILEIRO S.A.                                    ;U;4010;0080000006;(-) CONTAS DE RESULTADO DEVEDORAS                 ;-0000000019625617,90
200505;59118133;BCO LUSO BRASILEIRO S.A.                                    ;U;4010;0081000005;(-) DESPESAS OPERACIONAIS                         ;-0000000019614837,90
200505;59118133;BCO LUSO BRASILEIRO S.A.                                    ;U;4010;0081100008;(-) DESPESAS DE CAPTACAO                          ;-0000000008968046,82
200505;59118133;BCO LUSO BRASILEIRO S.A.                                    ;U;4010;0081500000;(-) DESP. COM TIT. E VAL. MOB. E INST. FIN. DERIV.;-0000000000009453,75
200505;59118133;BCO LUSO BRASILEIRO S.A.                                    ;U;4010;0081700006;(-) DESPESAS ADMINISTRATIVAS                      ;-0000000007102553,68
200505;59118133;BCO LUSO BRASILEIRO S.A.                                    ;U;4010;0081800009;(-) APROVISIONAMENTOS E AJUSTES PATRIMONIAIS      ;-0000000001698690,30
200505;59118133;BCO LUSO BRASILEIRO S.A.                                    ;U;4010;0081900002;(-) OUTRAS DESPESAS OPERACIONAIS                  ;-0000000001836093,35
200505;59118133;BCO LUSO BRASILEIRO S.A.                                    ;U;4010;0083000003;(-) DESPESAS NAO OPERACIONAIS                     ;-0000000000010780,00
200505;59118133;BCO LUSO BRASILEIRO S.A.                                    ;U;4010;0083100006;(-) PREJUIZOS EM TRANSACOES COM VALORES E BENS    ;-0000000000010780,00
200505;59118133;BCO LUSO BRASILEIRO S.A.                                    ;U;4010;0090000003;COMPENSACAO                                       ; 0000000831783285,37
200505;59118133;BCO LUSO BRASILEIRO S.A.                                    ;U;4010;0090100006;COOBRIGACOES E RISCOS EM GARANTIAS PRESTADAS      ; 0000000005991009,95
200505;59118133;BCO LUSO BRASILEIRO S.A.                                    ;U;4010;0090300002;TITULOS E VALORES MOBILIARIOS                     ; 0000000067477025,58
200505;59118133;BCO LUSO BRASILEIRO S.A.                                    ;U;4010;0090400005;CUSTODIA DE VALORES                               ; 0000000354729792,97
200505;59118133;BCO LUSO BRASILEIRO S.A.                                    ;U;4010;0090500008;COBRANCA                                          ; 0000000014196497,29
200505;59118133;BCO LUSO BRASILEIRO S.A.                                    ;U;4010;0090600001;NEGOCIACAO E INTERMEDIACAO DE VALORES             ; 0000000005798685,78
200505;59118133;BCO LUSO BRASILEIRO S.A.                                    ;U;4010;0090800007;CONTRATOS                                         ; 0000000000929154,81
200505;59118133;BCO LUSO BRASILEIRO S.A.                                    ;U;4010;0090900000;CONTROLE                                          ; 0000000248033901,82
200505;59118133;BCO LUSO BRASILEIRO S.A.                                    ;U;4010;0091000002;CLASSIFICACAO DA CARTEIRA DE CREDITOS             ; 0000000134627217,17
200505;59118133;BCO LUSO BRASILEIRO S.A.                                    ;U;4010;0091100005;OPERACOES DE CREDITOS E ARRENDAMENTO MERCANTIL    ; 0000000134627217,17
200505;59118133;BCO LUSO BRASILEIRO S.A.                                    ;U;4010;0099999995;TOTAL GERAL DO PASSIVO                            ; 0000001032294289,24
200505;59274605;BANCO GMAC                                                  ;U;4010;0010000007;CIRCULANTE E REALIZAVEL A LONGO PRAZO             ; 0000002972123490,10
200505;59274605;BANCO GMAC                                                  ;U;4010;0011000006;DISPONIBILIDADES                                  ; 0000000000633854,50
200505;59274605;BANCO GMAC                                                  ;U;4010;0011200002;DEPOSITOS BANCARIOS                               ; 0000000000493985,48
200505;59274605;BANCO GMAC                                                  ;U;4010;0011500001;DISPONIBILIDADES EM MOEDAS ESTRANGEIRAS           ; 0000000000139869,02
200505;59274605;BANCO GMAC                                                  ;U;4010;0012000005;APLICACOES INTERFINANCEIRAS DE LIQUIDEZ           ; 0000000116453533,82
200505;59274605;BANCO GMAC                                                  ;U;4010;0012100008;APLICACOES EM OPERACOES COMPROMISSADAS            ; 0000000029998173,54
200505;59274605;BANCO GMAC                                                  ;U;4010;0012200001;APLICACOES EM DEPOSITOS INTERFINANCEIROS          ; 0000000086455360,28
200505;59274605;BANCO GMAC                                                  ;U;4010;0016000001;OPERACOES DE CREDITO                              ; 0000002402193701,11
200505;59274605;BANCO GMAC                                                  ;U;4010;0016100004;EMPRESTIMOS E TITULOS DESCONTADOS                 ; 0000000220757375,31
200505;59274605;BANCO GMAC                                                  ;U;4010;0016200007;FINANCIAMENTOS                                    ; 0000002216850304,63
200505;59274605;BANCO GMAC                                                  ;U;4010;0016900008;(-) PROVISOES PARA OPERACOES DE CREDITO           ;-0000000035413978,83
200505;59274605;BANCO GMAC                                                  ;U;4010;0017000000;OPERACOES DE ARRENDAMENTO MERCANTIL               ;-0000000000161470,12
200505;59274605;BANCO GMAC                                                  ;U;4010;0017100003;ARRENDAMENTOS FINANCEIROS A RECEBER               ; 0000000000241414,76
200505;59274605;BANCO GMAC                                                  ;U;4010;0017900007;(-) PROVISOES PARA OPER. DE ARRENDAMENTO MERCANTIL;-0000000000402884,88
200505;59274605;BANCO GMAC                                                  ;U;4010;0018000009;OUTROS CREDITOS                                   ; 0000000379074015,64
200505;59274605;BANCO GMAC                                                  ;U;4010;0018800003;DIVERSOS                                          ; 0000000379266368,70
200505;59274605;BANCO GMAC                                                  ;U;4010;0018900006;(-) PROVISOES PARA OUTROS CREDITOS                ;-0000000000192353,06
200505;59274605;BANCO GMAC                                                  ;U;4010;0019000008;OUTROS VALORES E BENS                             ; 0000000073929855,15
200505;59274605;BANCO GMAC                                                  ;U;4010;0019800002;OUTROS VALORES E BENS                             ; 0000000001954662,81
200505;59274605;BANCO GMAC                                                  ;U;4010;0019900005;DESPESAS ANTECIPADAS                              ; 0000000071975192,34
200505;59274605;BANCO GMAC                                                  ;U;4010;0020000004;PERMANENTE                                        ; 0000000200825259,56
200505;59274605;BANCO GMAC                                                  ;U;4010;0021000003;INVESTIMENTOS                                     ; 0000000127182255,50
200505;59274605;BANCO GMAC                                                  ;U;4010;0021200009;PARTICIPACOES EM COLIGADAS E CONTROLADAS NO PAIS  ; 0000000127161840,94
200505;59274605;BANCO GMAC                                                  ;U;4010;0021400005;TITULOS PATRIMONIAIS                              ; 0000000000015525,79
200505;59274605;BANCO GMAC                                                  ;U;4010;0021500008;ACOES E COTAS                                     ; 0000000000004888,77
200505;59274605;BANCO GMAC                                                  ;U;4010;0022000002;IMOBILIZADO DE USO                                ; 0000000004258835,88
200505;59274605;BANCO GMAC                                                  ;U;4010;0022400004;INSTALACOES, MOVEIS E EQUIPAMENTOS DE USO         ; 0000000000352057,11
200505;59274605;BANCO GMAC                                                  ;U;4010;0022900009;OUTROS                                            ; 0000000003906778,77
200505;59274605;BANCO GMAC                                                  ;U;4010;0023000001;IMOBILIZADO DE ARRENDAMENTO                       ; 0000000063939317,69
200505;59274605;BANCO GMAC                                                  ;U;4010;0023200007;BENS ARRENDADOS - ARRENDAMENTO FINANCEIRO         ; 0000000063939317,69
200505;59274605;BANCO GMAC                                                  ;U;4010;0024000000;DIFERIDO                                          ; 0000000005444850,49
200505;59274605;BANCO GMAC                                                  ;U;4010;0024100003;GASTOS DE ORGANIZACAO E EXPANSAO                  ; 0000000005444850,49
200505;59274605;BANCO GMAC                                                  ;U;4010;0030000001;COMPENSACAO                                       ; 0000003712840823,57
200505;59274605;BANCO GMAC                                                  ;U;4010;0030400003;CUSTODIA DE VALORES                               ; 0000000869746450,49
200505;59274605;BANCO GMAC                                                  ;U;4010;0030600009;NEGOCIACAO E INTERMEDIACAO DE VALORES             ; 0000000031258155,60
200505;59274605;BANCO GMAC                                                  ;U;4010;0030800005;CONTRATOS                                         ; 0000000000054183,12
200505;59274605;BANCO GMAC                                                  ;U;4010;0030900008;CONTROLE                                          ; 0000000341174324,14
200505;59274605;BANCO GMAC                                                  ;U;4010;0031000000;CLASSIFICACAO DA CARTEIRA DE CREDITOS             ; 0000002470607710,22
200505;59274605;BANCO GMAC                                                  ;U;4010;0031100003;OPERACOES DE RISCO NIVEL AA                       ; 0000000003636869,35
200505;59274605;BANCO GMAC                                                  ;U;4010;0031200006;OPERACOES DE RISCO NIVEL A                        ; 0000002209842430,17
200505;59274605;BANCO GMAC                                                  ;U;4010;0031300009;OPERACOES DE RISCO NIVELB                         ; 0000000111770291,84
200505;59274605;BANCO GMAC                                                  ;U;4010;0031400002;OPERACOES DE RISCO NIVELC                         ; 0000000106881916,45
200505;59274605;BANCO GMAC                                                  ;U;4010;0031500005;OPERACOES DE RISCO NIVEL D                        ; 0000000011801724,11
200505;59274605;BANCO GMAC                                                  ;U;4010;0031600008;OPERACOES DE RISCO NIVEL E                        ; 0000000006303106,59
200505;59274605;BANCO GMAC                                                  ;U;4010;0031700001;OPERACOES DE RISCO NIVEL F                        ; 0000000004047358,11
200505;59274605;BANCO GMAC                                                  ;U;4010;0031800004;OPERACOES DE RISCO NIVEL G                        ; 0000000002609842,94
200505;59274605;BANCO GMAC                                                  ;U;4010;0031900007;OPERACOES DE RISCO NIVEL H                        ; 0000000013714170,66
200505;59274605;BANCO GMAC                                                  ;U;4010;0039999993;TOTAL GERAL DO ATIVO                              ; 0000006885789573,23
200505;59274605;BANCO GMAC                                                  ;U;4010;0040000008;CIRCULANTE EXIGIVEL A LONGO PRAZO                 ; 0000002604166235,67
200505;59274605;BANCO GMAC                                                  ;U;4010;0041000007;DEPOSITOS                                         ; 0000001903629255,83
200505;59274605;BANCO GMAC                                                  ;U;4010;0041300006;DEPOSITOS INTERFINANCEIROS                        ; 0000001679933748,07
200505;59274605;BANCO GMAC                                                  ;U;4010;0041500002;DEPOSITOS A PRAZO                                 ; 0000000223695507,76
200505;59274605;BANCO GMAC                                                  ;U;4010;0046000002;OBRIGACOES POR EMPRESTIMOS E REPASSES             ; 0000000019596200,74
200505;59274605;BANCO GMAC                                                  ;U;4010;0046300001;EMPRESTIMOS NO EXTERIOR                           ; 0000000018150981,87
200505;59274605;BANCO GMAC                                                  ;U;4010;0046400004;REPASSES DO PAIS - INSTITUICOES OFICIAIS          ; 0000000001445218,87
200505;59274605;BANCO GMAC                                                  ;U;4010;0047000001;INSTRUMENTOS FINANCEIROS DERIVATIVOS              ; 0000000010603866,25
200505;59274605;BANCO GMAC                                                  ;U;4010;0047100004;INSTRUMENTOS FINANCEIROS DERIVATIVOS              ; 0000000010603866,25
200505;59274605;BANCO GMAC                                                  ;U;4010;0049000009;OUTRAS OBRIGACOES                                 ; 0000000670336912,85
200505;59274605;BANCO GMAC                                                  ;U;4010;0049100002;COBRANCA E ARRECADACAO DE TRIBUTOS E ASSEMELHADOS ; 0000000000540396,04
200505;59274605;BANCO GMAC                                                  ;U;4010;0049300008;SOCIAIS E ESTATUTARIAS                            ; 0000000001758863,63
200505;59274605;BANCO GMAC                                                  ;U;4010;0049400001;FISCAIS E PREVIDENCIARIAS                         ; 0000000423880387,34
200505;59274605;BANCO GMAC                                                  ;U;4010;0049900006;DIVERSAS                                          ; 0000000244157265,84
200505;59274605;BANCO GMAC                                                  ;U;4010;0050000005;RESULTADOS DE EXERCICIOS FUTUROS                  ; 0000000080554613,19
200505;59274605;BANCO GMAC                                                  ;U;4010;0051000004;RECEITAS DE EXERCICIOS FUTUROS                    ; 0000000080554613,19
200505;59274605;BANCO GMAC                                                  ;U;4010;0051100007;RECEITAS DE EXERCICIOS FUTUROS                    ; 0000000080554613,19
200505;59274605;BANCO GMAC                                                  ;U;4010;0060000002;PATRIMONIO LIQUIDO                                ; 0000000424144164,96
200505;59274605;BANCO GMAC                                                  ;U;4010;0061000001;PATRIMONIO LIQUIDO                                ; 0000000424144164,96
200505;59274605;BANCO GMAC                                                  ;U;4010;0061100004;CAPITAL SOCIAL                                    ; 0000000268862820,13
200505;59274605;BANCO GMAC                                                  ;U;4010;0061300000;RESERVAS DE CAPITAL                               ; 0000000000000181,64
200505;59274605;BANCO GMAC                                                  ;U;4010;0061500006;RESERVAS DE LUCROS                                ; 0000000008842147,68
200505;59274605;BANCO GMAC                                                  ;U;4010;0061600009;AJUSTES DE AVALIACAO PATRIMONIAL                  ; 0000000000020249,33
200505;59274605;BANCO GMAC                                                  ;U;4010;0061800005;LUCROS OU PREJUIZOS ACUMULADOS                    ; 0000000146418766,18
200505;59274605;BANCO GMAC                                                  ;U;4010;0070000009;CONTAS DE RESULTADO CREDORAS                      ; 0000000377647779,64
200505;59274605;BANCO GMAC                                                  ;U;4010;0071000008;RECEITAS OPERACIONAIS                             ; 0000000376073347,08
200505;59274605;BANCO GMAC                                                  ;U;4010;0071100001;RENDAS DE OPERACOES DE CREDITO                    ; 0000000274548121,92
200505;59274605;BANCO GMAC                                                  ;U;4010;0071200004;RENDAS DE ARRENDAMENTO MERCANTIL                  ; 0000000007101715,97
200505;59274605;BANCO GMAC                                                  ;U;4010;0071300007;RENDAS DE CAMBIO                                  ; 0000000000004142,89
200505;59274605;BANCO GMAC                                                  ;U;4010;0071400000;RENDAS DE APLICACOES INTERFINANCEIRAS DE LIQUIDEZ ; 0000000004166489,05
200505;59274605;BANCO GMAC                                                  ;U;4010;0071500003;RENDAS COM TIT. E VAL. MOB. E INST. FINANC. DERIV.; 0000000017342993,10
200505;59274605;BANCO GMAC                                                  ;U;4010;0071700009;RENDAS DE PRESTACAO DE SERVICOS                   ; 0000000017623955,94
200505;59274605;BANCO GMAC                                                  ;U;4010;0071800002;RENDAS DE PARTICIPACOES                           ; 0000000013622810,31
200505;59274605;BANCO GMAC                                                  ;U;4010;0071900005;OUTRAS RECEITAS OPERACIONAIS                      ; 0000000041663117,90
200505;59274605;BANCO GMAC                                                  ;U;4010;0073000006;RECEITAS NAO OPERACIONAIS                         ; 0000000001574432,56
200505;59274605;BANCO GMAC                                                  ;U;4010;0073100009;LUCROS EM TRANSACOES COM VALORES E BENS           ; 0000000000798462,12
200505;59274605;BANCO GMAC                                                  ;U;4010;0073900003;OUTRAS RECEITAS NAO OPERACIONAIS                  ; 0000000000775970,44
200505;59274605;BANCO GMAC                                                  ;U;4010;0080000006;(-) CONTAS DE RESULTADO DEVEDORAS                 ;-0000000313564043,80
200505;59274605;BANCO GMAC                                                  ;U;4010;0081000005;(-) DESPESAS OPERACIONAIS                         ;-0000000300990185,21
200505;59274605;BANCO GMAC                                                  ;U;4010;0081100008;(-) DESPESAS DE CAPTACAO                          ;-0000000127397561,86
200505;59274605;BANCO GMAC                                                  ;U;4010;0081200001;(-) DESP DE OBRIGACOES POR EMPRESTIMOS E REPASSES ;-0000000011052094,73
200505;59274605;BANCO GMAC                                                  ;U;4010;0081300004;(-) DESPESAS DE ARRENDAMENTO MERCANTIL            ;-0000000004695038,41
200505;59274605;BANCO GMAC                                                  ;U;4010;0081400007;(-) DESPESAS DE CAMBIO                            ;-0000000000018909,26
200505;59274605;BANCO GMAC                                                  ;U;4010;0081500000;(-) DESP. COM TIT. E VAL. MOB. E INST. FIN. DERIV.;-0000000023599616,83
200505;59274605;BANCO GMAC                                                  ;U;4010;0081700006;(-) DESPESAS ADMINISTRATIVAS                      ;-0000000066155995,80
200505;59274605;BANCO GMAC                                                  ;U;4010;0081800009;(-) APROVISIONAMENTOS E AJUSTES PATRIMONIAIS      ;-0000000041428148,39
200505;59274605;BANCO GMAC                                                  ;U;4010;0081900002;(-) OUTRAS DESPESAS OPERACIONAIS                  ;-0000000026642819,93
200505;59274605;BANCO GMAC                                                  ;U;4010;0083000003;(-) DESPESAS NAO OPERACIONAIS                     ;-0000000001501301,23
200505;59274605;BANCO GMAC                                                  ;U;4010;0083100006;(-) PREJUIZOS EM TRANSACOES COM VALORES E BENS    ;-0000000001244260,21
200505;59274605;BANCO GMAC                                                  ;U;4010;0083900000;(-) OUTRAS DESPESAS NAO OPERACIONAIS              ;-0000000000257041,02
200505;59274605;BANCO GMAC                                                  ;U;4010;0089000007;(-) APURACAO DE RESULTADO                         ;-0000000011072557,36
200505;59274605;BANCO GMAC                                                  ;U;4010;0089400009;(-) IMPOSTO DE RENDA                              ;-0000000011072557,36
200505;59274605;BANCO GMAC                                                  ;U;4010;0090000003;COMPENSACAO                                       ; 0000003712840823,57
200505;59274605;BANCO GMAC                                                  ;U;4010;0090400005;CUSTODIA DE VALORES                               ; 0000000869746450,49
200505;59274605;BANCO GMAC                                                  ;U;4010;0090600001;NEGOCIACAO E INTERMEDIACAO DE VALORES             ; 0000000031258155,60
200505;59274605;BANCO GMAC                                                  ;U;4010;0090800007;CONTRATOS                                         ; 0000000000054183,12
200505;59274605;BANCO GMAC                                                  ;U;4010;0090900000;CONTROLE                                          ; 0000000341174324,14
200505;59274605;BANCO GMAC                                                  ;U;4010;0091000002;CLASSIFICACAO DA CARTEIRA DE CREDITOS             ; 0000002470607710,22
200505;59274605;BANCO GMAC                                                  ;U;4010;0091100005;OPERACOES DE CREDITOS E ARRENDAMENTO MERCANTIL    ; 0000002470607710,22
200505;59274605;BANCO GMAC                                                  ;U;4010;0099999995;TOTAL GERAL DO PASSIVO                            ; 0000006885789573,23
200505;59285411;BCO PANAMERICANO S.A.                                       ;U;4010;0010000007;CIRCULANTE E REALIZAVEL A LONGO PRAZO             ; 0000001857920120,75
200505;59285411;BCO PANAMERICANO S.A.                                       ;U;4010;0011000006;DISPONIBILIDADES                                  ; 0000000001207582,74
200505;59285411;BCO PANAMERICANO S.A.                                       ;U;4010;0011100009;CAIXA                                             ; 0000000000106421,26
200505;59285411;BCO PANAMERICANO S.A.                                       ;U;4010;0011300005;RESERVAS LIVRES                                   ; 0000000000991575,54
200505;59285411;BCO PANAMERICANO S.A.                                       ;U;4010;0011500001;DISPONIBILIDADES EM MOEDAS ESTRANGEIRAS           ; 0000000000109585,94
200505;59285411;BCO PANAMERICANO S.A.                                       ;U;4010;0012000005;APLICACOES INTERFINANCEIRAS DE LIQUIDEZ           ; 0000000168165180,88
200505;59285411;BCO PANAMERICANO S.A.                                       ;U;4010;0012100008;APLICACOES EM OPERACOES COMPROMISSADAS            ; 0000000084500789,78
200505;59285411;BCO PANAMERICANO S.A.                                       ;U;4010;0012200001;APLICACOES EM DEPOSITOS INTERFINANCEIROS          ; 0000000083664391,10
200505;59285411;BCO PANAMERICANO S.A.                                       ;U;4010;0013000004;TITULOS E VAL. MOB. E INST. FINANC. DERIVATIVOS   ; 0000000160693577,11
200505;59285411;BCO PANAMERICANO S.A.                                       ;U;4010;0013100007;LIVRES                                            ; 0000000139543036,38
200505;59285411;BCO PANAMERICANO S.A.                                       ;U;4010;0013200000;VINCULADOS A OPERACOES COMPROMISSADAS             ; 0000000019194989,62
200505;59285411;BCO PANAMERICANO S.A.                                       ;U;4010;0013300003;INSTRUMENTOS FINANCEIROS DERIVATIVOS              ; 0000000001955551,11
200505;59285411;BCO PANAMERICANO S.A.                                       ;U;4010;0014000003;RELACOES INTERFINANCEIRAS                         ; 0000000023622470,81
200505;59285411;BCO PANAMERICANO S.A.                                       ;U;4010;0014100006;DIREITOS JUNTO A PARTIC. DE SISTEMAS DE LIQUIDAÇÃO; 0000000002520669,52
200505;59285411;BCO PANAMERICANO S.A.                                       ;U;4010;0014200009;CREDITOS VINCULADOS                               ; 0000000000444981,55
200505;59285411;BCO PANAMERICANO S.A.                                       ;U;4010;0014400005;RELACOES COM CORRESPONDENTES                      ; 0000000020656819,74
200505;59285411;BCO PANAMERICANO S.A.                                       ;U;4010;0015000002;RELACOES INTERDEPENDENCIAS                        ; 0000000000507956,89
200505;59285411;BCO PANAMERICANO S.A.                                       ;U;4010;0015200008;TRANSFERENCIAS INTERNAS DE RECURSOS               ; 0000000000507956,89
200505;59285411;BCO PANAMERICANO S.A.                                       ;U;4010;0016000001;OPERACOES DE CREDITO                              ; 0000001182963739,95
200505;59285411;BCO PANAMERICANO S.A.                                       ;U;4010;0016100004;EMPRESTIMOS E TITULOS DESCONTADOS                 ; 0000001083285194,49
200505;59285411;BCO PANAMERICANO S.A.                                       ;U;4010;0016200007;FINANCIAMENTOS                                    ; 0000000232412133,19
200505;59285411;BCO PANAMERICANO S.A.                                       ;U;4010;0016900008;(-) PROVISOES PARA OPERACOES DE CREDITO           ;-0000000132733587,73
200505;59285411;BCO PANAMERICANO S.A.                                       ;U;4010;0018000009;OUTROS CREDITOS                                   ; 0000000269619554,92
200505;59285411;BCO PANAMERICANO S.A.                                       ;U;4010;0018800003;DIVERSOS                                          ; 0000000269619554,92
200505;59285411;BCO PANAMERICANO S.A.                                       ;U;4010;0019000008;OUTROS VALORES E BENS                             ; 0000000051140057,45
200505;59285411;BCO PANAMERICANO S.A.                                       ;U;4010;0019800002;OUTROS VALORES E BENS                             ; 0000000029595710,50
200505;59285411;BCO PANAMERICANO S.A.                                       ;U;4010;0019900005;DESPESAS ANTECIPADAS                              ; 0000000021544346,95
200505;59285411;BCO PANAMERICANO S.A.                                       ;U;4010;0020000004;PERMANENTE                                        ; 0000000146455454,99
200505;59285411;BCO PANAMERICANO S.A.                                       ;U;4010;0021000003;INVESTIMENTOS                                     ; 0000000110462238,42
200505;59285411;BCO PANAMERICANO S.A.                                       ;U;4010;0021200009;PARTICIPACOES EM COLIGADAS E CONTROLADAS NO PAIS  ; 0000000108914427,88
200505;59285411;BCO PANAMERICANO S.A.                                       ;U;4010;0021300002;INVESTIMENTOS POR INCENTIVOS FISCAIS              ; 0000000000878210,28
200505;59285411;BCO PANAMERICANO S.A.                                       ;U;4010;0021400005;TITULOS PATRIMONIAIS                              ; 0000000000589401,52
200505;59285411;BCO PANAMERICANO S.A.                                       ;U;4010;0021900000;OUTROS INVESTIMENTOS                              ; 0000000000080198,74
200505;59285411;BCO PANAMERICANO S.A.                                       ;U;4010;0022000002;IMOBILIZADO DE USO                                ; 0000000025408345,06
200505;59285411;BCO PANAMERICANO S.A.                                       ;U;4010;0022300001;IMOVEIS DE USO                                    ; 0000000012658697,63
200505;59285411;BCO PANAMERICANO S.A.                                       ;U;4010;0022400004;INSTALACOES, MOVEIS E EQUIPAMENTOS DE USO         ; 0000000006839892,66
200505;59285411;BCO PANAMERICANO S.A.                                       ;U;4010;0022900009;OUTROS                                            ; 0000000005909754,77
200505;59285411;BCO PANAMERICANO S.A.                                       ;U;4010;0024000000;DIFERIDO                                          ; 0000000010584871,51
200505;59285411;BCO PANAMERICANO S.A.                                       ;U;4010;0024100003;GASTOS DE ORGANIZACAO E EXPANSAO                  ; 0000000010584871,51
200505;59285411;BCO PANAMERICANO S.A.                                       ;U;4010;0030000001;COMPENSACAO                                       ; 0000007700745720,25
200505;59285411;BCO PANAMERICANO S.A.                                       ;U;4010;0030100004;COOBRIGACOES E RISCOS EM GARANTIAS PRESTADAS      ; 0000001011270287,45
200505;59285411;BCO PANAMERICANO S.A.                                       ;U;4010;0030300000;TITULOS E VALORES MOBILIARIOS                     ; 0000000158738026,00
200505;59285411;BCO PANAMERICANO S.A.                                       ;U;4010;0030400003;CUSTODIA DE VALORES                               ; 0000000519986525,04
200505;59285411;BCO PANAMERICANO S.A.                                       ;U;4010;0030500006;COBRANCA                                          ; 0000001441112823,58
200505;59285411;BCO PANAMERICANO S.A.                                       ;U;4010;0030600009;NEGOCIACAO E INTERMEDIACAO DE VALORES             ; 0000001137161524,74
200505;59285411;BCO PANAMERICANO S.A.                                       ;U;4010;0030800005;CONTRATOS                                         ; 0000000159672993,20
200505;59285411;BCO PANAMERICANO S.A.                                       ;U;4010;0030900008;CONTROLE                                          ; 0000001957106212,56
200505;59285411;BCO PANAMERICANO S.A.                                       ;U;4010;0031000000;CLASSIFICACAO DA CARTEIRA DE CREDITOS             ; 0000001315697327,68
200505;59285411;BCO PANAMERICANO S.A.                                       ;U;4010;0031100003;OPERACOES DE RISCO NIVEL AA                       ; 0000000000143864,74
200505;59285411;BCO PANAMERICANO S.A.                                       ;U;4010;0031200006;OPERACOES DE RISCO NIVEL A                        ; 0000001020630903,04
200505;59285411;BCO PANAMERICANO S.A.                                       ;U;4010;0031300009;OPERACOES DE RISCO NIVELB                         ; 0000000051875406,28
200505;59285411;BCO PANAMERICANO S.A.                                       ;U;4010;0031400002;OPERACOES DE RISCO NIVELC                         ; 0000000050740911,03
200505;59285411;BCO PANAMERICANO S.A.                                       ;U;4010;0031500005;OPERACOES DE RISCO NIVEL D                        ; 0000000033747008,99
200505;59285411;BCO PANAMERICANO S.A.                                       ;U;4010;0031600008;OPERACOES DE RISCO NIVEL E                        ; 0000000028139753,75
200505;59285411;BCO PANAMERICANO S.A.                                       ;U;4010;0031700001;OPERACOES DE RISCO NIVEL F                        ; 0000000023956554,41
200505;59285411;BCO PANAMERICANO S.A.                                       ;U;4010;0031800004;OPERACOES DE RISCO NIVEL G                        ; 0000000015561259,48
200505;59285411;BCO PANAMERICANO S.A.                                       ;U;4010;0031900007;OPERACOES DE RISCO NIVEL H                        ; 0000000090901665,96
200505;59285411;BCO PANAMERICANO S.A.                                       ;U;4010;0039999993;TOTAL GERAL DO ATIVO                              ; 0000009705121295,99
200505;59285411;BCO PANAMERICANO S.A.                                       ;U;4010;0040000008;CIRCULANTE EXIGIVEL A LONGO PRAZO                 ; 0000001657774186,81
200505;59285411;BCO PANAMERICANO S.A.                                       ;U;4010;0041000007;DEPOSITOS                                         ; 0000001189257307,73
200505;59285411;BCO PANAMERICANO S.A.                                       ;U;4010;0041100000;DEPOSITOS A VISTA                                 ; 0000000012922849,64
200505;59285411;BCO PANAMERICANO S.A.                                       ;U;4010;0041300006;DEPOSITOS INTERFINANCEIROS                        ; 0000000156480024,41
200505;59285411;BCO PANAMERICANO S.A.                                       ;U;4010;0041500002;DEPOSITOS A PRAZO                                 ; 0000001019830977,58
200505;59285411;BCO PANAMERICANO S.A.                                       ;U;4010;0041900004;OUTROS DEPOSITOS                                  ; 0000000000023456,10
200505;59285411;BCO PANAMERICANO S.A.                                       ;U;4010;0042000006;OBRIGACOES POR OPERACOES COMPROMISSADAS           ; 0000000093466740,89
200505;59285411;BCO PANAMERICANO S.A.                                       ;U;4010;0042100009;CARTEIRA PROPRIA                                  ; 0000000019198505,79
200505;59285411;BCO PANAMERICANO S.A.                                       ;U;4010;0042200002;CARTEIRA DE TERCEIROS                             ; 0000000074268235,10
200505;59285411;BCO PANAMERICANO S.A.                                       ;U;4010;0044000004;RELACOES INTERFINANCEIRAS                         ; 0000000055219633,21
200505;59285411;BCO PANAMERICANO S.A.                                       ;U;4010;0044100007;OBRIGAÇÕES JUNTO A PARTIC. DE SIST. DE LIQUIDACÃO ; 0000000001643676,38
200505;59285411;BCO PANAMERICANO S.A.                                       ;U;4010;0044400006;RELACOES COM CORRESPONDENTES                      ; 0000000053575956,83
200505;59285411;BCO PANAMERICANO S.A.                                       ;U;4010;0045000003;RELACOES INTERDEPENDENCIAS                        ; 0000000000000497,66
200505;59285411;BCO PANAMERICANO S.A.                                       ;U;4010;0045200009;TRANSFERENCIAS INTERNAS DE RECURSOS               ; 0000000000000497,66
200505;59285411;BCO PANAMERICANO S.A.                                       ;U;4010;0047000001;INSTRUMENTOS FINANCEIROS DERIVATIVOS              ; 0000000000037058,33
200505;59285411;BCO PANAMERICANO S.A.                                       ;U;4010;0047100004;INSTRUMENTOS FINANCEIROS DERIVATIVOS              ; 0000000000037058,33
200505;59285411;BCO PANAMERICANO S.A.                                       ;U;4010;0049000009;OUTRAS OBRIGACOES                                 ; 0000000319792948,99
200505;59285411;BCO PANAMERICANO S.A.                                       ;U;4010;0049100002;COBRANCA E ARRECADACAO DE TRIBUTOS E ASSEMELHADOS ; 0000000003996282,77
200505;59285411;BCO PANAMERICANO S.A.                                       ;U;4010;0049200005;CARTEIRA DE CAMBIO                                ; 0000000000000367,66
200505;59285411;BCO PANAMERICANO S.A.                                       ;U;4010;0049400001;FISCAIS E PREVIDENCIARIAS                         ; 0000000007409370,70
200505;59285411;BCO PANAMERICANO S.A.                                       ;U;4010;0049500004;NEGOCIACAO E INTERMEDIACAO DE VALORES             ; 0000000000098488,79
200505;59285411;BCO PANAMERICANO S.A.                                       ;U;4010;0049900006;DIVERSAS                                          ; 0000000308288439,07
200505;59285411;BCO PANAMERICANO S.A.                                       ;U;4010;0060000002;PATRIMONIO LIQUIDO                                ; 0000000321994422,43
200505;59285411;BCO PANAMERICANO S.A.                                       ;U;4010;0061000001;PATRIMONIO LIQUIDO                                ; 0000000321994422,43
200505;59285411;BCO PANAMERICANO S.A.                                       ;U;4010;0061100004;CAPITAL SOCIAL                                    ; 0000000251774392,51
200505;59285411;BCO PANAMERICANO S.A.                                       ;U;4010;0061300000;RESERVAS DE CAPITAL                               ; 0000000007560601,03
200505;59285411;BCO PANAMERICANO S.A.                                       ;U;4010;0061500006;RESERVAS DE LUCROS                                ; 0000000005847651,53
200505;59285411;BCO PANAMERICANO S.A.                                       ;U;4010;0061800005;LUCROS OU PREJUIZOS ACUMULADOS                    ; 0000000056811777,36
200505;59285411;BCO PANAMERICANO S.A.                                       ;U;4010;0070000009;CONTAS DE RESULTADO CREDORAS                      ; 0000000533120202,22
200505;59285411;BCO PANAMERICANO S.A.                                       ;U;4010;0071000008;RECEITAS OPERACIONAIS                             ; 0000000532391097,37
200505;59285411;BCO PANAMERICANO S.A.                                       ;U;4010;0071100001;RENDAS DE OPERACOES DE CREDITO                    ; 0000000452080743,19
200505;59285411;BCO PANAMERICANO S.A.                                       ;U;4010;0071300007;RENDAS DE CAMBIO                                  ; 0000000000241162,90
200505;59285411;BCO PANAMERICANO S.A.                                       ;U;4010;0071400000;RENDAS DE APLICACOES INTERFINANCEIRAS DE LIQUIDEZ ; 0000000009757159,60
200505;59285411;BCO PANAMERICANO S.A.                                       ;U;4010;0071500003;RENDAS COM TIT. E VAL. MOB. E INST. FINANC. DERIV.; 0000000004223798,88
200505;59285411;BCO PANAMERICANO S.A.                                       ;U;4010;0071700009;RENDAS DE PRESTACAO DE SERVICOS                   ; 0000000006314062,40
200505;59285411;BCO PANAMERICANO S.A.                                       ;U;4010;0071800002;RENDAS DE PARTICIPACOES                           ; 0000000006230562,99
200505;59285411;BCO PANAMERICANO S.A.                                       ;U;4010;0071900005;OUTRAS RECEITAS OPERACIONAIS                      ; 0000000053543607,41
200505;59285411;BCO PANAMERICANO S.A.                                       ;U;4010;0073000006;RECEITAS NAO OPERACIONAIS                         ; 0000000000729104,85
200505;59285411;BCO PANAMERICANO S.A.                                       ;U;4010;0073100009;LUCROS EM TRANSACOES COM VALORES E BENS           ; 0000000000729104,85
200505;59285411;BCO PANAMERICANO S.A.                                       ;U;4010;0080000006;(-) CONTAS DE RESULTADO DEVEDORAS                 ;-0000000508513235,72
200505;59285411;BCO PANAMERICANO S.A.                                       ;U;4010;0081000005;(-) DESPESAS OPERACIONAIS                         ;-0000000479802481,05
200505;59285411;BCO PANAMERICANO S.A.                                       ;U;4010;0081100008;(-) DESPESAS DE CAPTACAO                          ;-0000000103533094,85
200505;59285411;BCO PANAMERICANO S.A.                                       ;U;4010;0081200001;(-) DESP DE OBRIGACOES POR EMPRESTIMOS E REPASSES ;-0000000000166853,14
200505;59285411;BCO PANAMERICANO S.A.                                       ;U;4010;0081400007;(-) DESPESAS DE CAMBIO                            ;-0000000000018885,90
200505;59285411;BCO PANAMERICANO S.A.                                       ;U;4010;0081500000;(-) DESP. COM TIT. E VAL. MOB. E INST. FIN. DERIV.;-0000000004540394,47
200505;59285411;BCO PANAMERICANO S.A.                                       ;U;4010;0081700006;(-) DESPESAS ADMINISTRATIVAS                      ;-0000000250608468,71
200505;59285411;BCO PANAMERICANO S.A.                                       ;U;4010;0081800009;(-) APROVISIONAMENTOS E AJUSTES PATRIMONIAIS      ;-0000000103343821,94
200505;59285411;BCO PANAMERICANO S.A.                                       ;U;4010;0081900002;(-) OUTRAS DESPESAS OPERACIONAIS                  ;-0000000017590962,04
200505;59285411;BCO PANAMERICANO S.A.                                       ;U;4010;0083000003;(-) DESPESAS NAO OPERACIONAIS                     ;-0000000019334840,13
200505;59285411;BCO PANAMERICANO S.A.                                       ;U;4010;0083100006;(-) PREJUIZOS EM TRANSACOES COM VALORES E BENS    ;-0000000019330467,50
200505;59285411;BCO PANAMERICANO S.A.                                       ;U;4010;0083900000;(-) OUTRAS DESPESAS NAO OPERACIONAIS              ;-0000000000004372,63
200505;59285411;BCO PANAMERICANO S.A.                                       ;U;4010;0089000007;(-) APURACAO DE RESULTADO                         ;-0000000009375914,54
200505;59285411;BCO PANAMERICANO S.A.                                       ;U;4010;0089400009;(-) IMPOSTO DE RENDA                              ;-0000000009375914,54
200505;59285411;BCO PANAMERICANO S.A.                                       ;U;4010;0090000003;COMPENSACAO                                       ; 0000007700745720,25
200505;59285411;BCO PANAMERICANO S.A.                                       ;U;4010;0090100006;COOBRIGACOES E RISCOS EM GARANTIAS PRESTADAS      ; 0000001011270287,45
200505;59285411;BCO PANAMERICANO S.A.                                       ;U;4010;0090300002;TITULOS E VALORES MOBILIARIOS                     ; 0000000158738026,00
200505;59285411;BCO PANAMERICANO S.A.                                       ;U;4010;0090400005;CUSTODIA DE VALORES                               ; 0000000519986525,04
200505;59285411;BCO PANAMERICANO S.A.                                       ;U;4010;0090500008;COBRANCA                                          ; 0000001441112823,58
200505;59285411;BCO PANAMERICANO S.A.                                       ;U;4010;0090600001;NEGOCIACAO E INTERMEDIACAO DE VALORES             ; 0000001137161524,74
200505;59285411;BCO PANAMERICANO S.A.                                       ;U;4010;0090800007;CONTRATOS                                         ; 0000000159672993,20
200505;59285411;BCO PANAMERICANO S.A.                                       ;U;4010;0090900000;CONTROLE                                          ; 0000001957106212,56
200505;59285411;BCO PANAMERICANO S.A.                                       ;U;4010;0091000002;CLASSIFICACAO DA CARTEIRA DE CREDITOS             ; 0000001315697327,68
200505;59285411;BCO PANAMERICANO S.A.                                       ;U;4010;0091100005;OPERACOES DE CREDITOS E ARRENDAMENTO MERCANTIL    ; 0000001315697327,68
200505;59285411;BCO PANAMERICANO S.A.                                       ;U;4010;0099999995;TOTAL GERAL DO PASSIVO                            ; 0000009705121295,99
200505;59438325;BRADESCO CARTÕES                                            ;U;4010;0010000007;CIRCULANTE E REALIZAVEL A LONGO PRAZO             ; 0000000368174218,08
200505;59438325;BRADESCO CARTÕES                                            ;U;4010;0011000006;DISPONIBILIDADES                                  ; 0000000001595274,03
200505;59438325;BRADESCO CARTÕES                                            ;U;4010;0011200002;DEPOSITOS BANCARIOS                               ; 0000000000067725,10
200505;59438325;BRADESCO CARTÕES                                            ;U;4010;0011500001;DISPONIBILIDADES EM MOEDAS ESTRANGEIRAS           ; 0000000001527548,93
200505;59438325;BRADESCO CARTÕES                                            ;U;4010;0012000005;APLICACOES INTERFINANCEIRAS DE LIQUIDEZ           ; 0000000140032957,32
200505;59438325;BRADESCO CARTÕES                                            ;U;4010;0012100008;APLICACOES EM OPERACOES COMPROMISSADAS            ; 0000000135947857,32
200505;59438325;BRADESCO CARTÕES                                            ;U;4010;0012600003;APLICA OES EM MOEDAS ESTRANGEIRAS                 ; 0000000004085100,00
200505;59438325;BRADESCO CARTÕES                                            ;U;4010;0013000004;TITULOS E VAL. MOB. E INST. FINANC. DERIVATIVOS   ; 0000000017483230,60
200505;59438325;BRADESCO CARTÕES                                            ;U;4010;0013100007;LIVRES                                            ; 0000000008905684,29
200505;59438325;BRADESCO CARTÕES                                            ;U;4010;0013300003;INSTRUMENTOS FINANCEIROS DERIVATIVOS              ; 0000000002623402,91
200505;59438325;BRADESCO CARTÕES                                            ;U;4010;0013600002;VINCULADOS A PRESTACAO DE GARANTIAS               ; 0000000005954143,40
200505;59438325;BRADESCO CARTÕES                                            ;U;4010;0014000003;RELACOES INTERFINANCEIRAS                         ; 0000000005503924,32
200505;59438325;BRADESCO CARTÕES                                            ;U;4010;0014100006;DIREITOS JUNTO A PARTIC. DE SISTEMAS DE LIQUIDAÇÃO; 0000000000443384,09
200505;59438325;BRADESCO CARTÕES                                            ;U;4010;0014200009;CREDITOS VINCULADOS                               ; 0000000004919395,16
200505;59438325;BRADESCO CARTÕES                                            ;U;4010;0014400005;RELACOES COM CORRESPONDENTES                      ; 0000000000141145,07
200505;59438325;BRADESCO CARTÕES                                            ;U;4010;0016000001;OPERACOES DE CREDITO                              ; 0000000171903228,98
200505;59438325;BRADESCO CARTÕES                                            ;U;4010;0016100004;EMPRESTIMOS E TITULOS DESCONTADOS                 ; 0000000038759106,95
200505;59438325;BRADESCO CARTÕES                                            ;U;4010;0016200007;FINANCIAMENTOS                                    ; 0000000147072926,55
200505;59438325;BRADESCO CARTÕES                                            ;U;4010;0016900008;(-) PROVISOES PARA OPERACOES DE CREDITO           ;-0000000013928804,52
200505;59438325;BRADESCO CARTÕES                                            ;U;4010;0018000009;OUTROS CREDITOS                                   ; 0000000029783246,57
200505;59438325;BRADESCO CARTÕES                                            ;U;4010;0018200005;CARTEIRA DE CAMBIO                                ; 0000000009726435,78
200505;59438325;BRADESCO CARTÕES                                            ;U;4010;0018400001;NEGOCIACAO E INTERMEDIACAO DE VALORES             ; 0000000000839484,78
200505;59438325;BRADESCO CARTÕES                                            ;U;4010;0018800003;DIVERSOS                                          ; 0000000019222475,33
200505;59438325;BRADESCO CARTÕES                                            ;U;4010;0018900006;(-) PROVISOES PARA OUTROS CREDITOS                ;-0000000000005149,32
200505;59438325;BRADESCO CARTÕES                                            ;U;4010;0019000008;OUTROS VALORES E BENS                             ; 0000000001872356,26
200505;59438325;BRADESCO CARTÕES                                            ;U;4010;0019800002;OUTROS VALORES E BENS                             ; 0000000001749401,58
200505;59438325;BRADESCO CARTÕES                                            ;U;4010;0019900005;DESPESAS ANTECIPADAS                              ; 0000000000122954,68
200505;59438325;BRADESCO CARTÕES                                            ;U;4010;0020000004;PERMANENTE                                        ; 0000000030277610,81
200505;59438325;BRADESCO CARTÕES                                            ;U;4010;0021000003;INVESTIMENTOS                                     ; 0000000024458778,16
200505;59438325;BRADESCO CARTÕES                                            ;U;4010;0021100006;INVESTIMENTOS NO EXTERIOR                         ; 0000000002051349,35
200505;59438325;BRADESCO CARTÕES                                            ;U;4010;0021200009;PARTICIPACOES EM COLIGADAS E CONTROLADAS NO PAIS  ; 0000000022196393,26
200505;59438325;BRADESCO CARTÕES                                            ;U;4010;0021400005;TITULOS PATRIMONIAIS                              ; 0000000000211035,55
200505;59438325;BRADESCO CARTÕES                                            ;U;4010;0022000002;IMOBILIZADO DE USO                                ; 0000000003492489,47
200505;59438325;BRADESCO CARTÕES                                            ;U;4010;0022100005;MOVEIS E EQUIPAMENTOS EM ESTOQUE                  ; 0000000000000832,22
200505;59438325;BRADESCO CARTÕES                                            ;U;4010;0022400004;INSTALACOES, MOVEIS E EQUIPAMENTOS DE USO         ; 0000000000600482,89
200505;59438325;BRADESCO CARTÕES                                            ;U;4010;0022900009;OUTROS                                            ; 0000000002891174,36
200505;59438325;BRADESCO CARTÕES                                            ;U;4010;0024000000;DIFERIDO                                          ; 0000000002326343,18
200505;59438325;BRADESCO CARTÕES                                            ;U;4010;0024100003;GASTOS DE ORGANIZACAO E EXPANSAO                  ; 0000000002326343,18
200505;59438325;BRADESCO CARTÕES                                            ;U;4010;0030000001;COMPENSACAO                                       ; 0000008087379227,87
200505;59438325;BRADESCO CARTÕES                                            ;U;4010;0030300000;TITULOS E VALORES MOBILIARIOS                     ; 0000000029719655,38
200505;59438325;BRADESCO CARTÕES                                            ;U;4010;0030400003;CUSTODIA DE VALORES                               ; 0000000656287692,29
200505;59438325;BRADESCO CARTÕES                                            ;U;4010;0030500006;COBRANCA                                          ; 0000000000294901,53
200505;59438325;BRADESCO CARTÕES                                            ;U;4010;0030600009;NEGOCIACAO E INTERMEDIACAO DE VALORES             ; 0000000553075000,04
200505;59438325;BRADESCO CARTÕES                                            ;U;4010;0030800005;CONTRATOS                                         ; 0000000008200000,00
200505;59438325;BRADESCO CARTÕES                                            ;U;4010;0030900008;CONTROLE                                          ; 0000006653455013,55
200505;59438325;BRADESCO CARTÕES                                            ;U;4010;0031000000;CLASSIFICACAO DA CARTEIRA DE CREDITOS             ; 0000000186346965,08
200505;59438325;BRADESCO CARTÕES                                            ;U;4010;0031100003;OPERACOES DE RISCO NIVEL AA                       ; 0000000020211985,52
200505;59438325;BRADESCO CARTÕES                                            ;U;4010;0031200006;OPERACOES DE RISCO NIVEL A                        ; 0000000127871256,90
200505;59438325;BRADESCO CARTÕES                                            ;U;4010;0031300009;OPERACOES DE RISCO NIVELB                         ; 0000000002889522,61
200505;59438325;BRADESCO CARTÕES                                            ;U;4010;0031400002;OPERACOES DE RISCO NIVELC                         ; 0000000002772136,45
200505;59438325;BRADESCO CARTÕES                                            ;U;4010;0031500005;OPERACOES DE RISCO NIVEL D                        ; 0000000018183960,69
200505;59438325;BRADESCO CARTÕES                                            ;U;4010;0031600008;OPERACOES DE RISCO NIVEL E                        ; 0000000002221498,09
200505;59438325;BRADESCO CARTÕES                                            ;U;4010;0031700001;OPERACOES DE RISCO NIVEL F                        ; 0000000002022747,98
200505;59438325;BRADESCO CARTÕES                                            ;U;4010;0031800004;OPERACOES DE RISCO NIVEL G                        ; 0000000001625126,97
200505;59438325;BRADESCO CARTÕES                                            ;U;4010;0031900007;OPERACOES DE RISCO NIVEL H                        ; 0000000008548729,87
200505;59438325;BRADESCO CARTÕES                                            ;U;4010;0039999993;TOTAL GERAL DO ATIVO                              ; 0000008485831056,76
200505;59438325;BRADESCO CARTÕES                                            ;U;4010;0040000008;CIRCULANTE EXIGIVEL A LONGO PRAZO                 ; 0000000289657986,76
200505;59438325;BRADESCO CARTÕES                                            ;U;4010;0041000007;DEPOSITOS                                         ; 0000000256873795,15
200505;59438325;BRADESCO CARTÕES                                            ;U;4010;0041100000;DEPOSITOS A VISTA                                 ; 0000000007410812,37
200505;59438325;BRADESCO CARTÕES                                            ;U;4010;0041300006;DEPOSITOS INTERFINANCEIROS                        ; 0000000200566029,65
200505;59438325;BRADESCO CARTÕES                                            ;U;4010;0041500002;DEPOSITOS A PRAZO                                 ; 0000000048896953,13
200505;59438325;BRADESCO CARTÕES                                            ;U;4010;0044000004;RELACOES INTERFINANCEIRAS                         ; 0000000000010357,56
200505;59438325;BRADESCO CARTÕES                                            ;U;4010;0044100007;OBRIGAÇÕES JUNTO A PARTIC. DE SIST. DE LIQUIDACÃO ; 0000000000010357,56
200505;59438325;BRADESCO CARTÕES                                            ;U;4010;0045000003;RELACOES INTERDEPENDENCIAS                        ; 0000000000275958,38
200505;59438325;BRADESCO CARTÕES                                            ;U;4010;0045100006;RECURSOS EM TRANSITO DE TERCEIROS                 ; 0000000000275958,38
200505;59438325;BRADESCO CARTÕES                                            ;U;4010;0047000001;INSTRUMENTOS FINANCEIROS DERIVATIVOS              ; 0000000002602066,51
200505;59438325;BRADESCO CARTÕES                                            ;U;4010;0047100004;INSTRUMENTOS FINANCEIROS DERIVATIVOS              ; 0000000002602066,51
200505;59438325;BRADESCO CARTÕES                                            ;U;4010;0049000009;OUTRAS OBRIGACOES                                 ; 0000000029895809,16
200505;59438325;BRADESCO CARTÕES                                            ;U;4010;0049200005;CARTEIRA DE CAMBIO                                ; 0000000009640220,17
200505;59438325;BRADESCO CARTÕES                                            ;U;4010;0049400001;FISCAIS E PREVIDENCIARIAS                         ; 0000000006286924,52
200505;59438325;BRADESCO CARTÕES                                            ;U;4010;0049500004;NEGOCIACAO E INTERMEDIACAO DE VALORES             ; 0000000000177518,51
200505;59438325;BRADESCO CARTÕES                                            ;U;4010;0049900006;DIVERSAS                                          ; 0000000013791145,96
200505;59438325;BRADESCO CARTÕES                                            ;U;4010;0060000002;PATRIMONIO LIQUIDO                                ; 0000000111952753,63
200505;59438325;BRADESCO CARTÕES                                            ;U;4010;0061000001;PATRIMONIO LIQUIDO                                ; 0000000111952753,63
200505;59438325;BRADESCO CARTÕES                                            ;U;4010;0061100004;CAPITAL SOCIAL                                    ; 0000000134064000,00
200505;59438325;BRADESCO CARTÕES                                            ;U;4010;0061300000;RESERVAS DE CAPITAL                               ; 0000000000274629,36
200505;59438325;BRADESCO CARTÕES                                            ;U;4010;0061800005;LUCROS OU PREJUIZOS ACUMULADOS                    ;-0000000022385875,73
200505;59438325;BRADESCO CARTÕES                                            ;U;4010;0070000009;CONTAS DE RESULTADO CREDORAS                      ; 0000000098337079,39
200505;59438325;BRADESCO CARTÕES                                            ;U;4010;0071000008;RECEITAS OPERACIONAIS                             ; 0000000098318840,81
200505;59438325;BRADESCO CARTÕES                                            ;U;4010;0071100001;RENDAS DE OPERACOES DE CREDITO                    ; 0000000032591279,24
200505;59438325;BRADESCO CARTÕES                                            ;U;4010;0071300007;RENDAS DE CAMBIO                                  ; 0000000010195546,68
200505;59438325;BRADESCO CARTÕES                                            ;U;4010;0071400000;RENDAS DE APLICACOES INTERFINANCEIRAS DE LIQUIDEZ ; 0000000008052297,00
200505;59438325;BRADESCO CARTÕES                                            ;U;4010;0071500003;RENDAS COM TIT. E VAL. MOB. E INST. FINANC. DERIV.; 0000000042865942,84
200505;59438325;BRADESCO CARTÕES                                            ;U;4010;0071700009;RENDAS DE PRESTACAO DE SERVICOS                   ; 0000000001411387,24
200505;59438325;BRADESCO CARTÕES                                            ;U;4010;0071800002;RENDAS DE PARTICIPACOES                           ; 0000000000538398,96
200505;59438325;BRADESCO CARTÕES                                            ;U;4010;0071900005;OUTRAS RECEITAS OPERACIONAIS                      ; 0000000002663988,85
200505;59438325;BRADESCO CARTÕES                                            ;U;4010;0073000006;RECEITAS NAO OPERACIONAIS                         ; 0000000000018238,58
200505;59438325;BRADESCO CARTÕES                                            ;U;4010;0073900003;OUTRAS RECEITAS NAO OPERACIONAIS                  ; 0000000000018238,58
200505;59438325;BRADESCO CARTÕES                                            ;U;4010;0080000006;(-) CONTAS DE RESULTADO DEVEDORAS                 ;-0000000101495990,89
200505;59438325;BRADESCO CARTÕES                                            ;U;4010;0081000005;(-) DESPESAS OPERACIONAIS                         ;-0000000099544841,21
200505;59438325;BRADESCO CARTÕES                                            ;U;4010;0081100008;(-) DESPESAS DE CAPTACAO                          ;-0000000016953868,41
200505;59438325;BRADESCO CARTÕES                                            ;U;4010;0081200001;(-) DESP DE OBRIGACOES POR EMPRESTIMOS E REPASSES ;-0000000000054869,45
200505;59438325;BRADESCO CARTÕES                                            ;U;4010;0081400007;(-) DESPESAS DE CAMBIO                            ;-0000000010107826,70
200505;59438325;BRADESCO CARTÕES                                            ;U;4010;0081500000;(-) DESP. COM TIT. E VAL. MOB. E INST. FIN. DERIV.;-0000000039120827,71
200505;59438325;BRADESCO CARTÕES                                            ;U;4010;0081600003;(-) DESPESAS DE PARTICIPACOES                     ;-0000000000098894,71
200505;59438325;BRADESCO CARTÕES                                            ;U;4010;0081700006;(-) DESPESAS ADMINISTRATIVAS                      ;-0000000023691916,56
200505;59438325;BRADESCO CARTÕES                                            ;U;4010;0081800009;(-) APROVISIONAMENTOS E AJUSTES PATRIMONIAIS      ;-0000000008027431,51
200505;59438325;BRADESCO CARTÕES                                            ;U;4010;0081900002;(-) OUTRAS DESPESAS OPERACIONAIS                  ;-0000000001489206,16
200505;59438325;BRADESCO CARTÕES                                            ;U;4010;0083000003;(-) DESPESAS NAO OPERACIONAIS                     ;-0000000000075396,26
200505;59438325;BRADESCO CARTÕES                                            ;U;4010;0083900000;(-) OUTRAS DESPESAS NAO OPERACIONAIS              ;-0000000000075396,26
200505;59438325;BRADESCO CARTÕES                                            ;U;4010;0089000007;(-) APURACAO DE RESULTADO                         ;-0000000001875753,42
200505;59438325;BRADESCO CARTÕES                                            ;U;4010;0089400009;(-) IMPOSTO DE RENDA                              ;-0000000001875753,42
200505;59438325;BRADESCO CARTÕES                                            ;U;4010;0090000003;COMPENSACAO                                       ; 0000008087379227,87
200505;59438325;BRADESCO CARTÕES                                            ;U;4010;0090300002;TITULOS E VALORES MOBILIARIOS                     ; 0000000029719655,38
200505;59438325;BRADESCO CARTÕES                                            ;U;4010;0090400005;CUSTODIA DE VALORES                               ; 0000000656287692,29
200505;59438325;BRADESCO CARTÕES                                            ;U;4010;0090500008;COBRANCA                                          ; 0000000000294901,53
200505;59438325;BRADESCO CARTÕES                                            ;U;4010;0090600001;NEGOCIACAO E INTERMEDIACAO DE VALORES             ; 0000000553075000,04
200505;59438325;BRADESCO CARTÕES                                            ;U;4010;0090800007;CONTRATOS                                         ; 0000000008200000,00
200505;59438325;BRADESCO CARTÕES                                            ;U;4010;0090900000;CONTROLE                                          ; 0000006653455013,55
200505;59438325;BRADESCO CARTÕES                                            ;U;4010;0091000002;CLASSIFICACAO DA CARTEIRA DE CREDITOS             ; 0000000186346965,08
200505;59438325;BRADESCO CARTÕES                                            ;U;4010;0091100005;OPERACOES DE CREDITOS E ARRENDAMENTO MERCANTIL    ; 0000000186346965,08
200505;59438325;BRADESCO CARTÕES                                            ;U;4010;0099999995;TOTAL GERAL DO PASSIVO                            ; 0000008485831056,76
200505;59461152;BCO ITAUCRED FINANC S.A.                                    ;U;4010;0010000007;CIRCULANTE E REALIZAVEL A LONGO PRAZO             ; 0000000456261869,87
200505;59461152;BCO ITAUCRED FINANC S.A.                                    ;U;4010;0011000006;DISPONIBILIDADES                                  ; 0000000001825306,29
200505;59461152;BCO ITAUCRED FINANC S.A.                                    ;U;4010;0011100009;CAIXA                                             ; 0000000000525240,00
200505;59461152;BCO ITAUCRED FINANC S.A.                                    ;U;4010;0011200002;DEPOSITOS BANCARIOS                               ; 0000000001300066,29
200505;59461152;BCO ITAUCRED FINANC S.A.                                    ;U;4010;0012000005;APLICACOES INTERFINANCEIRAS DE LIQUIDEZ           ; 0000000171431669,70
200505;59461152;BCO ITAUCRED FINANC S.A.                                    ;U;4010;0012100008;APLICACOES EM OPERACOES COMPROMISSADAS            ; 0000000002899301,81
200505;59461152;BCO ITAUCRED FINANC S.A.                                    ;U;4010;0012200001;APLICACOES EM DEPOSITOS INTERFINANCEIROS          ; 0000000168532367,89
200505;59461152;BCO ITAUCRED FINANC S.A.                                    ;U;4010;0013000004;TITULOS E VAL. MOB. E INST. FINANC. DERIVATIVOS   ; 0000000006556677,02
200505;59461152;BCO ITAUCRED FINANC S.A.                                    ;U;4010;0013100007;LIVRES                                            ; 0000000006201025,60
200505;59461152;BCO ITAUCRED FINANC S.A.                                    ;U;4010;0013600002;VINCULADOS A PRESTACAO DE GARANTIAS               ; 0000000000355651,42
200505;59461152;BCO ITAUCRED FINANC S.A.                                    ;U;4010;0016000001;OPERACOES DE CREDITO                              ; 0000000200728462,76
200505;59461152;BCO ITAUCRED FINANC S.A.                                    ;U;4010;0016100004;EMPRESTIMOS E TITULOS DESCONTADOS                 ; 0000000147417983,60
200505;59461152;BCO ITAUCRED FINANC S.A.                                    ;U;4010;0016200007;FINANCIAMENTOS                                    ; 0000000079231975,00
200505;59461152;BCO ITAUCRED FINANC S.A.                                    ;U;4010;0016900008;(-) PROVISOES PARA OPERACOES DE CREDITO           ;-0000000025921495,84
200505;59461152;BCO ITAUCRED FINANC S.A.                                    ;U;4010;0018000009;OUTROS CREDITOS                                   ; 0000000064930079,19
200505;59461152;BCO ITAUCRED FINANC S.A.                                    ;U;4010;0018800003;DIVERSOS                                          ; 0000000064930079,19
200505;59461152;BCO ITAUCRED FINANC S.A.                                    ;U;4010;0019000008;OUTROS VALORES E BENS                             ; 0000000010789674,91
200505;59461152;BCO ITAUCRED FINANC S.A.                                    ;U;4010;0019800002;OUTROS VALORES E BENS                             ; 0000000010585058,10
200505;59461152;BCO ITAUCRED FINANC S.A.                                    ;U;4010;0019900005;DESPESAS ANTECIPADAS                              ; 0000000000204616,81
200505;59461152;BCO ITAUCRED FINANC S.A.                                    ;U;4010;0020000004;PERMANENTE                                        ; 0000000002121677,09
200505;59461152;BCO ITAUCRED FINANC S.A.                                    ;U;4010;0021000003;INVESTIMENTOS                                     ; 0000000000204989,06
200505;59461152;BCO ITAUCRED FINANC S.A.                                    ;U;4010;0021300002;INVESTIMENTOS POR INCENTIVOS FISCAIS              ; 0000000000204989,06
200505;59461152;BCO ITAUCRED FINANC S.A.                                    ;U;4010;0022000002;IMOBILIZADO DE USO                                ; 0000000001136990,09
200505;59461152;BCO ITAUCRED FINANC S.A.                                    ;U;4010;0022400004;INSTALACOES, MOVEIS E EQUIPAMENTOS DE USO         ; 0000000000081094,19
200505;59461152;BCO ITAUCRED FINANC S.A.                                    ;U;4010;0022900009;OUTROS                                            ; 0000000001055895,90
200505;59461152;BCO ITAUCRED FINANC S.A.                                    ;U;4010;0024000000;DIFERIDO                                          ; 0000000000779697,94
200505;59461152;BCO ITAUCRED FINANC S.A.                                    ;U;4010;0024100003;GASTOS DE ORGANIZACAO E EXPANSAO                  ; 0000000000779697,94
200505;59461152;BCO ITAUCRED FINANC S.A.                                    ;U;4010;0030000001;COMPENSACAO                                       ; 0000004630116944,37
200505;59461152;BCO ITAUCRED FINANC S.A.                                    ;U;4010;0030300000;TITULOS E VALORES MOBILIARIOS                     ; 0000000013113354,04
200505;59461152;BCO ITAUCRED FINANC S.A.                                    ;U;4010;0030400003;CUSTODIA DE VALORES                               ; 0000004017740397,44
200505;59461152;BCO ITAUCRED FINANC S.A.                                    ;U;4010;0030500006;COBRANCA                                          ; 0000000037880172,69
200505;59461152;BCO ITAUCRED FINANC S.A.                                    ;U;4010;0030600009;NEGOCIACAO E INTERMEDIACAO DE VALORES             ; 0000000016123139,65
200505;59461152;BCO ITAUCRED FINANC S.A.                                    ;U;4010;0030800005;CONTRATOS                                         ; 0000000020000000,00
200505;59461152;BCO ITAUCRED FINANC S.A.                                    ;U;4010;0030900008;CONTROLE                                          ; 0000000298609921,95
200505;59461152;BCO ITAUCRED FINANC S.A.                                    ;U;4010;0031000000;CLASSIFICACAO DA CARTEIRA DE CREDITOS             ; 0000000226649958,60
200505;59461152;BCO ITAUCRED FINANC S.A.                                    ;U;4010;0031100003;OPERACOES DE RISCO NIVEL AA                       ; 0000000000000959,23
200505;59461152;BCO ITAUCRED FINANC S.A.                                    ;U;4010;0031200006;OPERACOES DE RISCO NIVEL A                        ; 0000000053111426,09
200505;59461152;BCO ITAUCRED FINANC S.A.                                    ;U;4010;0031300009;OPERACOES DE RISCO NIVELB                         ; 0000000046548830,50
200505;59461152;BCO ITAUCRED FINANC S.A.                                    ;U;4010;0031400002;OPERACOES DE RISCO NIVELC                         ; 0000000051889962,04
200505;59461152;BCO ITAUCRED FINANC S.A.                                    ;U;4010;0031500005;OPERACOES DE RISCO NIVEL D                        ; 0000000038709319,48
200505;59461152;BCO ITAUCRED FINANC S.A.                                    ;U;4010;0031600008;OPERACOES DE RISCO NIVEL E                        ; 0000000017309700,48
200505;59461152;BCO ITAUCRED FINANC S.A.                                    ;U;4010;0031700001;OPERACOES DE RISCO NIVEL F                        ; 0000000007899589,76
200505;59461152;BCO ITAUCRED FINANC S.A.                                    ;U;4010;0031800004;OPERACOES DE RISCO NIVEL G                        ; 0000000001866854,85
200505;59461152;BCO ITAUCRED FINANC S.A.                                    ;U;4010;0031900007;OPERACOES DE RISCO NIVEL H                        ; 0000000009313316,17
200505;59461152;BCO ITAUCRED FINANC S.A.                                    ;U;4010;0039999993;TOTAL GERAL DO ATIVO                              ; 0000005088500491,33
200505;59461152;BCO ITAUCRED FINANC S.A.                                    ;U;4010;0040000008;CIRCULANTE EXIGIVEL A LONGO PRAZO                 ; 0000000277517038,92
200505;59461152;BCO ITAUCRED FINANC S.A.                                    ;U;4010;0041000007;DEPOSITOS                                         ; 0000000248417951,77
200505;59461152;BCO ITAUCRED FINANC S.A.                                    ;U;4010;0041300006;DEPOSITOS INTERFINANCEIROS                        ; 0000000248417951,77
200505;59461152;BCO ITAUCRED FINANC S.A.                                    ;U;4010;0047000001;INSTRUMENTOS FINANCEIROS DERIVATIVOS              ; 0000000003383929,13
200505;59461152;BCO ITAUCRED FINANC S.A.                                    ;U;4010;0047100004;INSTRUMENTOS FINANCEIROS DERIVATIVOS              ; 0000000003383929,13
200505;59461152;BCO ITAUCRED FINANC S.A.                                    ;U;4010;0049000009;OUTRAS OBRIGACOES                                 ; 0000000025715158,02
200505;59461152;BCO ITAUCRED FINANC S.A.                                    ;U;4010;0049100002;COBRANCA E ARRECADACAO DE TRIBUTOS E ASSEMELHADOS ; 0000000000080748,30
200505;59461152;BCO ITAUCRED FINANC S.A.                                    ;U;4010;0049300008;SOCIAIS E ESTATUTARIAS                            ; 0000000001432000,00
200505;59461152;BCO ITAUCRED FINANC S.A.                                    ;U;4010;0049400001;FISCAIS E PREVIDENCIARIAS                         ; 0000000003615721,07
200505;59461152;BCO ITAUCRED FINANC S.A.                                    ;U;4010;0049900006;DIVERSAS                                          ; 0000000020586688,65
200505;59461152;BCO ITAUCRED FINANC S.A.                                    ;U;4010;0060000002;PATRIMONIO LIQUIDO                                ; 0000000184865519,03
200505;59461152;BCO ITAUCRED FINANC S.A.                                    ;U;4010;0061000001;PATRIMONIO LIQUIDO                                ; 0000000184865519,03
200505;59461152;BCO ITAUCRED FINANC S.A.                                    ;U;4010;0061100004;CAPITAL SOCIAL                                    ; 0000000103087987,43
200505;59461152;BCO ITAUCRED FINANC S.A.                                    ;U;4010;0061300000;RESERVAS DE CAPITAL                               ; 0000000005935827,97
200505;59461152;BCO ITAUCRED FINANC S.A.                                    ;U;4010;0061500006;RESERVAS DE LUCROS                                ; 0000000075835941,98
200505;59461152;BCO ITAUCRED FINANC S.A.                                    ;U;4010;0061600009;AJUSTES DE AVALIACAO PATRIMONIAL                  ; 0000000000005761,65
200505;59461152;BCO ITAUCRED FINANC S.A.                                    ;U;4010;0070000009;CONTAS DE RESULTADO CREDORAS                      ; 0000000094460528,20
200505;59461152;BCO ITAUCRED FINANC S.A.                                    ;U;4010;0071000008;RECEITAS OPERACIONAIS                             ; 0000000091943097,69
200505;59461152;BCO ITAUCRED FINANC S.A.                                    ;U;4010;0071100001;RENDAS DE OPERACOES DE CREDITO                    ; 0000000059206620,21
200505;59461152;BCO ITAUCRED FINANC S.A.                                    ;U;4010;0071400000;RENDAS DE APLICACOES INTERFINANCEIRAS DE LIQUIDEZ ; 0000000013233067,11
200505;59461152;BCO ITAUCRED FINANC S.A.                                    ;U;4010;0071500003;RENDAS COM TIT. E VAL. MOB. E INST. FINANC. DERIV.; 0000000000620669,88
200505;59461152;BCO ITAUCRED FINANC S.A.                                    ;U;4010;0071700009;RENDAS DE PRESTACAO DE SERVICOS                   ; 0000000009536843,40
200505;59461152;BCO ITAUCRED FINANC S.A.                                    ;U;4010;0071900005;OUTRAS RECEITAS OPERACIONAIS                      ; 0000000009345897,09
200505;59461152;BCO ITAUCRED FINANC S.A.                                    ;U;4010;0073000006;RECEITAS NAO OPERACIONAIS                         ; 0000000002517430,51
200505;59461152;BCO ITAUCRED FINANC S.A.                                    ;U;4010;0073100009;LUCROS EM TRANSACOES COM VALORES E BENS           ; 0000000000086161,86
200505;59461152;BCO ITAUCRED FINANC S.A.                                    ;U;4010;0073900003;OUTRAS RECEITAS NAO OPERACIONAIS                  ; 0000000002431268,65
200505;59461152;BCO ITAUCRED FINANC S.A.                                    ;U;4010;0080000006;(-) CONTAS DE RESULTADO DEVEDORAS                 ;-0000000098459539,19
200505;59461152;BCO ITAUCRED FINANC S.A.                                    ;U;4010;0081000005;(-) DESPESAS OPERACIONAIS                         ;-0000000093795266,46
200505;59461152;BCO ITAUCRED FINANC S.A.                                    ;U;4010;0081100008;(-) DESPESAS DE CAPTACAO                          ;-0000000019996133,63
200505;59461152;BCO ITAUCRED FINANC S.A.                                    ;U;4010;0081500000;(-) DESP. COM TIT. E VAL. MOB. E INST. FIN. DERIV.;-0000000001674671,94
200505;59461152;BCO ITAUCRED FINANC S.A.                                    ;U;4010;0081700006;(-) DESPESAS ADMINISTRATIVAS                      ;-0000000049872791,98
200505;59461152;BCO ITAUCRED FINANC S.A.                                    ;U;4010;0081800009;(-) APROVISIONAMENTOS E AJUSTES PATRIMONIAIS      ;-0000000013978097,50
200505;59461152;BCO ITAUCRED FINANC S.A.                                    ;U;4010;0081900002;(-) OUTRAS DESPESAS OPERACIONAIS                  ;-0000000008273571,41
200505;59461152;BCO ITAUCRED FINANC S.A.                                    ;U;4010;0083000003;(-) DESPESAS NAO OPERACIONAIS                     ;-0000000000851833,36
200505;59461152;BCO ITAUCRED FINANC S.A.                                    ;U;4010;0083100006;(-) PREJUIZOS EM TRANSACOES COM VALORES E BENS    ;-0000000000659862,58
200505;59461152;BCO ITAUCRED FINANC S.A.                                    ;U;4010;0083900000;(-) OUTRAS DESPESAS NAO OPERACIONAIS              ;-0000000000191970,78
200505;59461152;BCO ITAUCRED FINANC S.A.                                    ;U;4010;0089000007;(-) APURACAO DE RESULTADO                         ;-0000000003812439,37
200505;59461152;BCO ITAUCRED FINANC S.A.                                    ;U;4010;0089400009;(-) IMPOSTO DE RENDA                              ;-0000000000973152,30
200505;59461152;BCO ITAUCRED FINANC S.A.                                    ;U;4010;0089700008;(-) PARTICIPACOES NO LUCRO                        ;-0000000002839287,07
200505;59461152;BCO ITAUCRED FINANC S.A.                                    ;U;4010;0090000003;COMPENSACAO                                       ; 0000004630116944,37
200505;59461152;BCO ITAUCRED FINANC S.A.                                    ;U;4010;0090300002;TITULOS E VALORES MOBILIARIOS                     ; 0000000013113354,04
200505;59461152;BCO ITAUCRED FINANC S.A.                                    ;U;4010;0090400005;CUSTODIA DE VALORES                               ; 0000004017740397,44
200505;59461152;BCO ITAUCRED FINANC S.A.                                    ;U;4010;0090500008;COBRANCA                                          ; 0000000037880172,69
200505;59461152;BCO ITAUCRED FINANC S.A.                                    ;U;4010;0090600001;NEGOCIACAO E INTERMEDIACAO DE VALORES             ; 0000000016123139,65
200505;59461152;BCO ITAUCRED FINANC S.A.                                    ;U;4010;0090800007;CONTRATOS                                         ; 0000000020000000,00
200505;59461152;BCO ITAUCRED FINANC S.A.                                    ;U;4010;0090900000;CONTROLE                                          ; 0000000298609921,95
200505;59461152;BCO ITAUCRED FINANC S.A.                                    ;U;4010;0091000002;CLASSIFICACAO DA CARTEIRA DE CREDITOS             ; 0000000226649958,60
200505;59461152;BCO ITAUCRED FINANC S.A.                                    ;U;4010;0091100005;OPERACOES DE CREDITOS E ARRENDAMENTO MERCANTIL    ; 0000000226649958,60
200505;59461152;BCO ITAUCRED FINANC S.A.                                    ;U;4010;0099999995;TOTAL GERAL DO PASSIVO                            ; 0000005088500491,33
200505;59588111;BCO VOTORANTIM S.A.                                         ;U;4010;0010000007;CIRCULANTE E REALIZAVEL A LONGO PRAZO             ; 0000033438307437,99
200505;59588111;BCO VOTORANTIM S.A.                                         ;U;4010;0011000006;DISPONIBILIDADES                                  ; 0000000001061768,28
200505;59588111;BCO VOTORANTIM S.A.                                         ;U;4010;0011100009;CAIXA                                             ; 0000000000220646,01
200505;59588111;BCO VOTORANTIM S.A.                                         ;U;4010;0011200002;DEPOSITOS BANCARIOS                               ; 0000000000001899,65
200505;59588111;BCO VOTORANTIM S.A.                                         ;U;4010;0011300005;RESERVAS LIVRES                                   ; 0000000000097362,89
200505;59588111;BCO VOTORANTIM S.A.                                         ;U;4010;0011500001;DISPONIBILIDADES EM MOEDAS ESTRANGEIRAS           ; 0000000000741859,73
200505;59588111;BCO VOTORANTIM S.A.                                         ;U;4010;0012000005;APLICACOES INTERFINANCEIRAS DE LIQUIDEZ           ; 0000016852897095,86
200505;59588111;BCO VOTORANTIM S.A.                                         ;U;4010;0012100008;APLICACOES EM OPERACOES COMPROMISSADAS            ; 0000011125209533,48
200505;59588111;BCO VOTORANTIM S.A.                                         ;U;4010;0012200001;APLICACOES EM DEPOSITOS INTERFINANCEIROS          ; 0000005627865734,22
200505;59588111;BCO VOTORANTIM S.A.                                         ;U;4010;0012600003;APLICA OES EM MOEDAS ESTRANGEIRAS                 ; 0000000099821828,16
200505;59588111;BCO VOTORANTIM S.A.                                         ;U;4010;0013000004;TITULOS E VAL. MOB. E INST. FINANC. DERIVATIVOS   ; 0000012024221546,30
200505;59588111;BCO VOTORANTIM S.A.                                         ;U;4010;0013100007;LIVRES                                            ; 0000003327479394,54
200505;59588111;BCO VOTORANTIM S.A.                                         ;U;4010;0013200000;VINCULADOS A OPERACOES COMPROMISSADAS             ; 0000002379603968,19
200505;59588111;BCO VOTORANTIM S.A.                                         ;U;4010;0013300003;INSTRUMENTOS FINANCEIROS DERIVATIVOS              ; 0000003434149373,44
200505;59588111;BCO VOTORANTIM S.A.                                         ;U;4010;0013400006;VINCULADOS AO BANCO CENTRAL                       ; 0000001388362167,51
200505;59588111;BCO VOTORANTIM S.A.                                         ;U;4010;0013600002;VINCULADOS A PRESTACAO DE GARANTIAS               ; 0000001494626642,62
200505;59588111;BCO VOTORANTIM S.A.                                         ;U;4010;0014000003;RELACOES INTERFINANCEIRAS                         ; 0000000799789919,32
200505;59588111;BCO VOTORANTIM S.A.                                         ;U;4010;0014100006;DIREITOS JUNTO A PARTIC. DE SISTEMAS DE LIQUIDAÇÃO; 0000000000332788,24
200505;59588111;BCO VOTORANTIM S.A.                                         ;U;4010;0014200009;CREDITOS VINCULADOS                               ; 0000000798973476,26
200505;59588111;BCO VOTORANTIM S.A.                                         ;U;4010;0014400005;RELACOES COM CORRESPONDENTES                      ; 0000000000483654,82
200505;59588111;BCO VOTORANTIM S.A.                                         ;U;4010;0016000001;OPERACOES DE CREDITO                              ; 0000002134148412,29
200505;59588111;BCO VOTORANTIM S.A.                                         ;U;4010;0016100004;EMPRESTIMOS E TITULOS DESCONTADOS                 ; 0000000804192271,31
200505;59588111;BCO VOTORANTIM S.A.                                         ;U;4010;0016200007;FINANCIAMENTOS                                    ; 0000001086974811,89
200505;59588111;BCO VOTORANTIM S.A.                                         ;U;4010;0016300000;FINANCIAMENTOS RURAIS E AGROINDUSTRIAIS           ; 0000000141408486,54
200505;59588111;BCO VOTORANTIM S.A.                                         ;U;4010;0016500006;FINANCIAMENTOS DE TITULOS E VALORES MOBILIARIOS   ; 0000000115656126,38
200505;59588111;BCO VOTORANTIM S.A.                                         ;U;4010;0016900008;(-) PROVISOES PARA OPERACOES DE CREDITO           ;-0000000014083283,83
200505;59588111;BCO VOTORANTIM S.A.                                         ;U;4010;0018000009;OUTROS CREDITOS                                   ; 0000001622293311,19
200505;59588111;BCO VOTORANTIM S.A.                                         ;U;4010;0018200005;CARTEIRA DE CAMBIO                                ; 0000001467210749,94
200505;59588111;BCO VOTORANTIM S.A.                                         ;U;4010;0018300008;RENDAS A RECEBER                                  ; 0000000010674171,11
200505;59588111;BCO VOTORANTIM S.A.                                         ;U;4010;0018400001;NEGOCIACAO E INTERMEDIACAO DE VALORES             ; 0000000077444165,93
200505;59588111;BCO VOTORANTIM S.A.                                         ;U;4010;0018800003;DIVERSOS                                          ; 0000000070112489,09
200505;59588111;BCO VOTORANTIM S.A.                                         ;U;4010;0018900006;(-) PROVISOES PARA OUTROS CREDITOS                ;-0000000003148264,88
200505;59588111;BCO VOTORANTIM S.A.                                         ;U;4010;0019000008;OUTROS VALORES E BENS                             ; 0000000003895384,75
200505;59588111;BCO VOTORANTIM S.A.                                         ;U;4010;0019900005;DESPESAS ANTECIPADAS                              ; 0000000003895384,75
200505;59588111;BCO VOTORANTIM S.A.                                         ;U;4010;0020000004;PERMANENTE                                        ; 0000002392844356,75
200505;59588111;BCO VOTORANTIM S.A.                                         ;U;4010;0021000003;INVESTIMENTOS                                     ; 0000002380578760,12
200505;59588111;BCO VOTORANTIM S.A.                                         ;U;4010;0021100006;INVESTIMENTOS NO EXTERIOR                         ; 0000000928286782,58
200505;59588111;BCO VOTORANTIM S.A.                                         ;U;4010;0021200009;PARTICIPACOES EM COLIGADAS E CONTROLADAS NO PAIS  ; 0000001439022384,29
200505;59588111;BCO VOTORANTIM S.A.                                         ;U;4010;0021300002;INVESTIMENTOS POR INCENTIVOS FISCAIS              ; 0000000004391811,04
200505;59588111;BCO VOTORANTIM S.A.                                         ;U;4010;0021400005;TITULOS PATRIMONIAIS                              ; 0000000003584681,62
200505;59588111;BCO VOTORANTIM S.A.                                         ;U;4010;0021500008;ACOES E COTAS                                     ; 0000000005210370,00
200505;59588111;BCO VOTORANTIM S.A.                                         ;U;4010;0021900000;OUTROS INVESTIMENTOS                              ; 0000000000082730,59
200505;59588111;BCO VOTORANTIM S.A.                                         ;U;4010;0022000002;IMOBILIZADO DE USO                                ; 0000000010511924,86
200505;59588111;BCO VOTORANTIM S.A.                                         ;U;4010;0022400004;INSTALACOES, MOVEIS E EQUIPAMENTOS DE USO         ; 0000000002482836,12
200505;59588111;BCO VOTORANTIM S.A.                                         ;U;4010;0022900009;OUTROS                                            ; 0000000008029088,74
200505;59588111;BCO VOTORANTIM S.A.                                         ;U;4010;0024000000;DIFERIDO                                          ; 0000000001753671,77
200505;59588111;BCO VOTORANTIM S.A.                                         ;U;4010;0024100003;GASTOS DE ORGANIZACAO E EXPANSAO                  ; 0000000001753671,77
200505;59588111;BCO VOTORANTIM S.A.                                         ;U;4010;0030000001;COMPENSACAO                                       ; 0000156956215741,45
200505;59588111;BCO VOTORANTIM S.A.                                         ;U;4010;0030100004;COOBRIGACOES E RISCOS EM GARANTIAS PRESTADAS      ; 0000001038131321,59
200505;59588111;BCO VOTORANTIM S.A.                                         ;U;4010;0030300000;TITULOS E VALORES MOBILIARIOS                     ; 0000017180144345,72
200505;59588111;BCO VOTORANTIM S.A.                                         ;U;4010;0030400003;CUSTODIA DE VALORES                               ; 0000018867779700,67
200505;59588111;BCO VOTORANTIM S.A.                                         ;U;4010;0030500006;COBRANCA                                          ; 0000000001970659,16
200505;59588111;BCO VOTORANTIM S.A.                                         ;U;4010;0030600009;NEGOCIACAO E INTERMEDIACAO DE VALORES             ; 0000101901557527,65
200505;59588111;BCO VOTORANTIM S.A.                                         ;U;4010;0030800005;CONTRATOS                                         ; 0000000034929980,57
200505;59588111;BCO VOTORANTIM S.A.                                         ;U;4010;0030900008;CONTROLE                                          ; 0000015509056946,26
200505;59588111;BCO VOTORANTIM S.A.                                         ;U;4010;0031000000;CLASSIFICACAO DA CARTEIRA DE CREDITOS             ; 0000002422645259,83
200505;59588111;BCO VOTORANTIM S.A.                                         ;U;4010;0031100003;OPERACOES DE RISCO NIVEL AA                       ; 0000000886987399,42
200505;59588111;BCO VOTORANTIM S.A.                                         ;U;4010;0031200006;OPERACOES DE RISCO NIVEL A                        ; 0000000572260515,61
200505;59588111;BCO VOTORANTIM S.A.                                         ;U;4010;0031300009;OPERACOES DE RISCO NIVELB                         ; 0000000735667704,27
200505;59588111;BCO VOTORANTIM S.A.                                         ;U;4010;0031400002;OPERACOES DE RISCO NIVELC                         ; 0000000226151471,31
200505;59588111;BCO VOTORANTIM S.A.                                         ;U;4010;0031500005;OPERACOES DE RISCO NIVEL D                        ; 0000000001499049,20
200505;59588111;BCO VOTORANTIM S.A.                                         ;U;4010;0031900007;OPERACOES DE RISCO NIVEL H                        ; 0000000000079120,02
200505;59588111;BCO VOTORANTIM S.A.                                         ;U;4010;0039999993;TOTAL GERAL DO ATIVO                              ; 0000192787367536,19
200505;59588111;BCO VOTORANTIM S.A.                                         ;U;4010;0040000008;CIRCULANTE EXIGIVEL A LONGO PRAZO                 ; 0000032460012631,38
200505;59588111;BCO VOTORANTIM S.A.                                         ;U;4010;0041000007;DEPOSITOS                                         ; 0000012968509074,57
200505;59588111;BCO VOTORANTIM S.A.                                         ;U;4010;0041100000;DEPOSITOS A VISTA                                 ; 0000000004763428,06
200505;59588111;BCO VOTORANTIM S.A.                                         ;U;4010;0041300006;DEPOSITOS INTERFINANCEIROS                        ; 0000001463888214,17
200505;59588111;BCO VOTORANTIM S.A.                                         ;U;4010;0041500002;DEPOSITOS A PRAZO                                 ; 0000011499824844,26
200505;59588111;BCO VOTORANTIM S.A.                                         ;U;4010;0041900004;OUTROS DEPOSITOS                                  ; 0000000000032588,08
200505;59588111;BCO VOTORANTIM S.A.                                         ;U;4010;0042000006;OBRIGACOES POR OPERACOES COMPROMISSADAS           ; 0000011060824689,05
200505;59588111;BCO VOTORANTIM S.A.                                         ;U;4010;0042100009;CARTEIRA PROPRIA                                  ; 0000002364385642,39
200505;59588111;BCO VOTORANTIM S.A.                                         ;U;4010;0042200002;CARTEIRA DE TERCEIROS                             ; 0000007830065542,22
200505;59588111;BCO VOTORANTIM S.A.                                         ;U;4010;0042300005;CARTEIRA LIVRE MOVIMENTACAO                       ; 0000000866373504,44
200505;59588111;BCO VOTORANTIM S.A.                                         ;U;4010;0043000005;RECURSOS ACEITES CAMB,LI E HIP.,DEBENT.E SIMILARES; 0000001482850301,42
200505;59588111;BCO VOTORANTIM S.A.                                         ;U;4010;0043500000;OBRIGACOES P/TITULOS E VALS.MOBILIARIOS EXTERIOR  ; 0000001482850301,42
200505;59588111;BCO VOTORANTIM S.A.                                         ;U;4010;0044000004;RELACOES INTERFINANCEIRAS                         ; 0000000004455860,08
200505;59588111;BCO VOTORANTIM S.A.                                         ;U;4010;0044100007;OBRIGAÇÕES JUNTO A PARTIC. DE SIST. DE LIQUIDACÃO ; 0000000004414909,10
200505;59588111;BCO VOTORANTIM S.A.                                         ;U;4010;0044400006;RELACOES COM CORRESPONDENTES                      ; 0000000000040950,98
200505;59588111;BCO VOTORANTIM S.A.                                         ;U;4010;0045000003;RELACOES INTERDEPENDENCIAS                        ; 0000000001451150,13
200505;59588111;BCO VOTORANTIM S.A.                                         ;U;4010;0045100006;RECURSOS EM TRANSITO DE TERCEIROS                 ; 0000000001451150,13
200505;59588111;BCO VOTORANTIM S.A.                                         ;U;4010;0046000002;OBRIGACOES POR EMPRESTIMOS E REPASSES             ; 0000001105006937,45
200505;59588111;BCO VOTORANTIM S.A.                                         ;U;4010;0046300001;EMPRESTIMOS NO EXTERIOR                           ; 0000000211863114,28
200505;59588111;BCO VOTORANTIM S.A.                                         ;U;4010;0046400004;REPASSES DO PAIS - INSTITUICOES OFICIAIS          ; 0000000893143823,17
200505;59588111;BCO VOTORANTIM S.A.                                         ;U;4010;0047000001;INSTRUMENTOS FINANCEIROS DERIVATIVOS              ; 0000004064747149,24
200505;59588111;BCO VOTORANTIM S.A.                                         ;U;4010;0047100004;INSTRUMENTOS FINANCEIROS DERIVATIVOS              ; 0000004064747149,24
200505;59588111;BCO VOTORANTIM S.A.                                         ;U;4010;0049000009;OUTRAS OBRIGACOES                                 ; 0000001772167469,44
200505;59588111;BCO VOTORANTIM S.A.                                         ;U;4010;0049200005;CARTEIRA DE CAMBIO                                ; 0000001259643394,55
200505;59588111;BCO VOTORANTIM S.A.                                         ;U;4010;0049400001;FISCAIS E PREVIDENCIARIAS                         ; 0000000419765109,54
200505;59588111;BCO VOTORANTIM S.A.                                         ;U;4010;0049500004;NEGOCIACAO E INTERMEDIACAO DE VALORES             ; 0000000081942396,41
200505;59588111;BCO VOTORANTIM S.A.                                         ;U;4010;0049900006;DIVERSAS                                          ; 0000000010816568,94
200505;59588111;BCO VOTORANTIM S.A.                                         ;U;4010;0050000005;RESULTADOS DE EXERCICIOS FUTUROS                  ; 0000000002632955,71
200505;59588111;BCO VOTORANTIM S.A.                                         ;U;4010;0051000004;RECEITAS DE EXERCICIOS FUTUROS                    ; 0000000002632955,71
200505;59588111;BCO VOTORANTIM S.A.                                         ;U;4010;0051100007;RECEITAS DE EXERCICIOS FUTUROS                    ; 0000000002632955,71
200505;59588111;BCO VOTORANTIM S.A.                                         ;U;4010;0060000002;PATRIMONIO LIQUIDO                                ; 0000003097186678,76
200505;59588111;BCO VOTORANTIM S.A.                                         ;U;4010;0061000001;PATRIMONIO LIQUIDO                                ; 0000003097186678,76
200505;59588111;BCO VOTORANTIM S.A.                                         ;U;4010;0061100004;CAPITAL SOCIAL                                    ; 0000001880000000,00
200505;59588111;BCO VOTORANTIM S.A.                                         ;U;4010;0061300000;RESERVAS DE CAPITAL                               ; 0000000016853577,48
200505;59588111;BCO VOTORANTIM S.A.                                         ;U;4010;0061500006;RESERVAS DE LUCROS                                ; 0000001147054028,97
200505;59588111;BCO VOTORANTIM S.A.                                         ;U;4010;0061800005;LUCROS OU PREJUIZOS ACUMULADOS                    ; 0000000053279072,31
200505;59588111;BCO VOTORANTIM S.A.                                         ;U;4010;0070000009;CONTAS DE RESULTADO CREDORAS                      ; 0000005060892602,15
200505;59588111;BCO VOTORANTIM S.A.                                         ;U;4010;0071000008;RECEITAS OPERACIONAIS                             ; 0000005060884485,76
200505;59588111;BCO VOTORANTIM S.A.                                         ;U;4010;0071100001;RENDAS DE OPERACOES DE CREDITO                    ; 0000000187232366,51
200505;59588111;BCO VOTORANTIM S.A.                                         ;U;4010;0071300007;RENDAS DE CAMBIO                                  ; 0000000430112759,52
200505;59588111;BCO VOTORANTIM S.A.                                         ;U;4010;0071400000;RENDAS DE APLICACOES INTERFINANCEIRAS DE LIQUIDEZ ; 0000001161205473,17
200505;59588111;BCO VOTORANTIM S.A.                                         ;U;4010;0071500003;RENDAS COM TIT. E VAL. MOB. E INST. FINANC. DERIV.; 0000002868589603,23
200505;59588111;BCO VOTORANTIM S.A.                                         ;U;4010;0071700009;RENDAS DE PRESTACAO DE SERVICOS                   ; 0000000005160487,25
200505;59588111;BCO VOTORANTIM S.A.                                         ;U;4010;0071800002;RENDAS DE PARTICIPACOES                           ; 0000000209018304,74
200505;59588111;BCO VOTORANTIM S.A.                                         ;U;4010;0071900005;OUTRAS RECEITAS OPERACIONAIS                      ; 0000000199565491,34
200505;59588111;BCO VOTORANTIM S.A.                                         ;U;4010;0073000006;RECEITAS NAO OPERACIONAIS                         ; 0000000000008116,39
200505;59588111;BCO VOTORANTIM S.A.                                         ;U;4010;0073100009;LUCROS EM TRANSACOES COM VALORES E BENS           ; 0000000000008116,39
200505;59588111;BCO VOTORANTIM S.A.                                         ;U;4010;0080000006;(-) CONTAS DE RESULTADO DEVEDORAS                 ;-0000004789573073,26
200505;59588111;BCO VOTORANTIM S.A.                                         ;U;4010;0081000005;(-) DESPESAS OPERACIONAIS                         ;-0000004735109363,85
200505;59588111;BCO VOTORANTIM S.A.                                         ;U;4010;0081100008;(-) DESPESAS DE CAPTACAO                          ;-0000001653514839,22
200505;59588111;BCO VOTORANTIM S.A.                                         ;U;4010;0081200001;(-) DESP DE OBRIGACOES POR EMPRESTIMOS E REPASSES ;-0000000167481832,11
200505;59588111;BCO VOTORANTIM S.A.                                         ;U;4010;0081400007;(-) DESPESAS DE CAMBIO                            ;-0000000458697762,86
200505;59588111;BCO VOTORANTIM S.A.                                         ;U;4010;0081500000;(-) DESP. COM TIT. E VAL. MOB. E INST. FIN. DERIV.;-0000002292052908,51
200505;59588111;BCO VOTORANTIM S.A.                                         ;U;4010;0081600003;(-) DESPESAS DE PARTICIPACOES                     ;-0000000085747431,47
200505;59588111;BCO VOTORANTIM S.A.                                         ;U;4010;0081700006;(-) DESPESAS ADMINISTRATIVAS                      ;-0000000034990706,56
200505;59588111;BCO VOTORANTIM S.A.                                         ;U;4010;0081800009;(-) APROVISIONAMENTOS E AJUSTES PATRIMONIAIS      ;-0000000012682771,94
200505;59588111;BCO VOTORANTIM S.A.                                         ;U;4010;0081900002;(-) OUTRAS DESPESAS OPERACIONAIS                  ;-0000000029941111,18
200505;59588111;BCO VOTORANTIM S.A.                                         ;U;4010;0083000003;(-) DESPESAS NAO OPERACIONAIS                     ;-0000000000003666,12
200505;59588111;BCO VOTORANTIM S.A.                                         ;U;4010;0083100006;(-) PREJUIZOS EM TRANSACOES COM VALORES E BENS    ;-0000000000003666,12
200505;59588111;BCO VOTORANTIM S.A.                                         ;U;4010;0089000007;(-) APURACAO DE RESULTADO                         ;-0000000054460043,29
200505;59588111;BCO VOTORANTIM S.A.                                         ;U;4010;0089400009;(-) IMPOSTO DE RENDA                              ;-0000000054458750,45
200505;59588111;BCO VOTORANTIM S.A.                                         ;U;4010;0089700008;(-) PARTICIPACOES NO LUCRO                        ;-0000000000001292,84
200505;59588111;BCO VOTORANTIM S.A.                                         ;U;4010;0090000003;COMPENSACAO                                       ; 0000156956215741,45
200505;59588111;BCO VOTORANTIM S.A.                                         ;U;4010;0090100006;COOBRIGACOES E RISCOS EM GARANTIAS PRESTADAS      ; 0000001038131321,59
200505;59588111;BCO VOTORANTIM S.A.                                         ;U;4010;0090300002;TITULOS E VALORES MOBILIARIOS                     ; 0000017180144345,72
200505;59588111;BCO VOTORANTIM S.A.                                         ;U;4010;0090400005;CUSTODIA DE VALORES                               ; 0000018867779700,67
200505;59588111;BCO VOTORANTIM S.A.                                         ;U;4010;0090500008;COBRANCA                                          ; 0000000001970659,16
200505;59588111;BCO VOTORANTIM S.A.                                         ;U;4010;0090600001;NEGOCIACAO E INTERMEDIACAO DE VALORES             ; 0000101901557527,65
200505;59588111;BCO VOTORANTIM S.A.                                         ;U;4010;0090800007;CONTRATOS                                         ; 0000000034929980,57
200505;59588111;BCO VOTORANTIM S.A.                                         ;U;4010;0090900000;CONTROLE                                          ; 0000015509056946,26
200505;59588111;BCO VOTORANTIM S.A.                                         ;U;4010;0091000002;CLASSIFICACAO DA CARTEIRA DE CREDITOS             ; 0000002422645259,83
200505;59588111;BCO VOTORANTIM S.A.                                         ;U;4010;0091100005;OPERACOES DE CREDITOS E ARRENDAMENTO MERCANTIL    ; 0000002422645259,83
200505;59588111;BCO VOTORANTIM S.A.                                         ;U;4010;0099999995;TOTAL GERAL DO PASSIVO                            ; 0000192787367536,19
200505;59601047;BANCO ITAUSAGA                                              ;U;4010;0010000007;CIRCULANTE E REALIZAVEL A LONGO PRAZO             ; 0000000143320535,12
200505;59601047;BANCO ITAUSAGA                                              ;U;4010;0011000006;DISPONIBILIDADES                                  ; 0000000000111052,02
200505;59601047;BANCO ITAUSAGA                                              ;U;4010;0011200002;DEPOSITOS BANCARIOS                               ; 0000000000111052,02
200505;59601047;BANCO ITAUSAGA                                              ;U;4010;0012000005;APLICACOES INTERFINANCEIRAS DE LIQUIDEZ           ; 0000000137198727,93
200505;59601047;BANCO ITAUSAGA                                              ;U;4010;0012200001;APLICACOES EM DEPOSITOS INTERFINANCEIROS          ; 0000000137198727,93
200505;59601047;BANCO ITAUSAGA                                              ;U;4010;0018000009;OUTROS CREDITOS                                   ; 0000000006010755,17
200505;59601047;BANCO ITAUSAGA                                              ;U;4010;0018300008;RENDAS A RECEBER                                  ; 0000000000032137,35
200505;59601047;BANCO ITAUSAGA                                              ;U;4010;0018800003;DIVERSOS                                          ; 0000000005978617,82
200505;59601047;BANCO ITAUSAGA                                              ;U;4010;0020000004;PERMANENTE                                        ; 0000000000150300,01
200505;59601047;BANCO ITAUSAGA                                              ;U;4010;0021000003;INVESTIMENTOS                                     ; 0000000000001500,00
200505;59601047;BANCO ITAUSAGA                                              ;U;4010;0021400005;TITULOS PATRIMONIAIS                              ; 0000000000001500,00
200505;59601047;BANCO ITAUSAGA                                              ;U;4010;0022000002;IMOBILIZADO DE USO                                ; 0000000000148800,01
200505;59601047;BANCO ITAUSAGA                                              ;U;4010;0022400004;INSTALACOES, MOVEIS E EQUIPAMENTOS DE USO         ; 0000000000047043,15
200505;59601047;BANCO ITAUSAGA                                              ;U;4010;0022900009;OUTROS                                            ; 0000000000101756,86
200505;59601047;BANCO ITAUSAGA                                              ;U;4010;0030000001;COMPENSACAO                                       ; 0000000274432308,48
200505;59601047;BANCO ITAUSAGA                                              ;U;4010;0030400003;CUSTODIA DE VALORES                               ; 0000000121900000,00
200505;59601047;BANCO ITAUSAGA                                              ;U;4010;0030800005;CONTRATOS                                         ; 0000000152532308,48
200505;59601047;BANCO ITAUSAGA                                              ;U;4010;0039999993;TOTAL GERAL DO ATIVO                              ; 0000000417903143,61
200505;59601047;BANCO ITAUSAGA                                              ;U;4010;0040000008;CIRCULANTE EXIGIVEL A LONGO PRAZO                 ; 0000000003934248,45
200505;59601047;BANCO ITAUSAGA                                              ;U;4010;0045000003;RELACOES INTERDEPENDENCIAS                        ; 0000000000000013,13
200505;59601047;BANCO ITAUSAGA                                              ;U;4010;0045100006;RECURSOS EM TRANSITO DE TERCEIROS                 ; 0000000000000013,13
200505;59601047;BANCO ITAUSAGA                                              ;U;4010;0049000009;OUTRAS OBRIGACOES                                 ; 0000000003934235,32
200505;59601047;BANCO ITAUSAGA                                              ;U;4010;0049400001;FISCAIS E PREVIDENCIARIAS                         ; 0000000003906470,01
200505;59601047;BANCO ITAUSAGA                                              ;U;4010;0049900006;DIVERSAS                                          ; 0000000000027765,31
200505;59601047;BANCO ITAUSAGA                                              ;U;4010;0060000002;PATRIMONIO LIQUIDO                                ; 0000000133593102,69
200505;59601047;BANCO ITAUSAGA                                              ;U;4010;0061000001;PATRIMONIO LIQUIDO                                ; 0000000133593102,69
200505;59601047;BANCO ITAUSAGA                                              ;U;4010;0061100004;CAPITAL SOCIAL                                    ; 0000000114875207,26
200505;59601047;BANCO ITAUSAGA                                              ;U;4010;0061300000;RESERVAS DE CAPITAL                               ; 0000000000170608,95
200505;59601047;BANCO ITAUSAGA                                              ;U;4010;0061500006;RESERVAS DE LUCROS                                ; 0000000018547286,48
200505;59601047;BANCO ITAUSAGA                                              ;U;4010;0070000009;CONTAS DE RESULTADO CREDORAS                      ; 0000000009633017,06
200505;59601047;BANCO ITAUSAGA                                              ;U;4010;0071000008;RECEITAS OPERACIONAIS                             ; 0000000009632343,79
200505;59601047;BANCO ITAUSAGA                                              ;U;4010;0071400000;RENDAS DE APLICACOES INTERFINANCEIRAS DE LIQUIDEZ ; 0000000009359685,66
200505;59601047;BANCO ITAUSAGA                                              ;U;4010;0071700009;RENDAS DE PRESTACAO DE SERVICOS                   ; 0000000000228495,90
200505;59601047;BANCO ITAUSAGA                                              ;U;4010;0071900005;OUTRAS RECEITAS OPERACIONAIS                      ; 0000000000044162,23
200505;59601047;BANCO ITAUSAGA                                              ;U;4010;0073000006;RECEITAS NAO OPERACIONAIS                         ; 0000000000000673,27
200505;59601047;BANCO ITAUSAGA                                              ;U;4010;0073100009;LUCROS EM TRANSACOES COM VALORES E BENS           ; 0000000000000673,27
200505;59601047;BANCO ITAUSAGA                                              ;U;4010;0080000006;(-) CONTAS DE RESULTADO DEVEDORAS                 ;-0000000003689533,07
200505;59601047;BANCO ITAUSAGA                                              ;U;4010;0081000005;(-) DESPESAS OPERACIONAIS                         ;-0000000000637755,15
200505;59601047;BANCO ITAUSAGA                                              ;U;4010;0081700006;(-) DESPESAS ADMINISTRATIVAS                      ;-0000000000096076,45
200505;59601047;BANCO ITAUSAGA                                              ;U;4010;0081800009;(-) APROVISIONAMENTOS E AJUSTES PATRIMONIAIS      ;-0000000000028946,15
200505;59601047;BANCO ITAUSAGA                                              ;U;4010;0081900002;(-) OUTRAS DESPESAS OPERACIONAIS                  ;-0000000000512732,55
200505;59601047;BANCO ITAUSAGA                                              ;U;4010;0089000007;(-) APURACAO DE RESULTADO                         ;-0000000003051777,92
200505;59601047;BANCO ITAUSAGA                                              ;U;4010;0089400009;(-) IMPOSTO DE RENDA                              ;-0000000003051777,92
200505;59601047;BANCO ITAUSAGA                                              ;U;4010;0090000003;COMPENSACAO                                       ; 0000000274432308,48
200505;59601047;BANCO ITAUSAGA                                              ;U;4010;0090400005;CUSTODIA DE VALORES                               ; 0000000121900000,00
200505;59601047;BANCO ITAUSAGA                                              ;U;4010;0090800007;CONTRATOS                                         ; 0000000152532308,48
200505;59601047;BANCO ITAUSAGA                                              ;U;4010;0099999995;TOTAL GERAL DO PASSIVO                            ; 0000000417903143,61
200505;59608174;UAM - ASSESSORIA E GESTÃO                                   ;I;4010;0010000007;CIRCULANTE E REALIZAVEL A LONGO PRAZO             ; 0000000068221935,18
200505;59608174;UAM - ASSESSORIA E GESTÃO                                   ;I;4010;0011000006;DISPONIBILIDADES                                  ; 0000000000002159,93
200505;59608174;UAM - ASSESSORIA E GESTÃO                                   ;I;4010;0011200002;DEPOSITOS BANCARIOS                               ; 0000000000002159,93
200505;59608174;UAM - ASSESSORIA E GESTÃO                                   ;I;4010;0012000005;APLICACOES INTERFINANCEIRAS DE LIQUIDEZ           ; 0000000024356731,83
200505;59608174;UAM - ASSESSORIA E GESTÃO                                   ;I;4010;0012100008;APLICACOES EM OPERACOES COMPROMISSADAS            ; 0000000024356731,83
200505;59608174;UAM - ASSESSORIA E GESTÃO                                   ;I;4010;0018000009;OUTROS CREDITOS                                   ; 0000000043582673,73
200505;59608174;UAM - ASSESSORIA E GESTÃO                                   ;I;4010;0018300008;RENDAS A RECEBER                                  ; 0000000005449859,37
200505;59608174;UAM - ASSESSORIA E GESTÃO                                   ;I;4010;0018400001;NEGOCIACAO E INTERMEDIACAO DE VALORES             ; 0000000025466324,58
200505;59608174;UAM - ASSESSORIA E GESTÃO                                   ;I;4010;0018800003;DIVERSOS                                          ; 0000000012666489,78
200505;59608174;UAM - ASSESSORIA E GESTÃO                                   ;I;4010;0019000008;OUTROS VALORES E BENS                             ; 0000000000280369,69
200505;59608174;UAM - ASSESSORIA E GESTÃO                                   ;I;4010;0019900005;DESPESAS ANTECIPADAS                              ; 0000000000280369,69
200505;59608174;UAM - ASSESSORIA E GESTÃO                                   ;I;4010;0020000004;PERMANENTE                                        ; 0000000001531693,16
200505;59608174;UAM - ASSESSORIA E GESTÃO                                   ;I;4010;0021000003;INVESTIMENTOS                                     ; 0000000000201035,55
200505;59608174;UAM - ASSESSORIA E GESTÃO                                   ;I;4010;0021400005;TITULOS PATRIMONIAIS                              ; 0000000000201035,55
200505;59608174;UAM - ASSESSORIA E GESTÃO                                   ;I;4010;0022000002;IMOBILIZADO DE USO                                ; 0000000001123279,61
200505;59608174;UAM - ASSESSORIA E GESTÃO                                   ;I;4010;0022400004;INSTALACOES, MOVEIS E EQUIPAMENTOS DE USO         ; 0000000000493225,23
200505;59608174;UAM - ASSESSORIA E GESTÃO                                   ;I;4010;0022900009;OUTROS                                            ; 0000000000630054,38
200505;59608174;UAM - ASSESSORIA E GESTÃO                                   ;I;4010;0024000000;DIFERIDO                                          ; 0000000000207378,00
200505;59608174;UAM - ASSESSORIA E GESTÃO                                   ;I;4010;0024100003;GASTOS DE ORGANIZACAO E EXPANSAO                  ; 0000000000207378,00
200505;59608174;UAM - ASSESSORIA E GESTÃO                                   ;I;4010;0030000001;COMPENSACAO                                       ; 0000051408013259,61
200505;59608174;UAM - ASSESSORIA E GESTÃO                                   ;I;4010;0030400003;CUSTODIA DE VALORES                               ; 0000047111910632,00
200505;59608174;UAM - ASSESSORIA E GESTÃO                                   ;I;4010;0030800005;CONTRATOS                                         ; 0000004296102627,61
200505;59608174;UAM - ASSESSORIA E GESTÃO                                   ;I;4010;0039999993;TOTAL GERAL DO ATIVO                              ; 0000051477766887,95
200505;59608174;UAM - ASSESSORIA E GESTÃO                                   ;I;4010;0040000008;CIRCULANTE EXIGIVEL A LONGO PRAZO                 ; 0000000042619472,36
200505;59608174;UAM - ASSESSORIA E GESTÃO                                   ;I;4010;0049000009;OUTRAS OBRIGACOES                                 ; 0000000042619472,36
200505;59608174;UAM - ASSESSORIA E GESTÃO                                   ;I;4010;0049300008;SOCIAIS E ESTATUTARIAS                            ; 0000000003600000,00
200505;59608174;UAM - ASSESSORIA E GESTÃO                                   ;I;4010;0049400001;FISCAIS E PREVIDENCIARIAS                         ; 0000000010659911,71
200505;59608174;UAM - ASSESSORIA E GESTÃO                                   ;I;4010;0049500004;NEGOCIACAO E INTERMEDIACAO DE VALORES             ; 0000000025627627,14
200505;59608174;UAM - ASSESSORIA E GESTÃO                                   ;I;4010;0049900006;DIVERSAS                                          ; 0000000002731933,51
200505;59608174;UAM - ASSESSORIA E GESTÃO                                   ;I;4010;0060000002;PATRIMONIO LIQUIDO                                ; 0000000022595827,46
200505;59608174;UAM - ASSESSORIA E GESTÃO                                   ;I;4010;0061000001;PATRIMONIO LIQUIDO                                ; 0000000022595827,46
200505;59608174;UAM - ASSESSORIA E GESTÃO                                   ;I;4010;0061100004;CAPITAL SOCIAL                                    ; 0000000016400000,00
200505;59608174;UAM - ASSESSORIA E GESTÃO                                   ;I;4010;0061300000;RESERVAS DE CAPITAL                               ; 0000000000348735,11
200505;59608174;UAM - ASSESSORIA E GESTÃO                                   ;I;4010;0061500006;RESERVAS DE LUCROS                                ; 0000000005847092,35
200505;59608174;UAM - ASSESSORIA E GESTÃO                                   ;I;4010;0070000009;CONTAS DE RESULTADO CREDORAS                      ; 0000000027314566,06
200505;59608174;UAM - ASSESSORIA E GESTÃO                                   ;I;4010;0071000008;RECEITAS OPERACIONAIS                             ; 0000000027314566,06
200505;59608174;UAM - ASSESSORIA E GESTÃO                                   ;I;4010;0071400000;RENDAS DE APLICACOES INTERFINANCEIRAS DE LIQUIDEZ ; 0000000001712364,95
200505;59608174;UAM - ASSESSORIA E GESTÃO                                   ;I;4010;0071700009;RENDAS DE PRESTACAO DE SERVICOS                   ; 0000000024469566,52
200505;59608174;UAM - ASSESSORIA E GESTÃO                                   ;I;4010;0071900005;OUTRAS RECEITAS OPERACIONAIS                      ; 0000000001132634,59
200505;59608174;UAM - ASSESSORIA E GESTÃO                                   ;I;4010;0080000006;(-) CONTAS DE RESULTADO DEVEDORAS                 ;-0000000022776237,54
200505;59608174;UAM - ASSESSORIA E GESTÃO                                   ;I;4010;0081000005;(-) DESPESAS OPERACIONAIS                         ;-0000000013254123,68
200505;59608174;UAM - ASSESSORIA E GESTÃO                                   ;I;4010;0081700006;(-) DESPESAS ADMINISTRATIVAS                      ;-0000000009146857,07
200505;59608174;UAM - ASSESSORIA E GESTÃO                                   ;I;4010;0081800009;(-) APROVISIONAMENTOS E AJUSTES PATRIMONIAIS      ;-0000000000266405,19
200505;59608174;UAM - ASSESSORIA E GESTÃO                                   ;I;4010;0081900002;(-) OUTRAS DESPESAS OPERACIONAIS                  ;-0000000003840861,42
200505;59608174;UAM - ASSESSORIA E GESTÃO                                   ;I;4010;0089000007;(-) APURACAO DE RESULTADO                         ;-0000000009522113,86
200505;59608174;UAM - ASSESSORIA E GESTÃO                                   ;I;4010;0089400009;(-) IMPOSTO DE RENDA                              ;-0000000002557490,90
200505;59608174;UAM - ASSESSORIA E GESTÃO                                   ;I;4010;0089700008;(-) PARTICIPACOES NO LUCRO                        ;-0000000006964622,96
200505;59608174;UAM - ASSESSORIA E GESTÃO                                   ;I;4010;0090000003;COMPENSACAO                                       ; 0000051408013259,61
200505;59608174;UAM - ASSESSORIA E GESTÃO                                   ;I;4010;0090400005;CUSTODIA DE VALORES                               ; 0000047111910632,00
200505;59608174;UAM - ASSESSORIA E GESTÃO                                   ;I;4010;0090800007;CONTRATOS                                         ; 0000004296102627,61
200505;59608174;UAM - ASSESSORIA E GESTÃO                                   ;I;4010;0099999995;TOTAL GERAL DO PASSIVO                            ; 0000051477766887,95
200505;60044112;DRESDNER LATEINAMERIKA AG                                   ;B;4010;0010000007;CIRCULANTE E REALIZAVEL A LONGO PRAZO             ; 0000001124181074,67
200505;60044112;DRESDNER LATEINAMERIKA AG                                   ;B;4010;0011000006;DISPONIBILIDADES                                  ; 0000000006574022,17
200505;60044112;DRESDNER LATEINAMERIKA AG                                   ;B;4010;0011100009;CAIXA                                             ; 0000000000008860,53
200505;60044112;DRESDNER LATEINAMERIKA AG                                   ;B;4010;0011300005;RESERVAS LIVRES                                   ; 0000000002062901,29
200505;60044112;DRESDNER LATEINAMERIKA AG                                   ;B;4010;0011500001;DISPONIBILIDADES EM MOEDAS ESTRANGEIRAS           ; 0000000004502260,35
200505;60044112;DRESDNER LATEINAMERIKA AG                                   ;B;4010;0012000005;APLICACOES INTERFINANCEIRAS DE LIQUIDEZ           ; 0000000103248449,40
200505;60044112;DRESDNER LATEINAMERIKA AG                                   ;B;4010;0012100008;APLICACOES EM OPERACOES COMPROMISSADAS            ; 0000000049999779,64
200505;60044112;DRESDNER LATEINAMERIKA AG                                   ;B;4010;0012200001;APLICACOES EM DEPOSITOS INTERFINANCEIROS          ; 0000000053248669,76
200505;60044112;DRESDNER LATEINAMERIKA AG                                   ;B;4010;0013000004;TITULOS E VAL. MOB. E INST. FINANC. DERIVATIVOS   ; 0000000253612252,07
200505;60044112;DRESDNER LATEINAMERIKA AG                                   ;B;4010;0013100007;LIVRES                                            ; 0000000060178442,55
200505;60044112;DRESDNER LATEINAMERIKA AG                                   ;B;4010;0013300003;INSTRUMENTOS FINANCEIROS DERIVATIVOS              ; 0000000123051350,19
200505;60044112;DRESDNER LATEINAMERIKA AG                                   ;B;4010;0013600002;VINCULADOS A PRESTACAO DE GARANTIAS               ; 0000000070382459,33
200505;60044112;DRESDNER LATEINAMERIKA AG                                   ;B;4010;0014000003;RELACOES INTERFINANCEIRAS                         ; 0000000025052860,60
200505;60044112;DRESDNER LATEINAMERIKA AG                                   ;B;4010;0014200009;CREDITOS VINCULADOS                               ; 0000000000333633,47
200505;60044112;DRESDNER LATEINAMERIKA AG                                   ;B;4010;0014300002;REPASSES INTERFINANCEIROS                         ; 0000000024719227,13
200505;60044112;DRESDNER LATEINAMERIKA AG                                   ;B;4010;0016000001;OPERACOES DE CREDITO                              ; 0000000076924936,52
200505;60044112;DRESDNER LATEINAMERIKA AG                                   ;B;4010;0016100004;EMPRESTIMOS E TITULOS DESCONTADOS                 ; 0000000058571918,69
200505;60044112;DRESDNER LATEINAMERIKA AG                                   ;B;4010;0016200007;FINANCIAMENTOS                                    ; 0000000042682179,31
200505;60044112;DRESDNER LATEINAMERIKA AG                                   ;B;4010;0016900008;(-) PROVISOES PARA OPERACOES DE CREDITO           ;-0000000024329161,48
200505;60044112;DRESDNER LATEINAMERIKA AG                                   ;B;4010;0018000009;OUTROS CREDITOS                                   ; 0000000658543492,86
200505;60044112;DRESDNER LATEINAMERIKA AG                                   ;B;4010;0018100002;AVAIS E FIANCAS HONRADOS                          ; 0000000000037349,95
200505;60044112;DRESDNER LATEINAMERIKA AG                                   ;B;4010;0018200005;CARTEIRA DE CAMBIO                                ; 0000000621250745,01
200505;60044112;DRESDNER LATEINAMERIKA AG                                   ;B;4010;0018300008;RENDAS A RECEBER                                  ; 0000000000262006,37
200505;60044112;DRESDNER LATEINAMERIKA AG                                   ;B;4010;0018400001;NEGOCIACAO E INTERMEDIACAO DE VALORES             ; 0000000032766217,88
200505;60044112;DRESDNER LATEINAMERIKA AG                                   ;B;4010;0018800003;DIVERSOS                                          ; 0000000012196465,55
200505;60044112;DRESDNER LATEINAMERIKA AG                                   ;B;4010;0018900006;(-) PROVISOES PARA OUTROS CREDITOS                ;-0000000007969291,90
200505;60044112;DRESDNER LATEINAMERIKA AG                                   ;B;4010;0019000008;OUTROS VALORES E BENS                             ; 0000000000225061,05
200505;60044112;DRESDNER LATEINAMERIKA AG                                   ;B;4010;0019900005;DESPESAS ANTECIPADAS                              ; 0000000000225061,05
200505;60044112;DRESDNER LATEINAMERIKA AG                                   ;B;4010;0020000004;PERMANENTE                                        ; 0000000017660655,98
200505;60044112;DRESDNER LATEINAMERIKA AG                                   ;B;4010;0021000003;INVESTIMENTOS                                     ; 0000000000163150,78
200505;60044112;DRESDNER LATEINAMERIKA AG                                   ;B;4010;0021400005;TITULOS PATRIMONIAIS                              ; 0000000000147581,54
200505;60044112;DRESDNER LATEINAMERIKA AG                                   ;B;4010;0021900000;OUTROS INVESTIMENTOS                              ; 0000000000015569,24
200505;60044112;DRESDNER LATEINAMERIKA AG                                   ;B;4010;0022000002;IMOBILIZADO DE USO                                ; 0000000017282967,91
200505;60044112;DRESDNER LATEINAMERIKA AG                                   ;B;4010;0022300001;IMOVEIS DE USO                                    ; 0000000016205086,35
200505;60044112;DRESDNER LATEINAMERIKA AG                                   ;B;4010;0022400004;INSTALACOES, MOVEIS E EQUIPAMENTOS DE USO         ; 0000000000634004,66
200505;60044112;DRESDNER LATEINAMERIKA AG                                   ;B;4010;0022900009;OUTROS                                            ; 0000000000443876,90
200505;60044112;DRESDNER LATEINAMERIKA AG                                   ;B;4010;0024000000;DIFERIDO                                          ; 0000000000214537,29
200505;60044112;DRESDNER LATEINAMERIKA AG                                   ;B;4010;0024100003;GASTOS DE ORGANIZACAO E EXPANSAO                  ; 0000000000214537,29
200505;60044112;DRESDNER LATEINAMERIKA AG                                   ;B;4010;0030000001;COMPENSACAO                                       ; 0000008160847390,16
200505;60044112;DRESDNER LATEINAMERIKA AG                                   ;B;4010;0030100004;COOBRIGACOES E RISCOS EM GARANTIAS PRESTADAS      ; 0000000072026246,85
200505;60044112;DRESDNER LATEINAMERIKA AG                                   ;B;4010;0030300000;TITULOS E VALORES MOBILIARIOS                     ; 0000000261121803,76
200505;60044112;DRESDNER LATEINAMERIKA AG                                   ;B;4010;0030400003;CUSTODIA DE VALORES                               ; 0000000320557725,15
200505;60044112;DRESDNER LATEINAMERIKA AG                                   ;B;4010;0030500006;COBRANCA                                          ; 0000000022776426,39
200505;60044112;DRESDNER LATEINAMERIKA AG                                   ;B;4010;0030600009;NEGOCIACAO E INTERMEDIACAO DE VALORES             ; 0000007146515769,93
200505;60044112;DRESDNER LATEINAMERIKA AG                                   ;B;4010;0030900008;CONTROLE                                          ; 0000000150603943,78
200505;60044112;DRESDNER LATEINAMERIKA AG                                   ;B;4010;0031000000;CLASSIFICACAO DA CARTEIRA DE CREDITOS             ; 0000000187245474,30
200505;60044112;DRESDNER LATEINAMERIKA AG                                   ;B;4010;0031100003;OPERACOES DE RISCO NIVEL AA                       ; 0000000073710897,35
200505;60044112;DRESDNER LATEINAMERIKA AG                                   ;B;4010;0031200006;OPERACOES DE RISCO NIVEL A                        ; 0000000053640041,24
200505;60044112;DRESDNER LATEINAMERIKA AG                                   ;B;4010;0031400002;OPERACOES DE RISCO NIVELC                         ; 0000000002576074,99
200505;60044112;DRESDNER LATEINAMERIKA AG                                   ;B;4010;0031500005;OPERACOES DE RISCO NIVEL D                        ; 0000000028183877,55
200505;60044112;DRESDNER LATEINAMERIKA AG                                   ;B;4010;0031900007;OPERACOES DE RISCO NIVEL H                        ; 0000000029134583,17
200505;60044112;DRESDNER LATEINAMERIKA AG                                   ;B;4010;0039999993;TOTAL GERAL DO ATIVO                              ; 0000009302689120,81
200505;60044112;DRESDNER LATEINAMERIKA AG                                   ;B;4010;0040000008;CIRCULANTE EXIGIVEL A LONGO PRAZO                 ; 0000001019965345,66
200505;60044112;DRESDNER LATEINAMERIKA AG                                   ;B;4010;0041000007;DEPOSITOS                                         ; 0000000192891945,23
200505;60044112;DRESDNER LATEINAMERIKA AG                                   ;B;4010;0041100000;DEPOSITOS A VISTA                                 ; 0000000000262581,98
200505;60044112;DRESDNER LATEINAMERIKA AG                                   ;B;4010;0041300006;DEPOSITOS INTERFINANCEIROS                        ; 0000000191000000,00
200505;60044112;DRESDNER LATEINAMERIKA AG                                   ;B;4010;0041500002;DEPOSITOS A PRAZO                                 ; 0000000001629363,25
200505;60044112;DRESDNER LATEINAMERIKA AG                                   ;B;4010;0044000004;RELACOES INTERFINANCEIRAS                         ; 0000000000028529,65
200505;60044112;DRESDNER LATEINAMERIKA AG                                   ;B;4010;0044100007;OBRIGAÇÕES JUNTO A PARTIC. DE SIST. DE LIQUIDACÃO ; 0000000000028529,65
200505;60044112;DRESDNER LATEINAMERIKA AG                                   ;B;4010;0045000003;RELACOES INTERDEPENDENCIAS                        ; 0000000002852752,47
200505;60044112;DRESDNER LATEINAMERIKA AG                                   ;B;4010;0045100006;RECURSOS EM TRANSITO DE TERCEIROS                 ; 0000000002852752,47
200505;60044112;DRESDNER LATEINAMERIKA AG                                   ;B;4010;0046000002;OBRIGACOES POR EMPRESTIMOS E REPASSES             ; 0000000154374282,73
200505;60044112;DRESDNER LATEINAMERIKA AG                                   ;B;4010;0046300001;EMPRESTIMOS NO EXTERIOR                           ; 0000000097589754,14
200505;60044112;DRESDNER LATEINAMERIKA AG                                   ;B;4010;0046400004;REPASSES DO PAIS - INSTITUICOES OFICIAIS          ; 0000000014735255,87
200505;60044112;DRESDNER LATEINAMERIKA AG                                   ;B;4010;0046600000;REPASSES DO EXTERIOR                              ; 0000000042049272,72
200505;60044112;DRESDNER LATEINAMERIKA AG                                   ;B;4010;0047000001;INSTRUMENTOS FINANCEIROS DERIVATIVOS              ; 0000000061785033,65
200505;60044112;DRESDNER LATEINAMERIKA AG                                   ;B;4010;0047100004;INSTRUMENTOS FINANCEIROS DERIVATIVOS              ; 0000000061785033,65
200505;60044112;DRESDNER LATEINAMERIKA AG                                   ;B;4010;0049000009;OUTRAS OBRIGACOES                                 ; 0000000608032801,93
200505;60044112;DRESDNER LATEINAMERIKA AG                                   ;B;4010;0049200005;CARTEIRA DE CAMBIO                                ; 0000000551126443,08
200505;60044112;DRESDNER LATEINAMERIKA AG                                   ;B;4010;0049400001;FISCAIS E PREVIDENCIARIAS                         ; 0000000015136916,20
200505;60044112;DRESDNER LATEINAMERIKA AG                                   ;B;4010;0049500004;NEGOCIACAO E INTERMEDIACAO DE VALORES             ; 0000000031401664,08
200505;60044112;DRESDNER LATEINAMERIKA AG                                   ;B;4010;0049900006;DIVERSAS                                          ; 0000000010367778,57
200505;60044112;DRESDNER LATEINAMERIKA AG                                   ;B;4010;0050000005;RESULTADOS DE EXERCICIOS FUTUROS                  ; 0000000000338545,52
200505;60044112;DRESDNER LATEINAMERIKA AG                                   ;B;4010;0051000004;RECEITAS DE EXERCICIOS FUTUROS                    ; 0000000000338545,52
200505;60044112;DRESDNER LATEINAMERIKA AG                                   ;B;4010;0051100007;RECEITAS DE EXERCICIOS FUTUROS                    ; 0000000000338545,52
200505;60044112;DRESDNER LATEINAMERIKA AG                                   ;B;4010;0060000002;PATRIMONIO LIQUIDO                                ; 0000000137737611,81
200505;60044112;DRESDNER LATEINAMERIKA AG                                   ;B;4010;0061000001;PATRIMONIO LIQUIDO                                ; 0000000137737611,81
200505;60044112;DRESDNER LATEINAMERIKA AG                                   ;B;4010;0061100004;CAPITAL SOCIAL                                    ; 0000000133857878,58
200505;60044112;DRESDNER LATEINAMERIKA AG                                   ;B;4010;0061300000;RESERVAS DE CAPITAL                               ; 0000000002843705,50
200505;60044112;DRESDNER LATEINAMERIKA AG                                   ;B;4010;0061400003;RESERVAS DE REAVALIACAO                           ; 0000000006536629,31
200505;60044112;DRESDNER LATEINAMERIKA AG                                   ;B;4010;0061500006;RESERVAS DE LUCROS                                ; 0000000008779045,78
200505;60044112;DRESDNER LATEINAMERIKA AG                                   ;B;4010;0061800005;LUCROS OU PREJUIZOS ACUMULADOS                    ;-0000000014279647,36
200505;60044112;DRESDNER LATEINAMERIKA AG                                   ;B;4010;0070000009;CONTAS DE RESULTADO CREDORAS                      ; 0000000669596990,13
200505;60044112;DRESDNER LATEINAMERIKA AG                                   ;B;4010;0071000008;RECEITAS OPERACIONAIS                             ; 0000000669196818,25
200505;60044112;DRESDNER LATEINAMERIKA AG                                   ;B;4010;0071100001;RENDAS DE OPERACOES DE CREDITO                    ; 0000000004021830,33
200505;60044112;DRESDNER LATEINAMERIKA AG                                   ;B;4010;0071300007;RENDAS DE CAMBIO                                  ; 0000000015349594,03
200505;60044112;DRESDNER LATEINAMERIKA AG                                   ;B;4010;0071400000;RENDAS DE APLICACOES INTERFINANCEIRAS DE LIQUIDEZ ; 0000000003526921,20
200505;60044112;DRESDNER LATEINAMERIKA AG                                   ;B;4010;0071500003;RENDAS COM TIT. E VAL. MOB. E INST. FINANC. DERIV.; 0000000611477135,52
200505;60044112;DRESDNER LATEINAMERIKA AG                                   ;B;4010;0071700009;RENDAS DE PRESTACAO DE SERVICOS                   ; 0000000006482484,98
200505;60044112;DRESDNER LATEINAMERIKA AG                                   ;B;4010;0071900005;OUTRAS RECEITAS OPERACIONAIS                      ; 0000000028338852,19
200505;60044112;DRESDNER LATEINAMERIKA AG                                   ;B;4010;0073000006;RECEITAS NAO OPERACIONAIS                         ; 0000000000400171,88
200505;60044112;DRESDNER LATEINAMERIKA AG                                   ;B;4010;0073100009;LUCROS EM TRANSACOES COM VALORES E BENS           ; 0000000000281383,93
200505;60044112;DRESDNER LATEINAMERIKA AG                                   ;B;4010;0073900003;OUTRAS RECEITAS NAO OPERACIONAIS                  ; 0000000000118787,95
200505;60044112;DRESDNER LATEINAMERIKA AG                                   ;B;4010;0080000006;(-) CONTAS DE RESULTADO DEVEDORAS                 ;-0000000685796762,47
200505;60044112;DRESDNER LATEINAMERIKA AG                                   ;B;4010;0081000005;(-) DESPESAS OPERACIONAIS                         ;-0000000682977360,89
200505;60044112;DRESDNER LATEINAMERIKA AG                                   ;B;4010;0081100008;(-) DESPESAS DE CAPTACAO                          ;-0000000017504735,52
200505;60044112;DRESDNER LATEINAMERIKA AG                                   ;B;4010;0081200001;(-) DESP DE OBRIGACOES POR EMPRESTIMOS E REPASSES ;-0000000002446036,14
200505;60044112;DRESDNER LATEINAMERIKA AG                                   ;B;4010;0081400007;(-) DESPESAS DE CAMBIO                            ;-0000000025410624,11
200505;60044112;DRESDNER LATEINAMERIKA AG                                   ;B;4010;0081500000;(-) DESP. COM TIT. E VAL. MOB. E INST. FIN. DERIV.;-0000000581604273,37
200505;60044112;DRESDNER LATEINAMERIKA AG                                   ;B;4010;0081700006;(-) DESPESAS ADMINISTRATIVAS                      ;-0000000022152425,33
200505;60044112;DRESDNER LATEINAMERIKA AG                                   ;B;4010;0081800009;(-) APROVISIONAMENTOS E AJUSTES PATRIMONIAIS      ;-0000000000987804,40
200505;60044112;DRESDNER LATEINAMERIKA AG                                   ;B;4010;0081900002;(-) OUTRAS DESPESAS OPERACIONAIS                  ;-0000000032871462,02
200505;60044112;DRESDNER LATEINAMERIKA AG                                   ;B;4010;0083000003;(-) DESPESAS NAO OPERACIONAIS                     ;-0000000002839640,63
200505;60044112;DRESDNER LATEINAMERIKA AG                                   ;B;4010;0083100006;(-) PREJUIZOS EM TRANSACOES COM VALORES E BENS    ;-0000000002838641,85
200505;60044112;DRESDNER LATEINAMERIKA AG                                   ;B;4010;0083900000;(-) OUTRAS DESPESAS NAO OPERACIONAIS              ;-0000000000000998,78
200505;60044112;DRESDNER LATEINAMERIKA AG                                   ;B;4010;0089000007;(-) APURACAO DE RESULTADO                         ; 0000000000020239,05
200505;60044112;DRESDNER LATEINAMERIKA AG                                   ;B;4010;0089400009;(-) IMPOSTO DE RENDA                              ; 0000000000020239,05
200505;60044112;DRESDNER LATEINAMERIKA AG                                   ;B;4010;0090000003;COMPENSACAO                                       ; 0000008160847390,16
200505;60044112;DRESDNER LATEINAMERIKA AG                                   ;B;4010;0090100006;COOBRIGACOES E RISCOS EM GARANTIAS PRESTADAS      ; 0000000072026246,85
200505;60044112;DRESDNER LATEINAMERIKA AG                                   ;B;4010;0090300002;TITULOS E VALORES MOBILIARIOS                     ; 0000000261121803,76
200505;60044112;DRESDNER LATEINAMERIKA AG                                   ;B;4010;0090400005;CUSTODIA DE VALORES                               ; 0000000320557725,15
200505;60044112;DRESDNER LATEINAMERIKA AG                                   ;B;4010;0090500008;COBRANCA                                          ; 0000000022776426,39
200505;60044112;DRESDNER LATEINAMERIKA AG                                   ;B;4010;0090600001;NEGOCIACAO E INTERMEDIACAO DE VALORES             ; 0000007146515769,93
200505;60044112;DRESDNER LATEINAMERIKA AG                                   ;B;4010;0090900000;CONTROLE                                          ; 0000000150603943,78
200505;60044112;DRESDNER LATEINAMERIKA AG                                   ;B;4010;0091000002;CLASSIFICACAO DA CARTEIRA DE CREDITOS             ; 0000000187245474,30
200505;60044112;DRESDNER LATEINAMERIKA AG                                   ;B;4010;0091100005;OPERACOES DE CREDITOS E ARRENDAMENTO MERCANTIL    ; 0000000187245474,30
200505;60044112;DRESDNER LATEINAMERIKA AG                                   ;B;4010;0099999995;TOTAL GERAL DO PASSIVO                            ; 0000009302689120,81
200505;60394079;BCO ITAUBANK S.A.                                           ;U;4010;0010000007;CIRCULANTE E REALIZAVEL A LONGO PRAZO             ; 0000019159758910,48
200505;60394079;BCO ITAUBANK S.A.                                           ;U;4010;0011000006;DISPONIBILIDADES                                  ; 0000001023869942,66
200505;60394079;BCO ITAUBANK S.A.                                           ;U;4010;0011100009;CAIXA                                             ; 0000000040329496,78
200505;60394079;BCO ITAUBANK S.A.                                           ;U;4010;0011500001;DISPONIBILIDADES EM MOEDAS ESTRANGEIRAS           ; 0000000983540445,88
200505;60394079;BCO ITAUBANK S.A.                                           ;U;4010;0012000005;APLICACOES INTERFINANCEIRAS DE LIQUIDEZ           ; 0000004346214586,83
200505;60394079;BCO ITAUBANK S.A.                                           ;U;4010;0012100008;APLICACOES EM OPERACOES COMPROMISSADAS            ; 0000003893023509,87
200505;60394079;BCO ITAUBANK S.A.                                           ;U;4010;0012200001;APLICACOES EM DEPOSITOS INTERFINANCEIROS          ; 0000000453191076,96
200505;60394079;BCO ITAUBANK S.A.                                           ;U;4010;0013000004;TITULOS E VAL. MOB. E INST. FINANC. DERIVATIVOS   ; 0000004272712741,66
200505;60394079;BCO ITAUBANK S.A.                                           ;U;4010;0013100007;LIVRES                                            ; 0000002268320635,77
200505;60394079;BCO ITAUBANK S.A.                                           ;U;4010;0013200000;VINCULADOS A OPERACOES COMPROMISSADAS             ; 0000001157353019,25
200505;60394079;BCO ITAUBANK S.A.                                           ;U;4010;0013300003;INSTRUMENTOS FINANCEIROS DERIVATIVOS              ; 0000000603427057,53
200505;60394079;BCO ITAUBANK S.A.                                           ;U;4010;0013400006;VINCULADOS AO BANCO CENTRAL                       ; 0000000085223524,11
200505;60394079;BCO ITAUBANK S.A.                                           ;U;4010;0013600002;VINCULADOS A PRESTACAO DE GARANTIAS               ; 0000000158388505,00
200505;60394079;BCO ITAUBANK S.A.                                           ;U;4010;0014000003;RELACOES INTERFINANCEIRAS                         ; 0000001548720650,54
200505;60394079;BCO ITAUBANK S.A.                                           ;U;4010;0014100006;DIREITOS JUNTO A PARTIC. DE SISTEMAS DE LIQUIDAÇÃO; 0000000262395473,95
200505;60394079;BCO ITAUBANK S.A.                                           ;U;4010;0014200009;CREDITOS VINCULADOS                               ; 0000001276880929,96
200505;60394079;BCO ITAUBANK S.A.                                           ;U;4010;0014400005;RELACOES COM CORRESPONDENTES                      ; 0000000009444246,63
200505;60394079;BCO ITAUBANK S.A.                                           ;U;4010;0015000002;RELACOES INTERDEPENDENCIAS                        ; 0000000001388776,23
200505;60394079;BCO ITAUBANK S.A.                                           ;U;4010;0015100005;RECURSOS EM TRANSITO DE TERCEIROS                 ; 0000000001322594,18
200505;60394079;BCO ITAUBANK S.A.                                           ;U;4010;0015200008;TRANSFERENCIAS INTERNAS DE RECURSOS               ; 0000000000066182,05
200505;60394079;BCO ITAUBANK S.A.                                           ;U;4010;0016000001;OPERACOES DE CREDITO                              ; 0000005788411367,91
200505;60394079;BCO ITAUBANK S.A.                                           ;U;4010;0016100004;EMPRESTIMOS E TITULOS DESCONTADOS                 ; 0000004146589689,15
200505;60394079;BCO ITAUBANK S.A.                                           ;U;4010;0016200007;FINANCIAMENTOS                                    ; 0000001098635622,62
200505;60394079;BCO ITAUBANK S.A.                                           ;U;4010;0016300000;FINANCIAMENTOS RURAIS E AGROINDUSTRIAIS           ; 0000000291771562,16
200505;60394079;BCO ITAUBANK S.A.                                           ;U;4010;0016400003;FINANCIAMENTOS IMOBILIARIOS                       ; 0000000490113692,83
200505;60394079;BCO ITAUBANK S.A.                                           ;U;4010;0016900008;(-) PROVISOES PARA OPERACOES DE CREDITO           ;-0000000238699198,85
200505;60394079;BCO ITAUBANK S.A.                                           ;U;4010;0018000009;OUTROS CREDITOS                                   ; 0000002169039193,72
200505;60394079;BCO ITAUBANK S.A.                                           ;U;4010;0018200005;CARTEIRA DE CAMBIO                                ; 0000001261515701,54
200505;60394079;BCO ITAUBANK S.A.                                           ;U;4010;0018300008;RENDAS A RECEBER                                  ; 0000000007515689,56
200505;60394079;BCO ITAUBANK S.A.                                           ;U;4010;0018400001;NEGOCIACAO E INTERMEDIACAO DE VALORES             ; 0000000192075985,76
200505;60394079;BCO ITAUBANK S.A.                                           ;U;4010;0018800003;DIVERSOS                                          ; 0000000739896236,78
200505;60394079;BCO ITAUBANK S.A.                                           ;U;4010;0018900006;(-) PROVISOES PARA OUTROS CREDITOS                ;-0000000031964419,92
200505;60394079;BCO ITAUBANK S.A.                                           ;U;4010;0019000008;OUTROS VALORES E BENS                             ; 0000000009401650,93
200505;60394079;BCO ITAUBANK S.A.                                           ;U;4010;0019800002;OUTROS VALORES E BENS                             ; 0000000006402427,08
200505;60394079;BCO ITAUBANK S.A.                                           ;U;4010;0019900005;DESPESAS ANTECIPADAS                              ; 0000000002999223,85
200505;60394079;BCO ITAUBANK S.A.                                           ;U;4010;0020000004;PERMANENTE                                        ; 0000002218220744,02
200505;60394079;BCO ITAUBANK S.A.                                           ;U;4010;0021000003;INVESTIMENTOS                                     ; 0000001748230356,67
200505;60394079;BCO ITAUBANK S.A.                                           ;U;4010;0021100006;INVESTIMENTOS NO EXTERIOR                         ; 0000000871089301,61
200505;60394079;BCO ITAUBANK S.A.                                           ;U;4010;0021200009;PARTICIPACOES EM COLIGADAS E CONTROLADAS NO PAIS  ; 0000000866136985,23
200505;60394079;BCO ITAUBANK S.A.                                           ;U;4010;0021400005;TITULOS PATRIMONIAIS                              ; 0000000005054214,27
200505;60394079;BCO ITAUBANK S.A.                                           ;U;4010;0021500008;ACOES E COTAS                                     ; 0000000003449540,00
200505;60394079;BCO ITAUBANK S.A.                                           ;U;4010;0021900000;OUTROS INVESTIMENTOS                              ; 0000000002500315,56
200505;60394079;BCO ITAUBANK S.A.                                           ;U;4010;0022000002;IMOBILIZADO DE USO                                ; 0000000363564290,91
200505;60394079;BCO ITAUBANK S.A.                                           ;U;4010;0022200008;IMOBILIZACOES EM CURSO                            ; 0000000036634420,22
200505;60394079;BCO ITAUBANK S.A.                                           ;U;4010;0022300001;IMOVEIS DE USO                                    ; 0000000230806711,78
200505;60394079;BCO ITAUBANK S.A.                                           ;U;4010;0022400004;INSTALACOES, MOVEIS E EQUIPAMENTOS DE USO         ; 0000000049980097,45
200505;60394079;BCO ITAUBANK S.A.                                           ;U;4010;0022900009;OUTROS                                            ; 0000000046143061,46
200505;60394079;BCO ITAUBANK S.A.                                           ;U;4010;0024000000;DIFERIDO                                          ; 0000000106426096,44
200505;60394079;BCO ITAUBANK S.A.                                           ;U;4010;0024100003;GASTOS DE ORGANIZACAO E EXPANSAO                  ; 0000000106426096,44
200505;60394079;BCO ITAUBANK S.A.                                           ;U;4010;0030000001;COMPENSACAO                                       ; 0000286380344101,14
200505;60394079;BCO ITAUBANK S.A.                                           ;U;4010;0030100004;COOBRIGACOES E RISCOS EM GARANTIAS PRESTADAS      ; 0000002445339252,85
200505;60394079;BCO ITAUBANK S.A.                                           ;U;4010;0030300000;TITULOS E VALORES MOBILIARIOS                     ; 0000007323923368,26
200505;60394079;BCO ITAUBANK S.A.                                           ;U;4010;0030400003;CUSTODIA DE VALORES                               ; 0000010968707060,54
200505;60394079;BCO ITAUBANK S.A.                                           ;U;4010;0030500006;COBRANCA                                          ; 0000029214957454,72
200505;60394079;BCO ITAUBANK S.A.                                           ;U;4010;0030600009;NEGOCIACAO E INTERMEDIACAO DE VALORES             ; 0000061515103583,05
200505;60394079;BCO ITAUBANK S.A.                                           ;U;4010;0030800005;CONTRATOS                                         ; 0000060935371283,48
200505;60394079;BCO ITAUBANK S.A.                                           ;U;4010;0030900008;CONTROLE                                          ; 0000107014890318,20
200505;60394079;BCO ITAUBANK S.A.                                           ;U;4010;0031000000;CLASSIFICACAO DA CARTEIRA DE CREDITOS             ; 0000006962051780,04
200505;60394079;BCO ITAUBANK S.A.                                           ;U;4010;0031100003;OPERACOES DE RISCO NIVEL AA                       ; 0000000450637913,22
200505;60394079;BCO ITAUBANK S.A.                                           ;U;4010;0031200006;OPERACOES DE RISCO NIVEL A                        ; 0000001132865842,44
200505;60394079;BCO ITAUBANK S.A.                                           ;U;4010;0031300009;OPERACOES DE RISCO NIVELB                         ; 0000003165526983,35
200505;60394079;BCO ITAUBANK S.A.                                           ;U;4010;0031400002;OPERACOES DE RISCO NIVELC                         ; 0000001811690704,70
200505;60394079;BCO ITAUBANK S.A.                                           ;U;4010;0031500005;OPERACOES DE RISCO NIVEL D                        ; 0000000113498229,39
200505;60394079;BCO ITAUBANK S.A.                                           ;U;4010;0031600008;OPERACOES DE RISCO NIVEL E                        ; 0000000152519840,08
200505;60394079;BCO ITAUBANK S.A.                                           ;U;4010;0031700001;OPERACOES DE RISCO NIVEL F                        ; 0000000022309087,09
200505;60394079;BCO ITAUBANK S.A.                                           ;U;4010;0031800004;OPERACOES DE RISCO NIVEL G                        ; 0000000007563923,27
200505;60394079;BCO ITAUBANK S.A.                                           ;U;4010;0031900007;OPERACOES DE RISCO NIVEL H                        ; 0000000105439256,50
200505;60394079;BCO ITAUBANK S.A.                                           ;U;4010;0039999993;TOTAL GERAL DO ATIVO                              ; 0000307758323755,64
200505;60394079;BCO ITAUBANK S.A.                                           ;U;4010;0040000008;CIRCULANTE EXIGIVEL A LONGO PRAZO                 ; 0000019637179203,20
200505;60394079;BCO ITAUBANK S.A.                                           ;U;4010;0041000007;DEPOSITOS                                         ; 0000004661019710,06
200505;60394079;BCO ITAUBANK S.A.                                           ;U;4010;0041100000;DEPOSITOS A VISTA                                 ; 0000001528474576,73
200505;60394079;BCO ITAUBANK S.A.                                           ;U;4010;0041200003;DEPOSITOS DE POUPANCA                             ; 0000000883424796,47
200505;60394079;BCO ITAUBANK S.A.                                           ;U;4010;0041300006;DEPOSITOS INTERFINANCEIROS                        ; 0000001837019158,01
200505;60394079;BCO ITAUBANK S.A.                                           ;U;4010;0041500002;DEPOSITOS A PRAZO                                 ; 0000000344126742,34
200505;60394079;BCO ITAUBANK S.A.                                           ;U;4010;0041800001;DEPOSITOS EM MOEDAS ESTRANGEIRAS                  ; 0000000061396782,82
200505;60394079;BCO ITAUBANK S.A.                                           ;U;4010;0041900004;OUTROS DEPOSITOS                                  ; 0000000006577653,69
200505;60394079;BCO ITAUBANK S.A.                                           ;U;4010;0042000006;OBRIGACOES POR OPERACOES COMPROMISSADAS           ; 0000004987365274,02
200505;60394079;BCO ITAUBANK S.A.                                           ;U;4010;0042100009;CARTEIRA PROPRIA                                  ; 0000001959221031,97
200505;60394079;BCO ITAUBANK S.A.                                           ;U;4010;0042200002;CARTEIRA DE TERCEIROS                             ; 0000003028144242,05
200505;60394079;BCO ITAUBANK S.A.                                           ;U;4010;0044000004;RELACOES INTERFINANCEIRAS                         ; 0000001805424598,37
200505;60394079;BCO ITAUBANK S.A.                                           ;U;4010;0044100007;OBRIGAÇÕES JUNTO A PARTIC. DE SIST. DE LIQUIDACÃO ; 0000000344345854,27
200505;60394079;BCO ITAUBANK S.A.                                           ;U;4010;0044400006;RELACOES COM CORRESPONDENTES                      ; 0000001461078744,10
200505;60394079;BCO ITAUBANK S.A.                                           ;U;4010;0045000003;RELACOES INTERDEPENDENCIAS                        ; 0000000449177562,19
200505;60394079;BCO ITAUBANK S.A.                                           ;U;4010;0045100006;RECURSOS EM TRANSITO DE TERCEIROS                 ; 0000000448948230,82
200505;60394079;BCO ITAUBANK S.A.                                           ;U;4010;0045200009;TRANSFERENCIAS INTERNAS DE RECURSOS               ; 0000000000229331,37
200505;60394079;BCO ITAUBANK S.A.                                           ;U;4010;0046000002;OBRIGACOES POR EMPRESTIMOS E REPASSES             ; 0000004432254382,23
200505;60394079;BCO ITAUBANK S.A.                                           ;U;4010;0046300001;EMPRESTIMOS NO EXTERIOR                           ; 0000002628559473,62
200505;60394079;BCO ITAUBANK S.A.                                           ;U;4010;0046400004;REPASSES DO PAIS - INSTITUICOES OFICIAIS          ; 0000000807865656,36
200505;60394079;BCO ITAUBANK S.A.                                           ;U;4010;0046600000;REPASSES DO EXTERIOR                              ; 0000000995829252,25
200505;60394079;BCO ITAUBANK S.A.                                           ;U;4010;0047000001;INSTRUMENTOS FINANCEIROS DERIVATIVOS              ; 0000000269362626,97
200505;60394079;BCO ITAUBANK S.A.                                           ;U;4010;0047100004;INSTRUMENTOS FINANCEIROS DERIVATIVOS              ; 0000000269362626,97
200505;60394079;BCO ITAUBANK S.A.                                           ;U;4010;0049000009;OUTRAS OBRIGACOES                                 ; 0000003032575049,36
200505;60394079;BCO ITAUBANK S.A.                                           ;U;4010;0049100002;COBRANCA E ARRECADACAO DE TRIBUTOS E ASSEMELHADOS ; 0000000130645952,47
200505;60394079;BCO ITAUBANK S.A.                                           ;U;4010;0049200005;CARTEIRA DE CAMBIO                                ; 0000000646920422,87
200505;60394079;BCO ITAUBANK S.A.                                           ;U;4010;0049300008;SOCIAIS E ESTATUTARIAS                            ; 0000000009026660,59
200505;60394079;BCO ITAUBANK S.A.                                           ;U;4010;0049400001;FISCAIS E PREVIDENCIARIAS                         ; 0000000433264904,55
200505;60394079;BCO ITAUBANK S.A.                                           ;U;4010;0049500004;NEGOCIACAO E INTERMEDIACAO DE VALORES             ; 0000000181587158,88
200505;60394079;BCO ITAUBANK S.A.                                           ;U;4010;0049900006;DIVERSAS                                          ; 0000001631129950,00
200505;60394079;BCO ITAUBANK S.A.                                           ;U;4010;0050000005;RESULTADOS DE EXERCICIOS FUTUROS                  ; 0000000004367906,69
200505;60394079;BCO ITAUBANK S.A.                                           ;U;4010;0051000004;RECEITAS DE EXERCICIOS FUTUROS                    ; 0000000004367906,69
200505;60394079;BCO ITAUBANK S.A.                                           ;U;4010;0051100007;RECEITAS DE EXERCICIOS FUTUROS                    ; 0000000004367906,69
200505;60394079;BCO ITAUBANK S.A.                                           ;U;4010;0060000002;PATRIMONIO LIQUIDO                                ; 0000001989349792,46
200505;60394079;BCO ITAUBANK S.A.                                           ;U;4010;0061000001;PATRIMONIO LIQUIDO                                ; 0000001989349792,46
200505;60394079;BCO ITAUBANK S.A.                                           ;U;4010;0061100004;CAPITAL SOCIAL                                    ; 0000001773103323,71
200505;60394079;BCO ITAUBANK S.A.                                           ;U;4010;0061300000;RESERVAS DE CAPITAL                               ; 0000000001604400,98
200505;60394079;BCO ITAUBANK S.A.                                           ;U;4010;0061500006;RESERVAS DE LUCROS                                ; 0000000200971863,68
200505;60394079;BCO ITAUBANK S.A.                                           ;U;4010;0061600009;AJUSTES DE AVALIACAO PATRIMONIAL                  ; 0000000013670204,09
200505;60394079;BCO ITAUBANK S.A.                                           ;U;4010;0070000009;CONTAS DE RESULTADO CREDORAS                      ; 0000006188435442,26
200505;60394079;BCO ITAUBANK S.A.                                           ;U;4010;0071000008;RECEITAS OPERACIONAIS                             ; 0000006186407543,94
200505;60394079;BCO ITAUBANK S.A.                                           ;U;4010;0071100001;RENDAS DE OPERACOES DE CREDITO                    ; 0000000590068458,58
200505;60394079;BCO ITAUBANK S.A.                                           ;U;4010;0071300007;RENDAS DE CAMBIO                                  ; 0000000254291641,73
200505;60394079;BCO ITAUBANK S.A.                                           ;U;4010;0071400000;RENDAS DE APLICACOES INTERFINANCEIRAS DE LIQUIDEZ ; 0000000282706170,87
200505;60394079;BCO ITAUBANK S.A.                                           ;U;4010;0071500003;RENDAS COM TIT. E VAL. MOB. E INST. FINANC. DERIV.; 0000004371438635,14
200505;60394079;BCO ITAUBANK S.A.                                           ;U;4010;0071700009;RENDAS DE PRESTACAO DE SERVICOS                   ; 0000000180790639,82
200505;60394079;BCO ITAUBANK S.A.                                           ;U;4010;0071800002;RENDAS DE PARTICIPACOES                           ; 0000000155144448,02
200505;60394079;BCO ITAUBANK S.A.                                           ;U;4010;0071900005;OUTRAS RECEITAS OPERACIONAIS                      ; 0000000351967549,78
200505;60394079;BCO ITAUBANK S.A.                                           ;U;4010;0073000006;RECEITAS NAO OPERACIONAIS                         ; 0000000002027898,32
200505;60394079;BCO ITAUBANK S.A.                                           ;U;4010;0073100009;LUCROS EM TRANSACOES COM VALORES E BENS           ; 0000000000587482,07
200505;60394079;BCO ITAUBANK S.A.                                           ;U;4010;0073900003;OUTRAS RECEITAS NAO OPERACIONAIS                  ; 0000000001440416,25
200505;60394079;BCO ITAUBANK S.A.                                           ;U;4010;0080000006;(-) CONTAS DE RESULTADO DEVEDORAS                 ;-0000006441352690,11
200505;60394079;BCO ITAUBANK S.A.                                           ;U;4010;0081000005;(-) DESPESAS OPERACIONAIS                         ;-0000006397328914,10
200505;60394079;BCO ITAUBANK S.A.                                           ;U;4010;0081100008;(-) DESPESAS DE CAPTACAO                          ;-0000000480706559,56
200505;60394079;BCO ITAUBANK S.A.                                           ;U;4010;0081200001;(-) DESP DE OBRIGACOES POR EMPRESTIMOS E REPASSES ;-0000000259644285,73
200505;60394079;BCO ITAUBANK S.A.                                           ;U;4010;0081400007;(-) DESPESAS DE CAMBIO                            ;-0000000142032097,91
200505;60394079;BCO ITAUBANK S.A.                                           ;U;4010;0081500000;(-) DESP. COM TIT. E VAL. MOB. E INST. FIN. DERIV.;-0000004507429160,80
200505;60394079;BCO ITAUBANK S.A.                                           ;U;4010;0081600003;(-) DESPESAS DE PARTICIPACOES                     ;-0000000300885175,06
200505;60394079;BCO ITAUBANK S.A.                                           ;U;4010;0081700006;(-) DESPESAS ADMINISTRATIVAS                      ;-0000000373922423,13
200505;60394079;BCO ITAUBANK S.A.                                           ;U;4010;0081800009;(-) APROVISIONAMENTOS E AJUSTES PATRIMONIAIS      ;-0000000127742132,81
200505;60394079;BCO ITAUBANK S.A.                                           ;U;4010;0081900002;(-) OUTRAS DESPESAS OPERACIONAIS                  ;-0000000204967079,10
200505;60394079;BCO ITAUBANK S.A.                                           ;U;4010;0083000003;(-) DESPESAS NAO OPERACIONAIS                     ;-0000000002140506,67
200505;60394079;BCO ITAUBANK S.A.                                           ;U;4010;0083100006;(-) PREJUIZOS EM TRANSACOES COM VALORES E BENS    ;-0000000002121121,75
200505;60394079;BCO ITAUBANK S.A.                                           ;U;4010;0083900000;(-) OUTRAS DESPESAS NAO OPERACIONAIS              ;-0000000000019384,92
200505;60394079;BCO ITAUBANK S.A.                                           ;U;4010;0089000007;(-) APURACAO DE RESULTADO                         ;-0000000041883269,34
200505;60394079;BCO ITAUBANK S.A.                                           ;U;4010;0089400009;(-) IMPOSTO DE RENDA                              ;-0000000032837194,10
200505;60394079;BCO ITAUBANK S.A.                                           ;U;4010;0089700008;(-) PARTICIPACOES NO LUCRO                        ;-0000000009046075,24
200505;60394079;BCO ITAUBANK S.A.                                           ;U;4010;0090000003;COMPENSACAO                                       ; 0000286380344101,14
200505;60394079;BCO ITAUBANK S.A.                                           ;U;4010;0090100006;COOBRIGACOES E RISCOS EM GARANTIAS PRESTADAS      ; 0000002445339252,85
200505;60394079;BCO ITAUBANK S.A.                                           ;U;4010;0090300002;TITULOS E VALORES MOBILIARIOS                     ; 0000007323923368,26
200505;60394079;BCO ITAUBANK S.A.                                           ;U;4010;0090400005;CUSTODIA DE VALORES                               ; 0000010968707060,54
200505;60394079;BCO ITAUBANK S.A.                                           ;U;4010;0090500008;COBRANCA                                          ; 0000029214957454,72
200505;60394079;BCO ITAUBANK S.A.                                           ;U;4010;0090600001;NEGOCIACAO E INTERMEDIACAO DE VALORES             ; 0000061515103583,05
200505;60394079;BCO ITAUBANK S.A.                                           ;U;4010;0090800007;CONTRATOS                                         ; 0000060935371283,48
200505;60394079;BCO ITAUBANK S.A.                                           ;U;4010;0090900000;CONTROLE                                          ; 0000107014890318,20
200505;60394079;BCO ITAUBANK S.A.                                           ;U;4010;0091000002;CLASSIFICACAO DA CARTEIRA DE CREDITOS             ; 0000006962051780,04
200505;60394079;BCO ITAUBANK S.A.                                           ;U;4010;0091100005;OPERACOES DE CREDITOS E ARRENDAMENTO MERCANTIL    ; 0000006962051780,04
200505;60394079;BCO ITAUBANK S.A.                                           ;U;4010;0099999995;TOTAL GERAL DO PASSIVO                            ; 0000307758323755,64
200505;60419645;BANCO BANKPAR                                               ;U;4010;0010000007;CIRCULANTE E REALIZAVEL A LONGO PRAZO             ; 0000001217308652,28
200505;60419645;BANCO BANKPAR                                               ;U;4010;0011000006;DISPONIBILIDADES                                  ; 0000000070143321,49
200505;60419645;BANCO BANKPAR                                               ;U;4010;0011100009;CAIXA                                             ; 0000000004185153,08
200505;60419645;BANCO BANKPAR                                               ;U;4010;0011200002;DEPOSITOS BANCARIOS                               ; 0000000060663268,56
200505;60419645;BANCO BANKPAR                                               ;U;4010;0011500001;DISPONIBILIDADES EM MOEDAS ESTRANGEIRAS           ; 0000000005294899,85
200505;60419645;BANCO BANKPAR                                               ;U;4010;0012000005;APLICACOES INTERFINANCEIRAS DE LIQUIDEZ           ; 0000000087259511,00
200505;60419645;BANCO BANKPAR                                               ;U;4010;0012200001;APLICACOES EM DEPOSITOS INTERFINANCEIROS          ; 0000000087259511,00
200505;60419645;BANCO BANKPAR                                               ;U;4010;0013000004;TITULOS E VAL. MOB. E INST. FINANC. DERIVATIVOS   ; 0000000003334902,44
200505;60419645;BANCO BANKPAR                                               ;U;4010;0013100007;LIVRES                                            ; 0000000001353464,79
200505;60419645;BANCO BANKPAR                                               ;U;4010;0013300003;INSTRUMENTOS FINANCEIROS DERIVATIVOS              ; 0000000001963180,45
200505;60419645;BANCO BANKPAR                                               ;U;4010;0013500009;VINCULADO A AQUIS.ACOES DE EMPRESAS ESTATAIS      ; 0000000000018257,20
200505;60419645;BANCO BANKPAR                                               ;U;4010;0018000009;OUTROS CREDITOS                                   ; 0000001055950793,33
200505;60419645;BANCO BANKPAR                                               ;U;4010;0018200005;CARTEIRA DE CAMBIO                                ; 0000000000171844,08
200505;60419645;BANCO BANKPAR                                               ;U;4010;0018800003;DIVERSOS                                          ; 0000001060553297,43
200505;60419645;BANCO BANKPAR                                               ;U;4010;0018900006;(-) PROVISOES PARA OUTROS CREDITOS                ;-0000000004774348,18
200505;60419645;BANCO BANKPAR                                               ;U;4010;0019000008;OUTROS VALORES E BENS                             ; 0000000000620124,02
200505;60419645;BANCO BANKPAR                                               ;U;4010;0019900005;DESPESAS ANTECIPADAS                              ; 0000000000620124,02
200505;60419645;BANCO BANKPAR                                               ;U;4010;0020000004;PERMANENTE                                        ; 0000000004850573,73
200505;60419645;BANCO BANKPAR                                               ;U;4010;0021000003;INVESTIMENTOS                                     ; 0000000000030682,00
200505;60419645;BANCO BANKPAR                                               ;U;4010;0021400005;TITULOS PATRIMONIAIS                              ; 0000000000030682,00
200505;60419645;BANCO BANKPAR                                               ;U;4010;0022000002;IMOBILIZADO DE USO                                ; 0000000002010479,30
200505;60419645;BANCO BANKPAR                                               ;U;4010;0022400004;INSTALACOES, MOVEIS E EQUIPAMENTOS DE USO         ; 0000000000006384,34
200505;60419645;BANCO BANKPAR                                               ;U;4010;0022900009;OUTROS                                            ; 0000000002004094,96
200505;60419645;BANCO BANKPAR                                               ;U;4010;0024000000;DIFERIDO                                          ; 0000000002809412,43
200505;60419645;BANCO BANKPAR                                               ;U;4010;0024100003;GASTOS DE ORGANIZACAO E EXPANSAO                  ; 0000000002809412,43
200505;60419645;BANCO BANKPAR                                               ;U;4010;0030000001;COMPENSACAO                                       ; 0000001296387972,87
200505;60419645;BANCO BANKPAR                                               ;U;4010;0030300000;TITULOS E VALORES MOBILIARIOS                     ; 0000000001371721,99
200505;60419645;BANCO BANKPAR                                               ;U;4010;0030400003;CUSTODIA DE VALORES                               ; 0000000176658313,18
200505;60419645;BANCO BANKPAR                                               ;U;4010;0030600009;NEGOCIACAO E INTERMEDIACAO DE VALORES             ; 0000000152242350,36
200505;60419645;BANCO BANKPAR                                               ;U;4010;0030900008;CONTROLE                                          ; 0000000011245951,72
200505;60419645;BANCO BANKPAR                                               ;U;4010;0031000000;CLASSIFICACAO DA CARTEIRA DE CREDITOS             ; 0000000954869635,62
200505;60419645;BANCO BANKPAR                                               ;U;4010;0031200006;OPERACOES DE RISCO NIVEL A                        ; 0000000954869635,62
200505;60419645;BANCO BANKPAR                                               ;U;4010;0039999993;TOTAL GERAL DO ATIVO                              ; 0000002518547198,88
200505;60419645;BANCO BANKPAR                                               ;U;4010;0040000008;CIRCULANTE EXIGIVEL A LONGO PRAZO                 ; 0000001141297833,11
200505;60419645;BANCO BANKPAR                                               ;U;4010;0041000007;DEPOSITOS                                         ; 0000000090067221,33
200505;60419645;BANCO BANKPAR                                               ;U;4010;0041500002;DEPOSITOS A PRAZO                                 ; 0000000090067221,33
200505;60419645;BANCO BANKPAR                                               ;U;4010;0046000002;OBRIGACOES POR EMPRESTIMOS E REPASSES             ; 0000000052842349,45
200505;60419645;BANCO BANKPAR                                               ;U;4010;0046200008;EMPRESTIMOS NO PAIS - OUTRAS INSTITUICOES         ; 0000000048929685,48
200505;60419645;BANCO BANKPAR                                               ;U;4010;0046300001;EMPRESTIMOS NO EXTERIOR                           ; 0000000003912663,97
200505;60419645;BANCO BANKPAR                                               ;U;4010;0047000001;INSTRUMENTOS FINANCEIROS DERIVATIVOS              ; 0000000002181766,42
200505;60419645;BANCO BANKPAR                                               ;U;4010;0047100004;INSTRUMENTOS FINANCEIROS DERIVATIVOS              ; 0000000002181766,42
200505;60419645;BANCO BANKPAR                                               ;U;4010;0049000009;OUTRAS OBRIGACOES                                 ; 0000000996206495,91
200505;60419645;BANCO BANKPAR                                               ;U;4010;0049200005;CARTEIRA DE CAMBIO                                ; 0000000001759256,81
200505;60419645;BANCO BANKPAR                                               ;U;4010;0049400001;FISCAIS E PREVIDENCIARIAS                         ; 0000000001969436,37
200505;60419645;BANCO BANKPAR                                               ;U;4010;0049900006;DIVERSAS                                          ; 0000000992477802,73
200505;60419645;BANCO BANKPAR                                               ;U;4010;0050000005;RESULTADOS DE EXERCICIOS FUTUROS                  ; 0000000013191666,63
200505;60419645;BANCO BANKPAR                                               ;U;4010;0051000004;RECEITAS DE EXERCICIOS FUTUROS                    ; 0000000013191666,63
200505;60419645;BANCO BANKPAR                                               ;U;4010;0051100007;RECEITAS DE EXERCICIOS FUTUROS                    ; 0000000013191666,63
200505;60419645;BANCO BANKPAR                                               ;U;4010;0060000002;PATRIMONIO LIQUIDO                                ; 0000000080229276,87
200505;60419645;BANCO BANKPAR                                               ;U;4010;0061000001;PATRIMONIO LIQUIDO                                ; 0000000080229276,87
200505;60419645;BANCO BANKPAR                                               ;U;4010;0061100004;CAPITAL SOCIAL                                    ; 0000000120000000,00
200505;60419645;BANCO BANKPAR                                               ;U;4010;0061800005;LUCROS OU PREJUIZOS ACUMULADOS                    ;-0000000039770723,13
200505;60419645;BANCO BANKPAR                                               ;U;4010;0070000009;CONTAS DE RESULTADO CREDORAS                      ; 0000000089874394,23
200505;60419645;BANCO BANKPAR                                               ;U;4010;0071000008;RECEITAS OPERACIONAIS                             ; 0000000086724495,26
200505;60419645;BANCO BANKPAR                                               ;U;4010;0071300007;RENDAS DE CAMBIO                                  ; 0000000003776904,77
200505;60419645;BANCO BANKPAR                                               ;U;4010;0071400000;RENDAS DE APLICACOES INTERFINANCEIRAS DE LIQUIDEZ ; 0000000005221461,20
200505;60419645;BANCO BANKPAR                                               ;U;4010;0071500003;RENDAS COM TIT. E VAL. MOB. E INST. FINANC. DERIV.; 0000000028594089,23
200505;60419645;BANCO BANKPAR                                               ;U;4010;0071700009;RENDAS DE PRESTACAO DE SERVICOS                   ; 0000000000976035,58
200505;60419645;BANCO BANKPAR                                               ;U;4010;0071900005;OUTRAS RECEITAS OPERACIONAIS                      ; 0000000048156004,48
200505;60419645;BANCO BANKPAR                                               ;U;4010;0073000006;RECEITAS NAO OPERACIONAIS                         ; 0000000003149898,97
200505;60419645;BANCO BANKPAR                                               ;U;4010;0073900003;OUTRAS RECEITAS NAO OPERACIONAIS                  ; 0000000003149898,97
200505;60419645;BANCO BANKPAR                                               ;U;4010;0080000006;(-) CONTAS DE RESULTADO DEVEDORAS                 ;-0000000102433944,83
200505;60419645;BANCO BANKPAR                                               ;U;4010;0081000005;(-) DESPESAS OPERACIONAIS                         ;-0000000102433944,83
200505;60419645;BANCO BANKPAR                                               ;U;4010;0081100008;(-) DESPESAS DE CAPTACAO                          ;-0000000003807414,01
200505;60419645;BANCO BANKPAR                                               ;U;4010;0081200001;(-) DESP DE OBRIGACOES POR EMPRESTIMOS E REPASSES ;-0000000000122692,90
200505;60419645;BANCO BANKPAR                                               ;U;4010;0081400007;(-) DESPESAS DE CAMBIO                            ;-0000000000195546,96
200505;60419645;BANCO BANKPAR                                               ;U;4010;0081500000;(-) DESP. COM TIT. E VAL. MOB. E INST. FIN. DERIV.;-0000000027652878,64
200505;60419645;BANCO BANKPAR                                               ;U;4010;0081700006;(-) DESPESAS ADMINISTRATIVAS                      ;-0000000039233407,27
200505;60419645;BANCO BANKPAR                                               ;U;4010;0081800009;(-) APROVISIONAMENTOS E AJUSTES PATRIMONIAIS      ;-0000000000841123,62
200505;60419645;BANCO BANKPAR                                               ;U;4010;0081900002;(-) OUTRAS DESPESAS OPERACIONAIS                  ;-0000000030580881,43
200505;60419645;BANCO BANKPAR                                               ;U;4010;0090000003;COMPENSACAO                                       ; 0000001296387972,87
200505;60419645;BANCO BANKPAR                                               ;U;4010;0090300002;TITULOS E VALORES MOBILIARIOS                     ; 0000000001371721,99
200505;60419645;BANCO BANKPAR                                               ;U;4010;0090400005;CUSTODIA DE VALORES                               ; 0000000176658313,18
200505;60419645;BANCO BANKPAR                                               ;U;4010;0090600001;NEGOCIACAO E INTERMEDIACAO DE VALORES             ; 0000000152242350,36
200505;60419645;BANCO BANKPAR                                               ;U;4010;0090900000;CONTROLE                                          ; 0000000011245951,72
200505;60419645;BANCO BANKPAR                                               ;U;4010;0091000002;CLASSIFICACAO DA CARTEIRA DE CREDITOS             ; 0000000954869635,62
200505;60419645;BANCO BANKPAR                                               ;U;4010;0091100005;OPERACOES DE CREDITOS E ARRENDAMENTO MERCANTIL    ; 0000000954869635,62
200505;60419645;BANCO BANKPAR                                               ;U;4010;0099999995;TOTAL GERAL DO PASSIVO                            ; 0000002518547198,88
200505;60498557;BCO TOKYO-MITSUBISHI UFJ BRASI                              ;U;4010;0010000007;CIRCULANTE E REALIZAVEL A LONGO PRAZO             ; 0000000952498330,69
200505;60498557;BCO TOKYO-MITSUBISHI UFJ BRASI                              ;U;4010;0011000006;DISPONIBILIDADES                                  ; 0000000002864758,48
200505;60498557;BCO TOKYO-MITSUBISHI UFJ BRASI                              ;U;4010;0011100009;CAIXA                                             ; 0000000000098394,22
200505;60498557;BCO TOKYO-MITSUBISHI UFJ BRASI                              ;U;4010;0011500001;DISPONIBILIDADES EM MOEDAS ESTRANGEIRAS           ; 0000000002766364,26
200505;60498557;BCO TOKYO-MITSUBISHI UFJ BRASI                              ;U;4010;0012000005;APLICACOES INTERFINANCEIRAS DE LIQUIDEZ           ; 0000000228041904,13
200505;60498557;BCO TOKYO-MITSUBISHI UFJ BRASI                              ;U;4010;0012100008;APLICACOES EM OPERACOES COMPROMISSADAS            ; 0000000189999261,46
200505;60498557;BCO TOKYO-MITSUBISHI UFJ BRASI                              ;U;4010;0012200001;APLICACOES EM DEPOSITOS INTERFINANCEIROS          ; 0000000006110971,49
200505;60498557;BCO TOKYO-MITSUBISHI UFJ BRASI                              ;U;4010;0012600003;APLICA OES EM MOEDAS ESTRANGEIRAS                 ; 0000000031931671,18
200505;60498557;BCO TOKYO-MITSUBISHI UFJ BRASI                              ;U;4010;0013000004;TITULOS E VAL. MOB. E INST. FINANC. DERIVATIVOS   ; 0000000278638287,35
200505;60498557;BCO TOKYO-MITSUBISHI UFJ BRASI                              ;U;4010;0013100007;LIVRES                                            ; 0000000227986021,39
200505;60498557;BCO TOKYO-MITSUBISHI UFJ BRASI                              ;U;4010;0013300003;INSTRUMENTOS FINANCEIROS DERIVATIVOS              ; 0000000007053409,28
200505;60498557;BCO TOKYO-MITSUBISHI UFJ BRASI                              ;U;4010;0013600002;VINCULADOS A PRESTACAO DE GARANTIAS               ; 0000000043598856,68
200505;60498557;BCO TOKYO-MITSUBISHI UFJ BRASI                              ;U;4010;0014000003;RELACOES INTERFINANCEIRAS                         ; 0000000000586657,74
200505;60498557;BCO TOKYO-MITSUBISHI UFJ BRASI                              ;U;4010;0014100006;DIREITOS JUNTO A PARTIC. DE SISTEMAS DE LIQUIDAÇÃO; 0000000000004300,76
200505;60498557;BCO TOKYO-MITSUBISHI UFJ BRASI                              ;U;4010;0014200009;CREDITOS VINCULADOS                               ; 0000000000582356,98
200505;60498557;BCO TOKYO-MITSUBISHI UFJ BRASI                              ;U;4010;0016000001;OPERACOES DE CREDITO                              ; 0000000218172631,05
200505;60498557;BCO TOKYO-MITSUBISHI UFJ BRASI                              ;U;4010;0016100004;EMPRESTIMOS E TITULOS DESCONTADOS                 ; 0000000172053874,88
200505;60498557;BCO TOKYO-MITSUBISHI UFJ BRASI                              ;U;4010;0016200007;FINANCIAMENTOS                                    ; 0000000049258031,79
200505;60498557;BCO TOKYO-MITSUBISHI UFJ BRASI                              ;U;4010;0016900008;(-) PROVISOES PARA OPERACOES DE CREDITO           ;-0000000003139275,62
200505;60498557;BCO TOKYO-MITSUBISHI UFJ BRASI                              ;U;4010;0018000009;OUTROS CREDITOS                                   ; 0000000223761855,24
200505;60498557;BCO TOKYO-MITSUBISHI UFJ BRASI                              ;U;4010;0018200005;CARTEIRA DE CAMBIO                                ; 0000000195931578,27
200505;60498557;BCO TOKYO-MITSUBISHI UFJ BRASI                              ;U;4010;0018300008;RENDAS A RECEBER                                  ; 0000000000219469,39
200505;60498557;BCO TOKYO-MITSUBISHI UFJ BRASI                              ;U;4010;0018400001;NEGOCIACAO E INTERMEDIACAO DE VALORES             ; 0000000003867856,92
200505;60498557;BCO TOKYO-MITSUBISHI UFJ BRASI                              ;U;4010;0018800003;DIVERSOS                                          ; 0000000024351026,81
200505;60498557;BCO TOKYO-MITSUBISHI UFJ BRASI                              ;U;4010;0018900006;(-) PROVISOES PARA OUTROS CREDITOS                ;-0000000000608076,15
200505;60498557;BCO TOKYO-MITSUBISHI UFJ BRASI                              ;U;4010;0019000008;OUTROS VALORES E BENS                             ; 0000000000432236,70
200505;60498557;BCO TOKYO-MITSUBISHI UFJ BRASI                              ;U;4010;0019800002;OUTROS VALORES E BENS                             ; 0000000000166984,54
200505;60498557;BCO TOKYO-MITSUBISHI UFJ BRASI                              ;U;4010;0019900005;DESPESAS ANTECIPADAS                              ; 0000000000265252,16
200505;60498557;BCO TOKYO-MITSUBISHI UFJ BRASI                              ;U;4010;0020000004;PERMANENTE                                        ; 0000000005911614,65
200505;60498557;BCO TOKYO-MITSUBISHI UFJ BRASI                              ;U;4010;0022000002;IMOBILIZADO DE USO                                ; 0000000003653551,01
200505;60498557;BCO TOKYO-MITSUBISHI UFJ BRASI                              ;U;4010;0022200008;IMOBILIZACOES EM CURSO                            ; 0000000000156516,28
200505;60498557;BCO TOKYO-MITSUBISHI UFJ BRASI                              ;U;4010;0022300001;IMOVEIS DE USO                                    ; 0000000001964766,45
200505;60498557;BCO TOKYO-MITSUBISHI UFJ BRASI                              ;U;4010;0022400004;INSTALACOES, MOVEIS E EQUIPAMENTOS DE USO         ; 0000000000337215,64
200505;60498557;BCO TOKYO-MITSUBISHI UFJ BRASI                              ;U;4010;0022900009;OUTROS                                            ; 0000000001195052,64
200505;60498557;BCO TOKYO-MITSUBISHI UFJ BRASI                              ;U;4010;0024000000;DIFERIDO                                          ; 0000000002258063,64
200505;60498557;BCO TOKYO-MITSUBISHI UFJ BRASI                              ;U;4010;0024100003;GASTOS DE ORGANIZACAO E EXPANSAO                  ; 0000000002258063,64
200505;60498557;BCO TOKYO-MITSUBISHI UFJ BRASI                              ;U;4010;0030000001;COMPENSACAO                                       ; 0000003507327645,46
200505;60498557;BCO TOKYO-MITSUBISHI UFJ BRASI                              ;U;4010;0030100004;COOBRIGACOES E RISCOS EM GARANTIAS PRESTADAS      ; 0000000119367056,93
200505;60498557;BCO TOKYO-MITSUBISHI UFJ BRASI                              ;U;4010;0030300000;TITULOS E VALORES MOBILIARIOS                     ; 0000000543169756,14
200505;60498557;BCO TOKYO-MITSUBISHI UFJ BRASI                              ;U;4010;0030400003;CUSTODIA DE VALORES                               ; 0000000999148504,12
200505;60498557;BCO TOKYO-MITSUBISHI UFJ BRASI                              ;U;4010;0030500006;COBRANCA                                          ; 0000000071556790,06
200505;60498557;BCO TOKYO-MITSUBISHI UFJ BRASI                              ;U;4010;0030600009;NEGOCIACAO E INTERMEDIACAO DE VALORES             ; 0000000477628571,42
200505;60498557;BCO TOKYO-MITSUBISHI UFJ BRASI                              ;U;4010;0030800005;CONTRATOS                                         ; 0000000586597368,92
200505;60498557;BCO TOKYO-MITSUBISHI UFJ BRASI                              ;U;4010;0030900008;CONTROLE                                          ; 0000000321727747,44
200505;60498557;BCO TOKYO-MITSUBISHI UFJ BRASI                              ;U;4010;0031000000;CLASSIFICACAO DA CARTEIRA DE CREDITOS             ; 0000000388131850,43
200505;60498557;BCO TOKYO-MITSUBISHI UFJ BRASI                              ;U;4010;0031100003;OPERACOES DE RISCO NIVEL AA                       ; 0000000322129178,50
200505;60498557;BCO TOKYO-MITSUBISHI UFJ BRASI                              ;U;4010;0031200006;OPERACOES DE RISCO NIVEL A                        ; 0000000000025499,79
200505;60498557;BCO TOKYO-MITSUBISHI UFJ BRASI                              ;U;4010;0031300009;OPERACOES DE RISCO NIVELB                         ; 0000000015679215,84
200505;60498557;BCO TOKYO-MITSUBISHI UFJ BRASI                              ;U;4010;0031400002;OPERACOES DE RISCO NIVELC                         ; 0000000036704650,14
200505;60498557;BCO TOKYO-MITSUBISHI UFJ BRASI                              ;U;4010;0031500005;OPERACOES DE RISCO NIVEL D                        ; 0000000013593306,16
200505;60498557;BCO TOKYO-MITSUBISHI UFJ BRASI                              ;U;4010;0039999993;TOTAL GERAL DO ATIVO                              ; 0000004465737590,80
200505;60498557;BCO TOKYO-MITSUBISHI UFJ BRASI                              ;U;4010;0040000008;CIRCULANTE EXIGIVEL A LONGO PRAZO                 ; 0000000667490913,53
200505;60498557;BCO TOKYO-MITSUBISHI UFJ BRASI                              ;U;4010;0041000007;DEPOSITOS                                         ; 0000000176399068,25
200505;60498557;BCO TOKYO-MITSUBISHI UFJ BRASI                              ;U;4010;0041100000;DEPOSITOS A VISTA                                 ; 0000000015973368,72
200505;60498557;BCO TOKYO-MITSUBISHI UFJ BRASI                              ;U;4010;0041300006;DEPOSITOS INTERFINANCEIROS                        ; 0000000002000000,00
200505;60498557;BCO TOKYO-MITSUBISHI UFJ BRASI                              ;U;4010;0041500002;DEPOSITOS A PRAZO                                 ; 0000000158425463,88
200505;60498557;BCO TOKYO-MITSUBISHI UFJ BRASI                              ;U;4010;0041900004;OUTROS DEPOSITOS                                  ; 0000000000000235,65
200505;60498557;BCO TOKYO-MITSUBISHI UFJ BRASI                              ;U;4010;0042000006;OBRIGACOES POR OPERACOES COMPROMISSADAS           ; 0000000053962513,15
200505;60498557;BCO TOKYO-MITSUBISHI UFJ BRASI                              ;U;4010;0042200002;CARTEIRA DE TERCEIROS                             ; 0000000053962513,15
200505;60498557;BCO TOKYO-MITSUBISHI UFJ BRASI                              ;U;4010;0044000004;RELACOES INTERFINANCEIRAS                         ; 0000000000691140,09
200505;60498557;BCO TOKYO-MITSUBISHI UFJ BRASI                              ;U;4010;0044100007;OBRIGAÇÕES JUNTO A PARTIC. DE SIST. DE LIQUIDACÃO ; 0000000000691140,09
200505;60498557;BCO TOKYO-MITSUBISHI UFJ BRASI                              ;U;4010;0045000003;RELACOES INTERDEPENDENCIAS                        ; 0000000019914979,57
200505;60498557;BCO TOKYO-MITSUBISHI UFJ BRASI                              ;U;4010;0045100006;RECURSOS EM TRANSITO DE TERCEIROS                 ; 0000000019914979,57
200505;60498557;BCO TOKYO-MITSUBISHI UFJ BRASI                              ;U;4010;0046000002;OBRIGACOES POR EMPRESTIMOS E REPASSES             ; 0000000326275640,28
200505;60498557;BCO TOKYO-MITSUBISHI UFJ BRASI                              ;U;4010;0046300001;EMPRESTIMOS NO EXTERIOR                           ; 0000000193841769,85
200505;60498557;BCO TOKYO-MITSUBISHI UFJ BRASI                              ;U;4010;0046400004;REPASSES DO PAIS - INSTITUICOES OFICIAIS          ; 0000000016574781,34
200505;60498557;BCO TOKYO-MITSUBISHI UFJ BRASI                              ;U;4010;0046600000;REPASSES DO EXTERIOR                              ; 0000000115859089,09
200505;60498557;BCO TOKYO-MITSUBISHI UFJ BRASI                              ;U;4010;0047000001;INSTRUMENTOS FINANCEIROS DERIVATIVOS              ; 0000000001763966,53
200505;60498557;BCO TOKYO-MITSUBISHI UFJ BRASI                              ;U;4010;0047100004;INSTRUMENTOS FINANCEIROS DERIVATIVOS              ; 0000000001763966,53
200505;60498557;BCO TOKYO-MITSUBISHI UFJ BRASI                              ;U;4010;0049000009;OUTRAS OBRIGACOES                                 ; 0000000088483605,66
200505;60498557;BCO TOKYO-MITSUBISHI UFJ BRASI                              ;U;4010;0049100002;COBRANCA E ARRECADACAO DE TRIBUTOS E ASSEMELHADOS ; 0000000000031547,85
200505;60498557;BCO TOKYO-MITSUBISHI UFJ BRASI                              ;U;4010;0049200005;CARTEIRA DE CAMBIO                                ; 0000000046647742,86
200505;60498557;BCO TOKYO-MITSUBISHI UFJ BRASI                              ;U;4010;0049300008;SOCIAIS E ESTATUTARIAS                            ; 0000000000015275,48
200505;60498557;BCO TOKYO-MITSUBISHI UFJ BRASI                              ;U;4010;0049400001;FISCAIS E PREVIDENCIARIAS                         ; 0000000023067213,81
200505;60498557;BCO TOKYO-MITSUBISHI UFJ BRASI                              ;U;4010;0049500004;NEGOCIACAO E INTERMEDIACAO DE VALORES             ; 0000000000321586,98
200505;60498557;BCO TOKYO-MITSUBISHI UFJ BRASI                              ;U;4010;0049900006;DIVERSAS                                          ; 0000000018400238,68
200505;60498557;BCO TOKYO-MITSUBISHI UFJ BRASI                              ;U;4010;0050000005;RESULTADOS DE EXERCICIOS FUTUROS                  ; 0000000000409827,86
200505;60498557;BCO TOKYO-MITSUBISHI UFJ BRASI                              ;U;4010;0051000004;RECEITAS DE EXERCICIOS FUTUROS                    ; 0000000000409827,86
200505;60498557;BCO TOKYO-MITSUBISHI UFJ BRASI                              ;U;4010;0051100007;RECEITAS DE EXERCICIOS FUTUROS                    ; 0000000000409827,86
200505;60498557;BCO TOKYO-MITSUBISHI UFJ BRASI                              ;U;4010;0060000002;PATRIMONIO LIQUIDO                                ; 0000000324913458,14
200505;60498557;BCO TOKYO-MITSUBISHI UFJ BRASI                              ;U;4010;0061000001;PATRIMONIO LIQUIDO                                ; 0000000324913458,14
200505;60498557;BCO TOKYO-MITSUBISHI UFJ BRASI                              ;U;4010;0061100004;CAPITAL SOCIAL                                    ; 0000000186911140,14
200505;60498557;BCO TOKYO-MITSUBISHI UFJ BRASI                              ;U;4010;0061300000;RESERVAS DE CAPITAL                               ; 0000000005103007,78
200505;60498557;BCO TOKYO-MITSUBISHI UFJ BRASI                              ;U;4010;0061500006;RESERVAS DE LUCROS                                ; 0000000012622211,59
200505;60498557;BCO TOKYO-MITSUBISHI UFJ BRASI                              ;U;4010;0061600009;AJUSTES DE AVALIACAO PATRIMONIAL                  ; 0000000000642173,73
200505;60498557;BCO TOKYO-MITSUBISHI UFJ BRASI                              ;U;4010;0061800005;LUCROS OU PREJUIZOS ACUMULADOS                    ; 0000000122776141,98
200505;60498557;BCO TOKYO-MITSUBISHI UFJ BRASI                              ;U;4010;0061900008;(-) ACOES EM TESOURARIA                           ;-0000000003141217,08
200505;60498557;BCO TOKYO-MITSUBISHI UFJ BRASI                              ;U;4010;0070000009;CONTAS DE RESULTADO CREDORAS                      ; 0000000180854200,30
200505;60498557;BCO TOKYO-MITSUBISHI UFJ BRASI                              ;U;4010;0071000008;RECEITAS OPERACIONAIS                             ; 0000000180841129,55
200505;60498557;BCO TOKYO-MITSUBISHI UFJ BRASI                              ;U;4010;0071100001;RENDAS DE OPERACOES DE CREDITO                    ; 0000000009570938,59
200505;60498557;BCO TOKYO-MITSUBISHI UFJ BRASI                              ;U;4010;0071300007;RENDAS DE CAMBIO                                  ; 0000000022427409,08
200505;60498557;BCO TOKYO-MITSUBISHI UFJ BRASI                              ;U;4010;0071400000;RENDAS DE APLICACOES INTERFINANCEIRAS DE LIQUIDEZ ; 0000000019037631,20
200505;60498557;BCO TOKYO-MITSUBISHI UFJ BRASI                              ;U;4010;0071500003;RENDAS COM TIT. E VAL. MOB. E INST. FINANC. DERIV.; 0000000091826216,15
200505;60498557;BCO TOKYO-MITSUBISHI UFJ BRASI                              ;U;4010;0071700009;RENDAS DE PRESTACAO DE SERVICOS                   ; 0000000000973051,90
200505;60498557;BCO TOKYO-MITSUBISHI UFJ BRASI                              ;U;4010;0071900005;OUTRAS RECEITAS OPERACIONAIS                      ; 0000000037005882,63
200505;60498557;BCO TOKYO-MITSUBISHI UFJ BRASI                              ;U;4010;0073000006;RECEITAS NAO OPERACIONAIS                         ; 0000000000013070,75
200505;60498557;BCO TOKYO-MITSUBISHI UFJ BRASI                              ;U;4010;0073100009;LUCROS EM TRANSACOES COM VALORES E BENS           ; 0000000000013000,00
200505;60498557;BCO TOKYO-MITSUBISHI UFJ BRASI                              ;U;4010;0073900003;OUTRAS RECEITAS NAO OPERACIONAIS                  ; 0000000000000070,75
200505;60498557;BCO TOKYO-MITSUBISHI UFJ BRASI                              ;U;4010;0080000006;(-) CONTAS DE RESULTADO DEVEDORAS                 ;-0000000215258454,49
200505;60498557;BCO TOKYO-MITSUBISHI UFJ BRASI                              ;U;4010;0081000005;(-) DESPESAS OPERACIONAIS                         ;-0000000215319534,07
200505;60498557;BCO TOKYO-MITSUBISHI UFJ BRASI                              ;U;4010;0081100008;(-) DESPESAS DE CAPTACAO                          ;-0000000015676766,57
200505;60498557;BCO TOKYO-MITSUBISHI UFJ BRASI                              ;U;4010;0081200001;(-) DESP DE OBRIGACOES POR EMPRESTIMOS E REPASSES ;-0000000005025997,45
200505;60498557;BCO TOKYO-MITSUBISHI UFJ BRASI                              ;U;4010;0081400007;(-) DESPESAS DE CAMBIO                            ;-0000000033147744,50
200505;60498557;BCO TOKYO-MITSUBISHI UFJ BRASI                              ;U;4010;0081500000;(-) DESP. COM TIT. E VAL. MOB. E INST. FIN. DERIV.;-0000000112946395,17
200505;60498557;BCO TOKYO-MITSUBISHI UFJ BRASI                              ;U;4010;0081700006;(-) DESPESAS ADMINISTRATIVAS                      ;-0000000014752926,25
200505;60498557;BCO TOKYO-MITSUBISHI UFJ BRASI                              ;U;4010;0081800009;(-) APROVISIONAMENTOS E AJUSTES PATRIMONIAIS      ;-0000000002553478,85
200505;60498557;BCO TOKYO-MITSUBISHI UFJ BRASI                              ;U;4010;0081900002;(-) OUTRAS DESPESAS OPERACIONAIS                  ;-0000000031216225,28
200505;60498557;BCO TOKYO-MITSUBISHI UFJ BRASI                              ;U;4010;0083000003;(-) DESPESAS NAO OPERACIONAIS                     ;-0000000000054087,78
200505;60498557;BCO TOKYO-MITSUBISHI UFJ BRASI                              ;U;4010;0083100006;(-) PREJUIZOS EM TRANSACOES COM VALORES E BENS    ;-0000000000051346,85
200505;60498557;BCO TOKYO-MITSUBISHI UFJ BRASI                              ;U;4010;0083900000;(-) OUTRAS DESPESAS NAO OPERACIONAIS              ;-0000000000002740,93
200505;60498557;BCO TOKYO-MITSUBISHI UFJ BRASI                              ;U;4010;0089000007;(-) APURACAO DE RESULTADO                         ; 0000000000115167,36
200505;60498557;BCO TOKYO-MITSUBISHI UFJ BRASI                              ;U;4010;0089400009;(-) IMPOSTO DE RENDA                              ; 0000000000115167,36
200505;60498557;BCO TOKYO-MITSUBISHI UFJ BRASI                              ;U;4010;0090000003;COMPENSACAO                                       ; 0000003507327645,46
200505;60498557;BCO TOKYO-MITSUBISHI UFJ BRASI                              ;U;4010;0090100006;COOBRIGACOES E RISCOS EM GARANTIAS PRESTADAS      ; 0000000119367056,93
200505;60498557;BCO TOKYO-MITSUBISHI UFJ BRASI                              ;U;4010;0090300002;TITULOS E VALORES MOBILIARIOS                     ; 0000000543169756,14
200505;60498557;BCO TOKYO-MITSUBISHI UFJ BRASI                              ;U;4010;0090400005;CUSTODIA DE VALORES                               ; 0000000999148504,12
200505;60498557;BCO TOKYO-MITSUBISHI UFJ BRASI                              ;U;4010;0090500008;COBRANCA                                          ; 0000000071556790,06
200505;60498557;BCO TOKYO-MITSUBISHI UFJ BRASI                              ;U;4010;0090600001;NEGOCIACAO E INTERMEDIACAO DE VALORES             ; 0000000477628571,42
200505;60498557;BCO TOKYO-MITSUBISHI UFJ BRASI                              ;U;4010;0090800007;CONTRATOS                                         ; 0000000586597368,92
200505;60498557;BCO TOKYO-MITSUBISHI UFJ BRASI                              ;U;4010;0090900000;CONTROLE                                          ; 0000000321727747,44
200505;60498557;BCO TOKYO-MITSUBISHI UFJ BRASI                              ;U;4010;0091000002;CLASSIFICACAO DA CARTEIRA DE CREDITOS             ; 0000000388131850,43
200505;60498557;BCO TOKYO-MITSUBISHI UFJ BRASI                              ;U;4010;0091100005;OPERACOES DE CREDITOS E ARRENDAMENTO MERCANTIL    ; 0000000388131850,43
200505;60498557;BCO TOKYO-MITSUBISHI UFJ BRASI                              ;U;4010;0099999995;TOTAL GERAL DO PASSIVO                            ; 0000004465737590,80
200505;60518222;BCO SUMITOMO MITSUI BRASILEIRO                              ;U;4010;0010000007;CIRCULANTE E REALIZAVEL A LONGO PRAZO             ; 0000000823279146,86
200505;60518222;BCO SUMITOMO MITSUI BRASILEIRO                              ;U;4010;0011000006;DISPONIBILIDADES                                  ; 0000000003138201,69
200505;60518222;BCO SUMITOMO MITSUI BRASILEIRO                              ;U;4010;0011100009;CAIXA                                             ; 0000000000032502,20
200505;60518222;BCO SUMITOMO MITSUI BRASILEIRO                              ;U;4010;0011500001;DISPONIBILIDADES EM MOEDAS ESTRANGEIRAS           ; 0000000003105699,49
200505;60518222;BCO SUMITOMO MITSUI BRASILEIRO                              ;U;4010;0012000005;APLICACOES INTERFINANCEIRAS DE LIQUIDEZ           ; 0000000168850544,12
200505;60518222;BCO SUMITOMO MITSUI BRASILEIRO                              ;U;4010;0012100008;APLICACOES EM OPERACOES COMPROMISSADAS            ; 0000000145999452,47
200505;60518222;BCO SUMITOMO MITSUI BRASILEIRO                              ;U;4010;0012200001;APLICACOES EM DEPOSITOS INTERFINANCEIROS          ; 0000000006030091,65
200505;60518222;BCO SUMITOMO MITSUI BRASILEIRO                              ;U;4010;0012600003;APLICA OES EM MOEDAS ESTRANGEIRAS                 ; 0000000016821000,00
200505;60518222;BCO SUMITOMO MITSUI BRASILEIRO                              ;U;4010;0013000004;TITULOS E VAL. MOB. E INST. FINANC. DERIVATIVOS   ; 0000000320239331,61
200505;60518222;BCO SUMITOMO MITSUI BRASILEIRO                              ;U;4010;0013100007;LIVRES                                            ; 0000000296319489,83
200505;60518222;BCO SUMITOMO MITSUI BRASILEIRO                              ;U;4010;0013600002;VINCULADOS A PRESTACAO DE GARANTIAS               ; 0000000023919841,78
200505;60518222;BCO SUMITOMO MITSUI BRASILEIRO                              ;U;4010;0014000003;RELACOES INTERFINANCEIRAS                         ; 0000000041506100,99
200505;60518222;BCO SUMITOMO MITSUI BRASILEIRO                              ;U;4010;0014100006;DIREITOS JUNTO A PARTIC. DE SISTEMAS DE LIQUIDAÇÃO; 0000000000033072,80
200505;60518222;BCO SUMITOMO MITSUI BRASILEIRO                              ;U;4010;0014200009;CREDITOS VINCULADOS                               ; 0000000000900112,77
200505;60518222;BCO SUMITOMO MITSUI BRASILEIRO                              ;U;4010;0014300002;REPASSES INTERFINANCEIROS                         ; 0000000040527786,56
200505;60518222;BCO SUMITOMO MITSUI BRASILEIRO                              ;U;4010;0014400005;RELACOES COM CORRESPONDENTES                      ; 0000000000045128,86
200505;60518222;BCO SUMITOMO MITSUI BRASILEIRO                              ;U;4010;0016000001;OPERACOES DE CREDITO                              ; 0000000188190163,31
200505;60518222;BCO SUMITOMO MITSUI BRASILEIRO                              ;U;4010;0016100004;EMPRESTIMOS E TITULOS DESCONTADOS                 ; 0000000133014378,00
200505;60518222;BCO SUMITOMO MITSUI BRASILEIRO                              ;U;4010;0016200007;FINANCIAMENTOS                                    ; 0000000056115899,44
200505;60518222;BCO SUMITOMO MITSUI BRASILEIRO                              ;U;4010;0016900008;(-) PROVISOES PARA OPERACOES DE CREDITO           ;-0000000000940114,13
200505;60518222;BCO SUMITOMO MITSUI BRASILEIRO                              ;U;4010;0018000009;OUTROS CREDITOS                                   ; 0000000101163552,49
200505;60518222;BCO SUMITOMO MITSUI BRASILEIRO                              ;U;4010;0018200005;CARTEIRA DE CAMBIO                                ; 0000000078791913,22
200505;60518222;BCO SUMITOMO MITSUI BRASILEIRO                              ;U;4010;0018300008;RENDAS A RECEBER                                  ; 0000000000017943,14
200505;60518222;BCO SUMITOMO MITSUI BRASILEIRO                              ;U;4010;0018800003;DIVERSOS                                          ; 0000000022770537,68
200505;60518222;BCO SUMITOMO MITSUI BRASILEIRO                              ;U;4010;0018900006;(-) PROVISOES PARA OUTROS CREDITOS                ;-0000000000416841,55
200505;60518222;BCO SUMITOMO MITSUI BRASILEIRO                              ;U;4010;0019000008;OUTROS VALORES E BENS                             ; 0000000000191252,65
200505;60518222;BCO SUMITOMO MITSUI BRASILEIRO                              ;U;4010;0019800002;OUTROS VALORES E BENS                             ; 0000000000028243,05
200505;60518222;BCO SUMITOMO MITSUI BRASILEIRO                              ;U;4010;0019900005;DESPESAS ANTECIPADAS                              ; 0000000000163009,60
200505;60518222;BCO SUMITOMO MITSUI BRASILEIRO                              ;U;4010;0020000004;PERMANENTE                                        ; 0000000002086984,40
200505;60518222;BCO SUMITOMO MITSUI BRASILEIRO                              ;U;4010;0021000003;INVESTIMENTOS                                     ; 0000000000019844,17
200505;60518222;BCO SUMITOMO MITSUI BRASILEIRO                              ;U;4010;0021400005;TITULOS PATRIMONIAIS                              ; 0000000000019428,01
200505;60518222;BCO SUMITOMO MITSUI BRASILEIRO                              ;U;4010;0021500008;ACOES E COTAS                                     ; 0000000000000316,16
200505;60518222;BCO SUMITOMO MITSUI BRASILEIRO                              ;U;4010;0021900000;OUTROS INVESTIMENTOS                              ; 0000000000000100,00
200505;60518222;BCO SUMITOMO MITSUI BRASILEIRO                              ;U;4010;0022000002;IMOBILIZADO DE USO                                ; 0000000001149668,82
200505;60518222;BCO SUMITOMO MITSUI BRASILEIRO                              ;U;4010;0022400004;INSTALACOES, MOVEIS E EQUIPAMENTOS DE USO         ; 0000000000296274,99
200505;60518222;BCO SUMITOMO MITSUI BRASILEIRO                              ;U;4010;0022900009;OUTROS                                            ; 0000000000853393,83
200505;60518222;BCO SUMITOMO MITSUI BRASILEIRO                              ;U;4010;0024000000;DIFERIDO                                          ; 0000000000917471,41
200505;60518222;BCO SUMITOMO MITSUI BRASILEIRO                              ;U;4010;0024100003;GASTOS DE ORGANIZACAO E EXPANSAO                  ; 0000000000917471,41
200505;60518222;BCO SUMITOMO MITSUI BRASILEIRO                              ;U;4010;0030000001;COMPENSACAO                                       ; 0000002873571118,77
200505;60518222;BCO SUMITOMO MITSUI BRASILEIRO                              ;U;4010;0030100004;COOBRIGACOES E RISCOS EM GARANTIAS PRESTADAS      ; 0000000038218141,02
200505;60518222;BCO SUMITOMO MITSUI BRASILEIRO                              ;U;4010;0030300000;TITULOS E VALORES MOBILIARIOS                     ; 0000000640478663,22
200505;60518222;BCO SUMITOMO MITSUI BRASILEIRO                              ;U;4010;0030400003;CUSTODIA DE VALORES                               ; 0000000477322958,46
200505;60518222;BCO SUMITOMO MITSUI BRASILEIRO                              ;U;4010;0030500006;COBRANCA                                          ; 0000000112792202,49
200505;60518222;BCO SUMITOMO MITSUI BRASILEIRO                              ;U;4010;0030800005;CONTRATOS                                         ; 0000000144602380,41
200505;60518222;BCO SUMITOMO MITSUI BRASILEIRO                              ;U;4010;0030900008;CONTROLE                                          ; 0000001197692256,29
200505;60518222;BCO SUMITOMO MITSUI BRASILEIRO                              ;U;4010;0031000000;CLASSIFICACAO DA CARTEIRA DE CREDITOS             ; 0000000262464516,88
200505;60518222;BCO SUMITOMO MITSUI BRASILEIRO                              ;U;4010;0031100003;OPERACOES DE RISCO NIVEL AA                       ; 0000000203823042,61
200505;60518222;BCO SUMITOMO MITSUI BRASILEIRO                              ;U;4010;0031200006;OPERACOES DE RISCO NIVEL A                        ; 0000000058641474,27
200505;60518222;BCO SUMITOMO MITSUI BRASILEIRO                              ;U;4010;0039999993;TOTAL GERAL DO ATIVO                              ; 0000003698937250,03
200505;60518222;BCO SUMITOMO MITSUI BRASILEIRO                              ;U;4010;0040000008;CIRCULANTE EXIGIVEL A LONGO PRAZO                 ; 0000000548013833,29
200505;60518222;BCO SUMITOMO MITSUI BRASILEIRO                              ;U;4010;0041000007;DEPOSITOS                                         ; 0000000230470221,22
200505;60518222;BCO SUMITOMO MITSUI BRASILEIRO                              ;U;4010;0041100000;DEPOSITOS A VISTA                                 ; 0000000030460881,21
200505;60518222;BCO SUMITOMO MITSUI BRASILEIRO                              ;U;4010;0041500002;DEPOSITOS A PRAZO                                 ; 0000000199030941,47
200505;60518222;BCO SUMITOMO MITSUI BRASILEIRO                              ;U;4010;0041800001;DEPOSITOS EM MOEDAS ESTRANGEIRAS                  ; 0000000000968960,51
200505;60518222;BCO SUMITOMO MITSUI BRASILEIRO                              ;U;4010;0041900004;OUTROS DEPOSITOS                                  ; 0000000000009438,03
200505;60518222;BCO SUMITOMO MITSUI BRASILEIRO                              ;U;4010;0042000006;OBRIGACOES POR OPERACOES COMPROMISSADAS           ; 0000000044225530,33
200505;60518222;BCO SUMITOMO MITSUI BRASILEIRO                              ;U;4010;0042200002;CARTEIRA DE TERCEIROS                             ; 0000000044225530,33
200505;60518222;BCO SUMITOMO MITSUI BRASILEIRO                              ;U;4010;0044000004;RELACOES INTERFINANCEIRAS                         ; 0000000000282880,95
200505;60518222;BCO SUMITOMO MITSUI BRASILEIRO                              ;U;4010;0044100007;OBRIGAÇÕES JUNTO A PARTIC. DE SIST. DE LIQUIDACÃO ; 0000000000282880,95
200505;60518222;BCO SUMITOMO MITSUI BRASILEIRO                              ;U;4010;0045000003;RELACOES INTERDEPENDENCIAS                        ; 0000000025751250,34
200505;60518222;BCO SUMITOMO MITSUI BRASILEIRO                              ;U;4010;0045100006;RECURSOS EM TRANSITO DE TERCEIROS                 ; 0000000025751250,34
200505;60518222;BCO SUMITOMO MITSUI BRASILEIRO                              ;U;4010;0046000002;OBRIGACOES POR EMPRESTIMOS E REPASSES             ; 0000000196737321,41
200505;60518222;BCO SUMITOMO MITSUI BRASILEIRO                              ;U;4010;0046300001;EMPRESTIMOS NO EXTERIOR                           ; 0000000089391965,42
200505;60518222;BCO SUMITOMO MITSUI BRASILEIRO                              ;U;4010;0046400004;REPASSES DO PAIS - INSTITUICOES OFICIAIS          ; 0000000016574789,56
200505;60518222;BCO SUMITOMO MITSUI BRASILEIRO                              ;U;4010;0046600000;REPASSES DO EXTERIOR                              ; 0000000090770566,43
200505;60518222;BCO SUMITOMO MITSUI BRASILEIRO                              ;U;4010;0049000009;OUTRAS OBRIGACOES                                 ; 0000000050546629,04
200505;60518222;BCO SUMITOMO MITSUI BRASILEIRO                              ;U;4010;0049100002;COBRANCA E ARRECADACAO DE TRIBUTOS E ASSEMELHADOS ; 0000000000018546,58
200505;60518222;BCO SUMITOMO MITSUI BRASILEIRO                              ;U;4010;0049200005;CARTEIRA DE CAMBIO                                ; 0000000015330075,85
200505;60518222;BCO SUMITOMO MITSUI BRASILEIRO                              ;U;4010;0049300008;SOCIAIS E ESTATUTARIAS                            ; 0000000000058000,00
200505;60518222;BCO SUMITOMO MITSUI BRASILEIRO                              ;U;4010;0049400001;FISCAIS E PREVIDENCIARIAS                         ; 0000000008683457,84
200505;60518222;BCO SUMITOMO MITSUI BRASILEIRO                              ;U;4010;0049900006;DIVERSAS                                          ; 0000000026456548,77
200505;60518222;BCO SUMITOMO MITSUI BRASILEIRO                              ;U;4010;0050000005;RESULTADOS DE EXERCICIOS FUTUROS                  ; 0000000000002555,61
200505;60518222;BCO SUMITOMO MITSUI BRASILEIRO                              ;U;4010;0051000004;RECEITAS DE EXERCICIOS FUTUROS                    ; 0000000000002555,61
200505;60518222;BCO SUMITOMO MITSUI BRASILEIRO                              ;U;4010;0051100007;RECEITAS DE EXERCICIOS FUTUROS                    ; 0000000000002555,61
200505;60518222;BCO SUMITOMO MITSUI BRASILEIRO                              ;U;4010;0060000002;PATRIMONIO LIQUIDO                                ; 0000000305191910,47
200505;60518222;BCO SUMITOMO MITSUI BRASILEIRO                              ;U;4010;0061000001;PATRIMONIO LIQUIDO                                ; 0000000305191910,47
200505;60518222;BCO SUMITOMO MITSUI BRASILEIRO                              ;U;4010;0061100004;CAPITAL SOCIAL                                    ; 0000000309356516,00
200505;60518222;BCO SUMITOMO MITSUI BRASILEIRO                              ;U;4010;0061300000;RESERVAS DE CAPITAL                               ; 0000000010351220,68
200505;60518222;BCO SUMITOMO MITSUI BRASILEIRO                              ;U;4010;0061600009;AJUSTES DE AVALIACAO PATRIMONIAL                  ; 0000000001511042,90
200505;60518222;BCO SUMITOMO MITSUI BRASILEIRO                              ;U;4010;0061800005;LUCROS OU PREJUIZOS ACUMULADOS                    ;-0000000016026869,11
200505;60518222;BCO SUMITOMO MITSUI BRASILEIRO                              ;U;4010;0070000009;CONTAS DE RESULTADO CREDORAS                      ; 0000000069937984,47
200505;60518222;BCO SUMITOMO MITSUI BRASILEIRO                              ;U;4010;0071000008;RECEITAS OPERACIONAIS                             ; 0000000069764389,31
200505;60518222;BCO SUMITOMO MITSUI BRASILEIRO                              ;U;4010;0071100001;RENDAS DE OPERACOES DE CREDITO                    ; 0000000004618517,48
200505;60518222;BCO SUMITOMO MITSUI BRASILEIRO                              ;U;4010;0071300007;RENDAS DE CAMBIO                                  ; 0000000020648882,25
200505;60518222;BCO SUMITOMO MITSUI BRASILEIRO                              ;U;4010;0071400000;RENDAS DE APLICACOES INTERFINANCEIRAS DE LIQUIDEZ ; 0000000009951900,78
200505;60518222;BCO SUMITOMO MITSUI BRASILEIRO                              ;U;4010;0071500003;RENDAS COM TIT. E VAL. MOB. E INST. FINANC. DERIV.; 0000000006866694,95
200505;60518222;BCO SUMITOMO MITSUI BRASILEIRO                              ;U;4010;0071700009;RENDAS DE PRESTACAO DE SERVICOS                   ; 0000000000026171,58
200505;60518222;BCO SUMITOMO MITSUI BRASILEIRO                              ;U;4010;0071900005;OUTRAS RECEITAS OPERACIONAIS                      ; 0000000027652222,27
200505;60518222;BCO SUMITOMO MITSUI BRASILEIRO                              ;U;4010;0073000006;RECEITAS NAO OPERACIONAIS                         ; 0000000000173595,16
200505;60518222;BCO SUMITOMO MITSUI BRASILEIRO                              ;U;4010;0073900003;OUTRAS RECEITAS NAO OPERACIONAIS                  ; 0000000000173595,16
200505;60518222;BCO SUMITOMO MITSUI BRASILEIRO                              ;U;4010;0080000006;(-) CONTAS DE RESULTADO DEVEDORAS                 ;-0000000097780152,58
200505;60518222;BCO SUMITOMO MITSUI BRASILEIRO                              ;U;4010;0081000005;(-) DESPESAS OPERACIONAIS                         ;-0000000097722152,58
200505;60518222;BCO SUMITOMO MITSUI BRASILEIRO                              ;U;4010;0081100008;(-) DESPESAS DE CAPTACAO                          ;-0000000016443378,72
200505;60518222;BCO SUMITOMO MITSUI BRASILEIRO                              ;U;4010;0081200001;(-) DESP DE OBRIGACOES POR EMPRESTIMOS E REPASSES ;-0000000005812842,61
200505;60518222;BCO SUMITOMO MITSUI BRASILEIRO                              ;U;4010;0081400007;(-) DESPESAS DE CAMBIO                            ;-0000000013988620,05
200505;60518222;BCO SUMITOMO MITSUI BRASILEIRO                              ;U;4010;0081500000;(-) DESP. COM TIT. E VAL. MOB. E INST. FIN. DERIV.;-0000000001853955,64
200505;60518222;BCO SUMITOMO MITSUI BRASILEIRO                              ;U;4010;0081700006;(-) DESPESAS ADMINISTRATIVAS                      ;-0000000007955750,86
200505;60518222;BCO SUMITOMO MITSUI BRASILEIRO                              ;U;4010;0081800009;(-) APROVISIONAMENTOS E AJUSTES PATRIMONIAIS      ;-0000000000632696,85
200505;60518222;BCO SUMITOMO MITSUI BRASILEIRO                              ;U;4010;0081900002;(-) OUTRAS DESPESAS OPERACIONAIS                  ;-0000000051034907,85
200505;60518222;BCO SUMITOMO MITSUI BRASILEIRO                              ;U;4010;0089000007;(-) APURACAO DE RESULTADO                         ;-0000000000058000,00
200505;60518222;BCO SUMITOMO MITSUI BRASILEIRO                              ;U;4010;0089700008;(-) PARTICIPACOES NO LUCRO                        ;-0000000000058000,00
200505;60518222;BCO SUMITOMO MITSUI BRASILEIRO                              ;U;4010;0090000003;COMPENSACAO                                       ; 0000002873571118,77
200505;60518222;BCO SUMITOMO MITSUI BRASILEIRO                              ;U;4010;0090100006;COOBRIGACOES E RISCOS EM GARANTIAS PRESTADAS      ; 0000000038218141,02
200505;60518222;BCO SUMITOMO MITSUI BRASILEIRO                              ;U;4010;0090300002;TITULOS E VALORES MOBILIARIOS                     ; 0000000640478663,22
200505;60518222;BCO SUMITOMO MITSUI BRASILEIRO                              ;U;4010;0090400005;CUSTODIA DE VALORES                               ; 0000000477322958,46
200505;60518222;BCO SUMITOMO MITSUI BRASILEIRO                              ;U;4010;0090500008;COBRANCA                                          ; 0000000112792202,49
200505;60518222;BCO SUMITOMO MITSUI BRASILEIRO                              ;U;4010;0090800007;CONTRATOS                                         ; 0000000144602380,41
200505;60518222;BCO SUMITOMO MITSUI BRASILEIRO                              ;U;4010;0090900000;CONTROLE                                          ; 0000001197692256,29
200505;60518222;BCO SUMITOMO MITSUI BRASILEIRO                              ;U;4010;0091000002;CLASSIFICACAO DA CARTEIRA DE CREDITOS             ; 0000000262464516,88
200505;60518222;BCO SUMITOMO MITSUI BRASILEIRO                              ;U;4010;0091100005;OPERACOES DE CREDITOS E ARRENDAMENTO MERCANTIL    ; 0000000262464516,88
200505;60518222;BCO SUMITOMO MITSUI BRASILEIRO                              ;U;4010;0099999995;TOTAL GERAL DO PASSIVO                            ; 0000003698937250,03
200505;60701190;BCO ITAU S.A.                                               ;U;4010;0010000007;CIRCULANTE E REALIZAVEL A LONGO PRAZO             ; 0000107765208602,33
200505;60701190;BCO ITAU S.A.                                               ;U;4010;0011000006;DISPONIBILIDADES                                  ; 0000001745932529,81
200505;60701190;BCO ITAU S.A.                                               ;U;4010;0011100009;CAIXA                                             ; 0000001624074883,59
200505;60701190;BCO ITAU S.A.                                               ;U;4010;0011400008;APLICACOES EM OURO                                ; 0000000000000396,00
200505;60701190;BCO ITAU S.A.                                               ;U;4010;0011500001;DISPONIBILIDADES EM MOEDAS ESTRANGEIRAS           ; 0000000121857250,22
200505;60701190;BCO ITAU S.A.                                               ;U;4010;0012000005;APLICACOES INTERFINANCEIRAS DE LIQUIDEZ           ; 0000040742599472,42
200505;60701190;BCO ITAU S.A.                                               ;U;4010;0012100008;APLICACOES EM OPERACOES COMPROMISSADAS            ; 0000010420584735,33
200505;60701190;BCO ITAU S.A.                                               ;U;4010;0012200001;APLICACOES EM DEPOSITOS INTERFINANCEIROS          ; 0000030276377157,77
200505;60701190;BCO ITAU S.A.                                               ;U;4010;0012600003;APLICA OES EM MOEDAS ESTRANGEIRAS                 ; 0000000045637579,32
200505;60701190;BCO ITAU S.A.                                               ;U;4010;0013000004;TITULOS E VAL. MOB. E INST. FINANC. DERIVATIVOS   ; 0000017539816843,15
200505;60701190;BCO ITAU S.A.                                               ;U;4010;0013100007;LIVRES                                            ; 0000003257321641,33
200505;60701190;BCO ITAU S.A.                                               ;U;4010;0013200000;VINCULADOS A OPERACOES COMPROMISSADAS             ; 0000012119729196,08
200505;60701190;BCO ITAU S.A.                                               ;U;4010;0013300003;INSTRUMENTOS FINANCEIROS DERIVATIVOS              ; 0000001937404138,47
200505;60701190;BCO ITAU S.A.                                               ;U;4010;0013500009;VINCULADO A AQUIS.ACOES DE EMPRESAS ESTATAIS      ; 0000000000000000,19
200505;60701190;BCO ITAU S.A.                                               ;U;4010;0013600002;VINCULADOS A PRESTACAO DE GARANTIAS               ; 0000000225361867,08
200505;60701190;BCO ITAU S.A.                                               ;U;4010;0014000003;RELACOES INTERFINANCEIRAS                         ; 0000011770891427,01
200505;60701190;BCO ITAU S.A.                                               ;U;4010;0014100006;DIREITOS JUNTO A PARTIC. DE SISTEMAS DE LIQUIDAÇÃO; 0000001065671805,16
200505;60701190;BCO ITAU S.A.                                               ;U;4010;0014200009;CREDITOS VINCULADOS                               ; 0000010702415731,10
200505;60701190;BCO ITAU S.A.                                               ;U;4010;0014400005;RELACOES COM CORRESPONDENTES                      ; 0000000002803890,75
200505;60701190;BCO ITAU S.A.                                               ;U;4010;0015000002;RELACOES INTERDEPENDENCIAS                        ; 0000000000258964,42
200505;60701190;BCO ITAU S.A.                                               ;U;4010;0015100005;RECURSOS EM TRANSITO DE TERCEIROS                 ; 0000000000258964,42
200505;60701190;BCO ITAU S.A.                                               ;U;4010;0016000001;OPERACOES DE CREDITO                              ; 0000019754051753,39
200505;60701190;BCO ITAU S.A.                                               ;U;4010;0016100004;EMPRESTIMOS E TITULOS DESCONTADOS                 ; 0000015848512346,36
200505;60701190;BCO ITAU S.A.                                               ;U;4010;0016200007;FINANCIAMENTOS                                    ; 0000003967133468,01
200505;60701190;BCO ITAU S.A.                                               ;U;4010;0016300000;FINANCIAMENTOS RURAIS E AGROINDUSTRIAIS           ; 0000000839528374,05
200505;60701190;BCO ITAU S.A.                                               ;U;4010;0016400003;FINANCIAMENTOS IMOBILIARIOS                       ; 0000001871342201,34
200505;60701190;BCO ITAU S.A.                                               ;U;4010;0016900008;(-) PROVISOES PARA OPERACOES DE CREDITO           ;-0000002772464636,37
200505;60701190;BCO ITAU S.A.                                               ;U;4010;0017000000;OPERACOES DE ARRENDAMENTO MERCANTIL               ; 0000000056730979,23
200505;60701190;BCO ITAU S.A.                                               ;U;4010;0017100003;ARRENDAMENTOS FINANCEIROS A RECEBER               ; 0000000063729931,67
200505;60701190;BCO ITAU S.A.                                               ;U;4010;0017900007;(-) PROVISOES PARA OPER. DE ARRENDAMENTO MERCANTIL;-0000000006998952,44
200505;60701190;BCO ITAU S.A.                                               ;U;4010;0018000009;OUTROS CREDITOS                                   ; 0000015311211604,90
200505;60701190;BCO ITAU S.A.                                               ;U;4010;0018100002;AVAIS E FIANCAS HONRADOS                          ; 0000000000048935,33
200505;60701190;BCO ITAU S.A.                                               ;U;4010;0018200005;CARTEIRA DE CAMBIO                                ; 0000010063260774,34
200505;60701190;BCO ITAU S.A.                                               ;U;4010;0018300008;RENDAS A RECEBER                                  ; 0000000504580410,02
200505;60701190;BCO ITAU S.A.                                               ;U;4010;0018400001;NEGOCIACAO E INTERMEDIACAO DE VALORES             ; 0000000094280217,21
200505;60701190;BCO ITAU S.A.                                               ;U;4010;0018800003;DIVERSOS                                          ; 0000004678545381,02
200505;60701190;BCO ITAU S.A.                                               ;U;4010;0018900006;(-) PROVISOES PARA OUTROS CREDITOS                ;-0000000029504113,02
200505;60701190;BCO ITAU S.A.                                               ;U;4010;0019000008;OUTROS VALORES E BENS                             ; 0000000843715028,00
200505;60701190;BCO ITAU S.A.                                               ;U;4010;0019800002;OUTROS VALORES E BENS                             ; 0000000185185127,02
200505;60701190;BCO ITAU S.A.                                               ;U;4010;0019900005;DESPESAS ANTECIPADAS                              ; 0000000658529900,98
200505;60701190;BCO ITAU S.A.                                               ;U;4010;0020000004;PERMANENTE                                        ; 0000013659363891,31
200505;60701190;BCO ITAU S.A.                                               ;U;4010;0021000003;INVESTIMENTOS                                     ; 0000012569805079,98
200505;60701190;BCO ITAU S.A.                                               ;U;4010;0021100006;INVESTIMENTOS NO EXTERIOR                         ; 0000002431026696,30
200505;60701190;BCO ITAU S.A.                                               ;U;4010;0021200009;PARTICIPACOES EM COLIGADAS E CONTROLADAS NO PAIS  ; 0000010071576428,78
200505;60701190;BCO ITAU S.A.                                               ;U;4010;0021300002;INVESTIMENTOS POR INCENTIVOS FISCAIS              ; 0000000001208724,44
200505;60701190;BCO ITAU S.A.                                               ;U;4010;0021400005;TITULOS PATRIMONIAIS                              ; 0000000003703569,19
200505;60701190;BCO ITAU S.A.                                               ;U;4010;0021500008;ACOES E COTAS                                     ; 0000000016816055,45
200505;60701190;BCO ITAU S.A.                                               ;U;4010;0021900000;OUTROS INVESTIMENTOS                              ; 0000000045473605,82
200505;60701190;BCO ITAU S.A.                                               ;U;4010;0022000002;IMOBILIZADO DE USO                                ; 0000000922806859,15
200505;60701190;BCO ITAU S.A.                                               ;U;4010;0022100005;MOVEIS E EQUIPAMENTOS EM ESTOQUE                  ; 0000000060245837,67
200505;60701190;BCO ITAU S.A.                                               ;U;4010;0022200008;IMOBILIZACOES EM CURSO                            ; 0000000000338536,57
200505;60701190;BCO ITAU S.A.                                               ;U;4010;0022300001;IMOVEIS DE USO                                    ; 0000000497252030,30
200505;60701190;BCO ITAU S.A.                                               ;U;4010;0022400004;INSTALACOES, MOVEIS E EQUIPAMENTOS DE USO         ; 0000000066218979,04
200505;60701190;BCO ITAU S.A.                                               ;U;4010;0022900009;OUTROS                                            ; 0000000298751475,57
200505;60701190;BCO ITAU S.A.                                               ;U;4010;0024000000;DIFERIDO                                          ; 0000000166751952,18
200505;60701190;BCO ITAU S.A.                                               ;U;4010;0024100003;GASTOS DE ORGANIZACAO E EXPANSAO                  ; 0000000166751952,18
200505;60701190;BCO ITAU S.A.                                               ;U;4010;0030000001;COMPENSACAO                                       ; 0000862623994740,03
200505;60701190;BCO ITAU S.A.                                               ;U;4010;0030100004;COOBRIGACOES E RISCOS EM GARANTIAS PRESTADAS      ; 0000003854434534,91
200505;60701190;BCO ITAU S.A.                                               ;U;4010;0030300000;TITULOS E VALORES MOBILIARIOS                     ; 0000033142229547,83
200505;60701190;BCO ITAU S.A.                                               ;U;4010;0030400003;CUSTODIA DE VALORES                               ; 0000073956322195,33
200505;60701190;BCO ITAU S.A.                                               ;U;4010;0030500006;COBRANCA                                          ; 0000022800348608,35
200505;60701190;BCO ITAU S.A.                                               ;U;4010;0030600009;NEGOCIACAO E INTERMEDIACAO DE VALORES             ; 0000080322401115,75
200505;60701190;BCO ITAU S.A.                                               ;U;4010;0030800005;CONTRATOS                                         ; 0000074680220511,25
200505;60701190;BCO ITAU S.A.                                               ;U;4010;0030900008;CONTROLE                                          ; 0000550567218133,33
200505;60701190;BCO ITAU S.A.                                               ;U;4010;0031000000;CLASSIFICACAO DA CARTEIRA DE CREDITOS             ; 0000023300820093,28
200505;60701190;BCO ITAU S.A.                                               ;U;4010;0031100003;OPERACOES DE RISCO NIVEL AA                       ; 0000001163051696,32
200505;60701190;BCO ITAU S.A.                                               ;U;4010;0031200006;OPERACOES DE RISCO NIVEL A                        ; 0000008887644934,23
200505;60701190;BCO ITAU S.A.                                               ;U;4010;0031300009;OPERACOES DE RISCO NIVELB                         ; 0000007556550047,20
200505;60701190;BCO ITAU S.A.                                               ;U;4010;0031400002;OPERACOES DE RISCO NIVELC                         ; 0000001776438713,99
200505;60701190;BCO ITAU S.A.                                               ;U;4010;0031500005;OPERACOES DE RISCO NIVEL D                        ; 0000001068962007,88
200505;60701190;BCO ITAU S.A.                                               ;U;4010;0031600008;OPERACOES DE RISCO NIVEL E                        ; 0000001047641167,23
200505;60701190;BCO ITAU S.A.                                               ;U;4010;0031700001;OPERACOES DE RISCO NIVEL F                        ; 0000000770812368,80
200505;60701190;BCO ITAU S.A.                                               ;U;4010;0031800004;OPERACOES DE RISCO NIVEL G                        ; 0000000194016075,11
200505;60701190;BCO ITAU S.A.                                               ;U;4010;0031900007;OPERACOES DE RISCO NIVEL H                        ; 0000000835703082,52
200505;60701190;BCO ITAU S.A.                                               ;U;4010;0039999993;TOTAL GERAL DO ATIVO                              ; 0000984048567233,67
200505;60701190;BCO ITAU S.A.                                               ;U;4010;0040000008;CIRCULANTE EXIGIVEL A LONGO PRAZO                 ; 0000113264114545,83
200505;60701190;BCO ITAU S.A.                                               ;U;4010;0041000007;DEPOSITOS                                         ; 0000070174584638,20
200505;60701190;BCO ITAU S.A.                                               ;U;4010;0041100000;DEPOSITOS A VISTA                                 ; 0000009541969784,59
200505;60701190;BCO ITAU S.A.                                               ;U;4010;0041200003;DEPOSITOS DE POUPANCA                             ; 0000018363510588,52
200505;60701190;BCO ITAU S.A.                                               ;U;4010;0041300006;DEPOSITOS INTERFINANCEIROS                        ; 0000033592534092,61
200505;60701190;BCO ITAU S.A.                                               ;U;4010;0041500002;DEPOSITOS A PRAZO                                 ; 0000008429278155,83
200505;60701190;BCO ITAU S.A.                                               ;U;4010;0041600005;OBRIGACOES P/DEPOS ESPEC E DE FUNDOS E PROGRAMAS  ; 0000000002826862,61
200505;60701190;BCO ITAU S.A.                                               ;U;4010;0041800001;DEPOSITOS EM MOEDAS ESTRANGEIRAS                  ; 0000000000477952,67
200505;60701190;BCO ITAU S.A.                                               ;U;4010;0041900004;OUTROS DEPOSITOS                                  ; 0000000243987201,37
200505;60701190;BCO ITAU S.A.                                               ;U;4010;0042000006;OBRIGACOES POR OPERACOES COMPROMISSADAS           ; 0000018479940626,11
200505;60701190;BCO ITAU S.A.                                               ;U;4010;0042100009;CARTEIRA PROPRIA                                  ; 0000014422572490,03
200505;60701190;BCO ITAU S.A.                                               ;U;4010;0042200002;CARTEIRA DE TERCEIROS                             ; 0000004057368136,08
200505;60701190;BCO ITAU S.A.                                               ;U;4010;0043000005;RECURSOS ACEITES CAMB,LI E HIP.,DEBENT.E SIMILARES; 0000000836244448,35
200505;60701190;BCO ITAU S.A.                                               ;U;4010;0043500000;OBRIGACOES P/TITULOS E VALS.MOBILIARIOS EXTERIOR  ; 0000000836244448,35
200505;60701190;BCO ITAU S.A.                                               ;U;4010;0044000004;RELACOES INTERFINANCEIRAS                         ; 0000001091467304,99
200505;60701190;BCO ITAU S.A.                                               ;U;4010;0044100007;OBRIGAÇÕES JUNTO A PARTIC. DE SIST. DE LIQUIDACÃO ; 0000000934838853,95
200505;60701190;BCO ITAU S.A.                                               ;U;4010;0044400006;RELACOES COM CORRESPONDENTES                      ; 0000000156628451,04
200505;60701190;BCO ITAU S.A.                                               ;U;4010;0045000003;RELACOES INTERDEPENDENCIAS                        ; 0000000875431000,71
200505;60701190;BCO ITAU S.A.                                               ;U;4010;0045100006;RECURSOS EM TRANSITO DE TERCEIROS                 ; 0000000863069965,89
200505;60701190;BCO ITAU S.A.                                               ;U;4010;0045200009;TRANSFERENCIAS INTERNAS DE RECURSOS               ; 0000000012361034,82
200505;60701190;BCO ITAU S.A.                                               ;U;4010;0046000002;OBRIGACOES POR EMPRESTIMOS E REPASSES             ; 0000002147606775,50
200505;60701190;BCO ITAU S.A.                                               ;U;4010;0046100005;EMPRESTIMOS NO PAIS - INSTITUICOES OFICIAIS       ; 0000000006524140,29
200505;60701190;BCO ITAU S.A.                                               ;U;4010;0046300001;EMPRESTIMOS NO EXTERIOR                           ; 0000001359481679,08
200505;60701190;BCO ITAU S.A.                                               ;U;4010;0046400004;REPASSES DO PAIS - INSTITUICOES OFICIAIS          ; 0000000781600956,13
200505;60701190;BCO ITAU S.A.                                               ;U;4010;0047000001;INSTRUMENTOS FINANCEIROS DERIVATIVOS              ; 0000001380797105,68
200505;60701190;BCO ITAU S.A.                                               ;U;4010;0047100004;INSTRUMENTOS FINANCEIROS DERIVATIVOS              ; 0000001380797105,68
200505;60701190;BCO ITAU S.A.                                               ;U;4010;0049000009;OUTRAS OBRIGACOES                                 ; 0000018278042646,29
200505;60701190;BCO ITAU S.A.                                               ;U;4010;0049100002;COBRANCA E ARRECADACAO DE TRIBUTOS E ASSEMELHADOS ; 0000001399848040,63
200505;60701190;BCO ITAU S.A.                                               ;U;4010;0049200005;CARTEIRA DE CAMBIO                                ; 0000009522273735,23
200505;60701190;BCO ITAU S.A.                                               ;U;4010;0049300008;SOCIAIS E ESTATUTARIAS                            ; 0000000172019108,30
200505;60701190;BCO ITAU S.A.                                               ;U;4010;0049400001;FISCAIS E PREVIDENCIARIAS                         ; 0000002049022588,88
200505;60701190;BCO ITAU S.A.                                               ;U;4010;0049500004;NEGOCIACAO E INTERMEDIACAO DE VALORES             ; 0000000144104742,73
200505;60701190;BCO ITAU S.A.                                               ;U;4010;0049600007;RECURSOS PARA DESTINACAO ESPECIFICA               ; 0000000001000842,40
200505;60701190;BCO ITAU S.A.                                               ;U;4010;0049900006;DIVERSAS                                          ; 0000004989773588,12
200505;60701190;BCO ITAU S.A.                                               ;U;4010;0050000005;RESULTADOS DE EXERCICIOS FUTUROS                  ; 0000000007594015,43
200505;60701190;BCO ITAU S.A.                                               ;U;4010;0051000004;RECEITAS DE EXERCICIOS FUTUROS                    ; 0000000007594015,43
200505;60701190;BCO ITAU S.A.                                               ;U;4010;0051100007;RECEITAS DE EXERCICIOS FUTUROS                    ; 0000000007594015,43
200505;60701190;BCO ITAU S.A.                                               ;U;4010;0060000002;PATRIMONIO LIQUIDO                                ; 0000007676872064,16
200505;60701190;BCO ITAU S.A.                                               ;U;4010;0061000001;PATRIMONIO LIQUIDO                                ; 0000007676872064,16
200505;60701190;BCO ITAU S.A.                                               ;U;4010;0061100004;CAPITAL SOCIAL                                    ; 0000005547162736,70
200505;60701190;BCO ITAU S.A.                                               ;U;4010;0061300000;RESERVAS DE CAPITAL                               ; 0000000191220491,64
200505;60701190;BCO ITAU S.A.                                               ;U;4010;0061400003;RESERVAS DE REAVALIACAO                           ; 0000000015395352,57
200505;60701190;BCO ITAU S.A.                                               ;U;4010;0061500006;RESERVAS DE LUCROS                                ; 0000001651158469,51
200505;60701190;BCO ITAU S.A.                                               ;U;4010;0061600009;AJUSTES DE AVALIACAO PATRIMONIAL                  ; 0000000358611805,13
200505;60701190;BCO ITAU S.A.                                               ;U;4010;0061800005;LUCROS OU PREJUIZOS ACUMULADOS                    ;-0000000086676791,39
200505;60701190;BCO ITAU S.A.                                               ;U;4010;0070000009;CONTAS DE RESULTADO CREDORAS                      ; 0000016327856847,95
200505;60701190;BCO ITAU S.A.                                               ;U;4010;0071000008;RECEITAS OPERACIONAIS                             ; 0000016278072024,32
200505;60701190;BCO ITAU S.A.                                               ;U;4010;0071100001;RENDAS DE OPERACOES DE CREDITO                    ; 0000003428228022,48
200505;60701190;BCO ITAU S.A.                                               ;U;4010;0071200004;RENDAS DE ARRENDAMENTO MERCANTIL                  ; 0000000007606183,23
200505;60701190;BCO ITAU S.A.                                               ;U;4010;0071300007;RENDAS DE CAMBIO                                  ; 0000003454549335,73
200505;60701190;BCO ITAU S.A.                                               ;U;4010;0071400000;RENDAS DE APLICACOES INTERFINANCEIRAS DE LIQUIDEZ ; 0000002386706062,80
200505;60701190;BCO ITAU S.A.                                               ;U;4010;0071500003;RENDAS COM TIT. E VAL. MOB. E INST. FINANC. DERIV.; 0000004207365501,52
200505;60701190;BCO ITAU S.A.                                               ;U;4010;0071700009;RENDAS DE PRESTACAO DE SERVICOS                   ; 0000001458820723,50
200505;60701190;BCO ITAU S.A.                                               ;U;4010;0071800002;RENDAS DE PARTICIPACOES                           ; 0000000430422791,26
200505;60701190;BCO ITAU S.A.                                               ;U;4010;0071900005;OUTRAS RECEITAS OPERACIONAIS                      ; 0000000904373403,80
200505;60701190;BCO ITAU S.A.                                               ;U;4010;0073000006;RECEITAS NAO OPERACIONAIS                         ; 0000000049784823,63
200505;60701190;BCO ITAU S.A.                                               ;U;4010;0073100009;LUCROS EM TRANSACOES COM VALORES E BENS           ; 0000000010153715,92
200505;60701190;BCO ITAU S.A.                                               ;U;4010;0073900003;OUTRAS RECEITAS NAO OPERACIONAIS                  ; 0000000039631107,71
200505;60701190;BCO ITAU S.A.                                               ;U;4010;0080000006;(-) CONTAS DE RESULTADO DEVEDORAS                 ;-0000015851864979,73
200505;60701190;BCO ITAU S.A.                                               ;U;4010;0081000005;(-) DESPESAS OPERACIONAIS                         ;-0000015283163918,89
200505;60701190;BCO ITAU S.A.                                               ;U;4010;0081100008;(-) DESPESAS DE CAPTACAO                          ;-0000004293855839,61
200505;60701190;BCO ITAU S.A.                                               ;U;4010;0081200001;(-) DESP DE OBRIGACOES POR EMPRESTIMOS E REPASSES ;-0000000056115067,93
200505;60701190;BCO ITAU S.A.                                               ;U;4010;0081400007;(-) DESPESAS DE CAMBIO                            ;-0000003357490352,50
200505;60701190;BCO ITAU S.A.                                               ;U;4010;0081500000;(-) DESP. COM TIT. E VAL. MOB. E INST. FIN. DERIV.;-0000002459409626,06
200505;60701190;BCO ITAU S.A.                                               ;U;4010;0081600003;(-) DESPESAS DE PARTICIPACOES                     ;-0000000672224079,52
200505;60701190;BCO ITAU S.A.                                               ;U;4010;0081700006;(-) DESPESAS ADMINISTRATIVAS                      ;-0000002036605984,30
200505;60701190;BCO ITAU S.A.                                               ;U;4010;0081800009;(-) APROVISIONAMENTOS E AJUSTES PATRIMONIAIS      ;-0000001191686855,26
200505;60701190;BCO ITAU S.A.                                               ;U;4010;0081900002;(-) OUTRAS DESPESAS OPERACIONAIS                  ;-0000001215776113,71
200505;60701190;BCO ITAU S.A.                                               ;U;4010;0083000003;(-) DESPESAS NAO OPERACIONAIS                     ;-0000000033300757,27
200505;60701190;BCO ITAU S.A.                                               ;U;4010;0083100006;(-) PREJUIZOS EM TRANSACOES COM VALORES E BENS    ;-0000000020372941,25
200505;60701190;BCO ITAU S.A.                                               ;U;4010;0083900000;(-) OUTRAS DESPESAS NAO OPERACIONAIS              ;-0000000012927816,02
200505;60701190;BCO ITAU S.A.                                               ;U;4010;0089000007;(-) APURACAO DE RESULTADO                         ;-0000000535400303,57
200505;60701190;BCO ITAU S.A.                                               ;U;4010;0089400009;(-) IMPOSTO DE RENDA                              ;-0000000394749688,30
200505;60701190;BCO ITAU S.A.                                               ;U;4010;0089700008;(-) PARTICIPACOES NO LUCRO                        ;-0000000140650615,27
200505;60701190;BCO ITAU S.A.                                               ;U;4010;0090000003;COMPENSACAO                                       ; 0000862623994740,03
200505;60701190;BCO ITAU S.A.                                               ;U;4010;0090100006;COOBRIGACOES E RISCOS EM GARANTIAS PRESTADAS      ; 0000003854434534,91
200505;60701190;BCO ITAU S.A.                                               ;U;4010;0090300002;TITULOS E VALORES MOBILIARIOS                     ; 0000033142229547,83
200505;60701190;BCO ITAU S.A.                                               ;U;4010;0090400005;CUSTODIA DE VALORES                               ; 0000073956322195,33
200505;60701190;BCO ITAU S.A.                                               ;U;4010;0090500008;COBRANCA                                          ; 0000022800348608,35
200505;60701190;BCO ITAU S.A.                                               ;U;4010;0090600001;NEGOCIACAO E INTERMEDIACAO DE VALORES             ; 0000080322401115,75
200505;60701190;BCO ITAU S.A.                                               ;U;4010;0090800007;CONTRATOS                                         ; 0000074680220511,25
200505;60701190;BCO ITAU S.A.                                               ;U;4010;0090900000;CONTROLE                                          ; 0000550567218133,33
200505;60701190;BCO ITAU S.A.                                               ;U;4010;0091000002;CLASSIFICACAO DA CARTEIRA DE CREDITOS             ; 0000023300820093,28
200505;60701190;BCO ITAU S.A.                                               ;U;4010;0091100005;OPERACOES DE CREDITOS E ARRENDAMENTO MERCANTIL    ; 0000023300820093,28
200505;60701190;BCO ITAU S.A.                                               ;U;4010;0099999995;TOTAL GERAL DO PASSIVO                            ; 0000984048567233,67
200505;60746948;BCO BRADESCO S.A.                                           ;U;4010;0010000007;CIRCULANTE E REALIZAVEL A LONGO PRAZO             ; 0000128294017636,62
200505;60746948;BCO BRADESCO S.A.                                           ;U;4010;0011000006;DISPONIBILIDADES                                  ; 0000002575131352,05
200505;60746948;BCO BRADESCO S.A.                                           ;U;4010;0011100009;CAIXA                                             ; 0000002249964371,21
200505;60746948;BCO BRADESCO S.A.                                           ;U;4010;0011400008;APLICACOES EM OURO                                ; 0000000000013040,00
200505;60746948;BCO BRADESCO S.A.                                           ;U;4010;0011500001;DISPONIBILIDADES EM MOEDAS ESTRANGEIRAS           ; 0000000325153940,84
200505;60746948;BCO BRADESCO S.A.                                           ;U;4010;0012000005;APLICACOES INTERFINANCEIRAS DE LIQUIDEZ           ; 0000031161590909,50
200505;60746948;BCO BRADESCO S.A.                                           ;U;4010;0012100008;APLICACOES EM OPERACOES COMPROMISSADAS            ; 0000016330815122,39
200505;60746948;BCO BRADESCO S.A.                                           ;U;4010;0012200001;APLICACOES EM DEPOSITOS INTERFINANCEIROS          ; 0000013871532670,31
200505;60746948;BCO BRADESCO S.A.                                           ;U;4010;0012600003;APLICA OES EM MOEDAS ESTRANGEIRAS                 ; 0000000959243116,80
200505;60746948;BCO BRADESCO S.A.                                           ;U;4010;0013000004;TITULOS E VAL. MOB. E INST. FINANC. DERIVATIVOS   ; 0000017191190026,42
200505;60746948;BCO BRADESCO S.A.                                           ;U;4010;0013100007;LIVRES                                            ; 0000005601523520,22
200505;60746948;BCO BRADESCO S.A.                                           ;U;4010;0013200000;VINCULADOS A OPERACOES COMPROMISSADAS             ; 0000004378348574,57
200505;60746948;BCO BRADESCO S.A.                                           ;U;4010;0013300003;INSTRUMENTOS FINANCEIROS DERIVATIVOS              ; 0000001235454438,48
200505;60746948;BCO BRADESCO S.A.                                           ;U;4010;0013400006;VINCULADOS AO BANCO CENTRAL                       ; 0000004172629818,72
200505;60746948;BCO BRADESCO S.A.                                           ;U;4010;0013500009;VINCULADO A AQUIS.ACOES DE EMPRESAS ESTATAIS      ; 0000000032042024,73
200505;60746948;BCO BRADESCO S.A.                                           ;U;4010;0013600002;VINCULADOS A PRESTACAO DE GARANTIAS               ; 0000001771191649,70
200505;60746948;BCO BRADESCO S.A.                                           ;U;4010;0014000003;RELACOES INTERFINANCEIRAS                         ; 0000015906221883,71
200505;60746948;BCO BRADESCO S.A.                                           ;U;4010;0014100006;DIREITOS JUNTO A PARTIC. DE SISTEMAS DE LIQUIDAÇÃO; 0000001348696410,35
200505;60746948;BCO BRADESCO S.A.                                           ;U;4010;0014200009;CREDITOS VINCULADOS                               ; 0000014549727393,36
200505;60746948;BCO BRADESCO S.A.                                           ;U;4010;0014400005;RELACOES COM CORRESPONDENTES                      ; 0000000007798080,00
200505;60746948;BCO BRADESCO S.A.                                           ;U;4010;0015000002;RELACOES INTERDEPENDENCIAS                        ; 0000000046835714,73
200505;60746948;BCO BRADESCO S.A.                                           ;U;4010;0015200008;TRANSFERENCIAS INTERNAS DE RECURSOS               ; 0000000046835714,73
200505;60746948;BCO BRADESCO S.A.                                           ;U;4010;0016000001;OPERACOES DE CREDITO                              ; 0000043568160470,86
200505;60746948;BCO BRADESCO S.A.                                           ;U;4010;0016100004;EMPRESTIMOS E TITULOS DESCONTADOS                 ; 0000027102124857,97
200505;60746948;BCO BRADESCO S.A.                                           ;U;4010;0016200007;FINANCIAMENTOS                                    ; 0000013178527208,56
200505;60746948;BCO BRADESCO S.A.                                           ;U;4010;0016300000;FINANCIAMENTOS RURAIS E AGROINDUSTRIAIS           ; 0000005579352589,89
200505;60746948;BCO BRADESCO S.A.                                           ;U;4010;0016400003;FINANCIAMENTOS IMOBILIARIOS                       ; 0000001368511882,05
200505;60746948;BCO BRADESCO S.A.                                           ;U;4010;0016500006;FINANCIAMENTOS DE TITULOS E VALORES MOBILIARIOS   ; 0000000004122599,55
200505;60746948;BCO BRADESCO S.A.                                           ;U;4010;0016600009;FINANCIAMENTOS DE INFRAESTRUTURA E DESENVOLVIMENTO; 0000000018493366,22
200505;60746948;BCO BRADESCO S.A.                                           ;U;4010;0016900008;(-) PROVISOES PARA OPERACOES DE CREDITO           ;-0000003682972033,38
200505;60746948;BCO BRADESCO S.A.                                           ;U;4010;0018000009;OUTROS CREDITOS                                   ; 0000017370510376,86
200505;60746948;BCO BRADESCO S.A.                                           ;U;4010;0018100002;AVAIS E FIANCAS HONRADOS                          ; 0000000000098042,75
200505;60746948;BCO BRADESCO S.A.                                           ;U;4010;0018200005;CARTEIRA DE CAMBIO                                ; 0000008807991300,25
200505;60746948;BCO BRADESCO S.A.                                           ;U;4010;0018300008;RENDAS A RECEBER                                  ; 0000000580630639,10
200505;60746948;BCO BRADESCO S.A.                                           ;U;4010;0018400001;NEGOCIACAO E INTERMEDIACAO DE VALORES             ; 0000000292744719,74
200505;60746948;BCO BRADESCO S.A.                                           ;U;4010;0018800003;DIVERSOS                                          ; 0000007828539178,42
200505;60746948;BCO BRADESCO S.A.                                           ;U;4010;0018900006;(-) PROVISOES PARA OUTROS CREDITOS                ;-0000000139493503,40
200505;60746948;BCO BRADESCO S.A.                                           ;U;4010;0019000008;OUTROS VALORES E BENS                             ; 0000000474376902,49
200505;60746948;BCO BRADESCO S.A.                                           ;U;4010;0019800002;OUTROS VALORES E BENS                             ; 0000000079588394,32
200505;60746948;BCO BRADESCO S.A.                                           ;U;4010;0019900005;DESPESAS ANTECIPADAS                              ; 0000000394788508,17
200505;60746948;BCO BRADESCO S.A.                                           ;U;4010;0020000004;PERMANENTE                                        ; 0000024281995760,97
200505;60746948;BCO BRADESCO S.A.                                           ;U;4010;0021000003;INVESTIMENTOS                                     ; 0000022292846119,95
200505;60746948;BCO BRADESCO S.A.                                           ;U;4010;0021100006;INVESTIMENTOS NO EXTERIOR                         ; 0000005008267232,45
200505;60746948;BCO BRADESCO S.A.                                           ;U;4010;0021200009;PARTICIPACOES EM COLIGADAS E CONTROLADAS NO PAIS  ; 0000017272053243,54
200505;60746948;BCO BRADESCO S.A.                                           ;U;4010;0021400005;TITULOS PATRIMONIAIS                              ; 0000000003654342,06
200505;60746948;BCO BRADESCO S.A.                                           ;U;4010;0021500008;ACOES E COTAS                                     ; 0000000003095056,72
200505;60746948;BCO BRADESCO S.A.                                           ;U;4010;0021900000;OUTROS INVESTIMENTOS                              ; 0000000005776245,18
200505;60746948;BCO BRADESCO S.A.                                           ;U;4010;0022000002;IMOBILIZADO DE USO                                ; 0000001290110087,57
200505;60746948;BCO BRADESCO S.A.                                           ;U;4010;0022100005;MOVEIS E EQUIPAMENTOS EM ESTOQUE                  ; 0000000000233414,98
200505;60746948;BCO BRADESCO S.A.                                           ;U;4010;0022200008;IMOBILIZACOES EM CURSO                            ; 0000000002976216,59
200505;60746948;BCO BRADESCO S.A.                                           ;U;4010;0022300001;IMOVEIS DE USO                                    ; 0000000287793891,87
200505;60746948;BCO BRADESCO S.A.                                           ;U;4010;0022400004;INSTALACOES, MOVEIS E EQUIPAMENTOS DE USO         ; 0000000666941645,86
200505;60746948;BCO BRADESCO S.A.                                           ;U;4010;0022900009;OUTROS                                            ; 0000000332164918,27
200505;60746948;BCO BRADESCO S.A.                                           ;U;4010;0024000000;DIFERIDO                                          ; 0000000699039553,45
200505;60746948;BCO BRADESCO S.A.                                           ;U;4010;0024100003;GASTOS DE ORGANIZACAO E EXPANSAO                  ; 0000000699039553,45
200505;60746948;BCO BRADESCO S.A.                                           ;U;4010;0030000001;COMPENSACAO                                       ; 0001512964475241,17
200505;60746948;BCO BRADESCO S.A.                                           ;U;4010;0030100004;COOBRIGACOES E RISCOS EM GARANTIAS PRESTADAS      ; 0000009510381568,44
200505;60746948;BCO BRADESCO S.A.                                           ;U;4010;0030300000;TITULOS E VALORES MOBILIARIOS                     ; 0000031665868508,05
200505;60746948;BCO BRADESCO S.A.                                           ;U;4010;0030400003;CUSTODIA DE VALORES                               ; 0000238694813475,01
200505;60746948;BCO BRADESCO S.A.                                           ;U;4010;0030500006;COBRANCA                                          ; 0000079741942485,61
200505;60746948;BCO BRADESCO S.A.                                           ;U;4010;0030600009;NEGOCIACAO E INTERMEDIACAO DE VALORES             ; 0000041466879052,93
200505;60746948;BCO BRADESCO S.A.                                           ;U;4010;0030800005;CONTRATOS                                         ; 0000153382286018,24
200505;60746948;BCO BRADESCO S.A.                                           ;U;4010;0030900008;CONTROLE                                          ; 0000905354185112,90
200505;60746948;BCO BRADESCO S.A.                                           ;U;4010;0031000000;CLASSIFICACAO DA CARTEIRA DE CREDITOS             ; 0000053148119019,99
200505;60746948;BCO BRADESCO S.A.                                           ;U;4010;0031100003;OPERACOES DE RISCO NIVEL AA                       ; 0000012022664807,45
200505;60746948;BCO BRADESCO S.A.                                           ;U;4010;0031200006;OPERACOES DE RISCO NIVEL A                        ; 0000021620595721,61
200505;60746948;BCO BRADESCO S.A.                                           ;U;4010;0031300009;OPERACOES DE RISCO NIVELB                         ; 0000004470502438,33
200505;60746948;BCO BRADESCO S.A.                                           ;U;4010;0031400002;OPERACOES DE RISCO NIVELC                         ; 0000010661436068,11
200505;60746948;BCO BRADESCO S.A.                                           ;U;4010;0031500005;OPERACOES DE RISCO NIVEL D                        ; 0000001371751709,69
200505;60746948;BCO BRADESCO S.A.                                           ;U;4010;0031600008;OPERACOES DE RISCO NIVEL E                        ; 0000000426389184,76
200505;60746948;BCO BRADESCO S.A.                                           ;U;4010;0031700001;OPERACOES DE RISCO NIVEL F                        ; 0000000496342675,00
200505;60746948;BCO BRADESCO S.A.                                           ;U;4010;0031800004;OPERACOES DE RISCO NIVEL G                        ; 0000000581422951,28
200505;60746948;BCO BRADESCO S.A.                                           ;U;4010;0031900007;OPERACOES DE RISCO NIVEL H                        ; 0000001497013463,76
200505;60746948;BCO BRADESCO S.A.                                           ;U;4010;0039999993;TOTAL GERAL DO ATIVO                              ; 0001665540488638,76
200505;60746948;BCO BRADESCO S.A.                                           ;U;4010;0040000008;CIRCULANTE EXIGIVEL A LONGO PRAZO                 ; 0000135382166181,51
200505;60746948;BCO BRADESCO S.A.                                           ;U;4010;0041000007;DEPOSITOS                                         ; 0000082978785451,40
200505;60746948;BCO BRADESCO S.A.                                           ;U;4010;0041100000;DEPOSITOS A VISTA                                 ; 0000014521705370,54
200505;60746948;BCO BRADESCO S.A.                                           ;U;4010;0041200003;DEPOSITOS DE POUPANCA                             ; 0000024281708366,88
200505;60746948;BCO BRADESCO S.A.                                           ;U;4010;0041300006;DEPOSITOS INTERFINANCEIROS                        ; 0000012627706618,18
200505;60746948;BCO BRADESCO S.A.                                           ;U;4010;0041500002;DEPOSITOS A PRAZO                                 ; 0000031369960096,62
200505;60746948;BCO BRADESCO S.A.                                           ;U;4010;0041800001;DEPOSITOS EM MOEDAS ESTRANGEIRAS                  ; 0000000000000801,95
200505;60746948;BCO BRADESCO S.A.                                           ;U;4010;0041900004;OUTROS DEPOSITOS                                  ; 0000000177704197,23
200505;60746948;BCO BRADESCO S.A.                                           ;U;4010;0042000006;OBRIGACOES POR OPERACOES COMPROMISSADAS           ; 0000017012633140,54
200505;60746948;BCO BRADESCO S.A.                                           ;U;4010;0042100009;CARTEIRA PROPRIA                                  ; 0000004390942593,29
200505;60746948;BCO BRADESCO S.A.                                           ;U;4010;0042200002;CARTEIRA DE TERCEIROS                             ; 0000012621690547,25
200505;60746948;BCO BRADESCO S.A.                                           ;U;4010;0043000005;RECURSOS ACEITES CAMB,LI E HIP.,DEBENT.E SIMILARES; 0000003376256738,09
200505;60746948;BCO BRADESCO S.A.                                           ;U;4010;0043300004;RECURSOS DE LETRAS HIPOTECARIAS                   ; 0000000814661239,14
200505;60746948;BCO BRADESCO S.A.                                           ;U;4010;0043500000;OBRIGACOES P/TITULOS E VALS.MOBILIARIOS EXTERIOR  ; 0000002561595498,95
200505;60746948;BCO BRADESCO S.A.                                           ;U;4010;0044000004;RELACOES INTERFINANCEIRAS                         ; 0000001041857378,80
200505;60746948;BCO BRADESCO S.A.                                           ;U;4010;0044100007;OBRIGAÇÕES JUNTO A PARTIC. DE SIST. DE LIQUIDACÃO ; 0000000895381778,65
200505;60746948;BCO BRADESCO S.A.                                           ;U;4010;0044300003;REPASSES INTERFINANCEIROS                         ; 0000000015028696,33
200505;60746948;BCO BRADESCO S.A.                                           ;U;4010;0044400006;RELACOES COM CORRESPONDENTES                      ; 0000000131446903,82
200505;60746948;BCO BRADESCO S.A.                                           ;U;4010;0045000003;RELACOES INTERDEPENDENCIAS                        ; 0000001338186076,85
200505;60746948;BCO BRADESCO S.A.                                           ;U;4010;0045100006;RECURSOS EM TRANSITO DE TERCEIROS                 ; 0000001338186076,85
200505;60746948;BCO BRADESCO S.A.                                           ;U;4010;0046000002;OBRIGACOES POR EMPRESTIMOS E REPASSES             ; 0000013499185374,24
200505;60746948;BCO BRADESCO S.A.                                           ;U;4010;0046300001;EMPRESTIMOS NO EXTERIOR                           ; 0000005311312350,10
200505;60746948;BCO BRADESCO S.A.                                           ;U;4010;0046400004;REPASSES DO PAIS - INSTITUICOES OFICIAIS          ; 0000008115698180,27
200505;60746948;BCO BRADESCO S.A.                                           ;U;4010;0046600000;REPASSES DO EXTERIOR                              ; 0000000072174843,87
200505;60746948;BCO BRADESCO S.A.                                           ;U;4010;0047000001;INSTRUMENTOS FINANCEIROS DERIVATIVOS              ; 0000000882287173,63
200505;60746948;BCO BRADESCO S.A.                                           ;U;4010;0047100004;INSTRUMENTOS FINANCEIROS DERIVATIVOS              ; 0000000882287173,63
200505;60746948;BCO BRADESCO S.A.                                           ;U;4010;0049000009;OUTRAS OBRIGACOES                                 ; 0000015252974847,96
200505;60746948;BCO BRADESCO S.A.                                           ;U;4010;0049100002;COBRANCA E ARRECADACAO DE TRIBUTOS E ASSEMELHADOS ; 0000001109522149,82
200505;60746948;BCO BRADESCO S.A.                                           ;U;4010;0049200005;CARTEIRA DE CAMBIO                                ; 0000004226472794,07
200505;60746948;BCO BRADESCO S.A.                                           ;U;4010;0049300008;SOCIAIS E ESTATUTARIAS                            ; 0000000582904130,59
200505;60746948;BCO BRADESCO S.A.                                           ;U;4010;0049400001;FISCAIS E PREVIDENCIARIAS                         ; 0000002210806757,13
200505;60746948;BCO BRADESCO S.A.                                           ;U;4010;0049500004;NEGOCIACAO E INTERMEDIACAO DE VALORES             ; 0000000393878617,94
200505;60746948;BCO BRADESCO S.A.                                           ;U;4010;0049900006;DIVERSAS                                          ; 0000006729390398,41
200505;60746948;BCO BRADESCO S.A.                                           ;U;4010;0050000005;RESULTADOS DE EXERCICIOS FUTUROS                  ; 0000000005221889,95
200505;60746948;BCO BRADESCO S.A.                                           ;U;4010;0051000004;RECEITAS DE EXERCICIOS FUTUROS                    ; 0000000005221889,95
200505;60746948;BCO BRADESCO S.A.                                           ;U;4010;0051100007;RECEITAS DE EXERCICIOS FUTUROS                    ; 0000000005221889,95
200505;60746948;BCO BRADESCO S.A.                                           ;U;4010;0060000002;PATRIMONIO LIQUIDO                                ; 0000015785260345,98
200505;60746948;BCO BRADESCO S.A.                                           ;U;4010;0061000001;PATRIMONIO LIQUIDO                                ; 0000015785260345,98
200505;60746948;BCO BRADESCO S.A.                                           ;U;4010;0061100004;CAPITAL SOCIAL                                    ; 0000010000000000,00
200505;60746948;BCO BRADESCO S.A.                                           ;U;4010;0061300000;RESERVAS DE CAPITAL                               ; 0000000035637997,91
200505;60746948;BCO BRADESCO S.A.                                           ;U;4010;0061500006;RESERVAS DE LUCROS                                ; 0000005457569574,33
200505;60746948;BCO BRADESCO S.A.                                           ;U;4010;0061600009;AJUSTES DE AVALIACAO PATRIMONIAL                  ; 0000000350098024,03
200505;60746948;BCO BRADESCO S.A.                                           ;U;4010;0061900008;(-) ACOES EM TESOURARIA                           ;-0000000058045250,29
200505;60746948;BCO BRADESCO S.A.                                           ;U;4010;0070000009;CONTAS DE RESULTADO CREDORAS                      ; 0000035155910535,57
200505;60746948;BCO BRADESCO S.A.                                           ;U;4010;0071000008;RECEITAS OPERACIONAIS                             ; 0000035042689953,09
200505;60746948;BCO BRADESCO S.A.                                           ;U;4010;0071100001;RENDAS DE OPERACOES DE CREDITO                    ; 0000004717487371,07
200505;60746948;BCO BRADESCO S.A.                                           ;U;4010;0071300007;RENDAS DE CAMBIO                                  ; 0000001583799564,74
200505;60746948;BCO BRADESCO S.A.                                           ;U;4010;0071400000;RENDAS DE APLICACOES INTERFINANCEIRAS DE LIQUIDEZ ; 0000002083764734,79
200505;60746948;BCO BRADESCO S.A.                                           ;U;4010;0071500003;RENDAS COM TIT. E VAL. MOB. E INST. FINANC. DERIV.; 0000021727036004,90
200505;60746948;BCO BRADESCO S.A.                                           ;U;4010;0071700009;RENDAS DE PRESTACAO DE SERVICOS                   ; 0000001893042964,39
200505;60746948;BCO BRADESCO S.A.                                           ;U;4010;0071800002;RENDAS DE PARTICIPACOES                           ; 0000001781702622,68
200505;60746948;BCO BRADESCO S.A.                                           ;U;4010;0071900005;OUTRAS RECEITAS OPERACIONAIS                      ; 0000001255856690,52
200505;60746948;BCO BRADESCO S.A.                                           ;U;4010;0073000006;RECEITAS NAO OPERACIONAIS                         ; 0000000050439648,00
200505;60746948;BCO BRADESCO S.A.                                           ;U;4010;0073100009;LUCROS EM TRANSACOES COM VALORES E BENS           ; 0000000010846829,97
200505;60746948;BCO BRADESCO S.A.                                           ;U;4010;0073900003;OUTRAS RECEITAS NAO OPERACIONAIS                  ; 0000000039592818,03
200505;60746948;BCO BRADESCO S.A.                                           ;U;4010;0078000001;RATEIO DE RESULTADOS INTERNOS                     ; 0000000062780934,48
200505;60746948;BCO BRADESCO S.A.                                           ;U;4010;0078100004;RATEIO DE RESULTADOS INTERNOS                     ; 0000000062780934,48
200505;60746948;BCO BRADESCO S.A.                                           ;U;4010;0080000006;(-) CONTAS DE RESULTADO DEVEDORAS                 ;-0000033752545555,42
200505;60746948;BCO BRADESCO S.A.                                           ;U;4010;0081000005;(-) DESPESAS OPERACIONAIS                         ;-0000033185347300,82
200505;60746948;BCO BRADESCO S.A.                                           ;U;4010;0081100008;(-) DESPESAS DE CAPTACAO                          ;-0000005130521402,59
200505;60746948;BCO BRADESCO S.A.                                           ;U;4010;0081200001;(-) DESP DE OBRIGACOES POR EMPRESTIMOS E REPASSES ;-0000000529562686,97
200505;60746948;BCO BRADESCO S.A.                                           ;U;4010;0081400007;(-) DESPESAS DE CAMBIO                            ;-0000001283672194,00
200505;60746948;BCO BRADESCO S.A.                                           ;U;4010;0081500000;(-) DESP. COM TIT. E VAL. MOB. E INST. FIN. DERIV.;-0000019535996442,34
200505;60746948;BCO BRADESCO S.A.                                           ;U;4010;0081600003;(-) DESPESAS DE PARTICIPACOES                     ;-0000000551907582,79
200505;60746948;BCO BRADESCO S.A.                                           ;U;4010;0081700006;(-) DESPESAS ADMINISTRATIVAS                      ;-0000003254682434,41
200505;60746948;BCO BRADESCO S.A.                                           ;U;4010;0081800009;(-) APROVISIONAMENTOS E AJUSTES PATRIMONIAIS      ;-0000001071347677,45
200505;60746948;BCO BRADESCO S.A.                                           ;U;4010;0081900002;(-) OUTRAS DESPESAS OPERACIONAIS                  ;-0000001827656880,27
200505;60746948;BCO BRADESCO S.A.                                           ;U;4010;0083000003;(-) DESPESAS NAO OPERACIONAIS                     ;-0000000049393827,69
200505;60746948;BCO BRADESCO S.A.                                           ;U;4010;0083100006;(-) PREJUIZOS EM TRANSACOES COM VALORES E BENS    ;-0000000036871864,25
200505;60746948;BCO BRADESCO S.A.                                           ;U;4010;0083900000;(-) OUTRAS DESPESAS NAO OPERACIONAIS              ;-0000000012521963,44
200505;60746948;BCO BRADESCO S.A.                                           ;U;4010;0088000008;(-) RATEIO DE RESULTADOS INTERNOS                 ;-0000000062780934,48
200505;60746948;BCO BRADESCO S.A.                                           ;U;4010;0088100001;(-) RATEIO DE RESULTADOS INTERNOS                 ;-0000000062780934,48
200505;60746948;BCO BRADESCO S.A.                                           ;U;4010;0089000007;(-) APURACAO DE RESULTADO                         ;-0000000455023492,43
200505;60746948;BCO BRADESCO S.A.                                           ;U;4010;0089400009;(-) IMPOSTO DE RENDA                              ;-0000000455023492,43
200505;60746948;BCO BRADESCO S.A.                                           ;U;4010;0090000003;COMPENSACAO                                       ; 0001512964475241,17
200505;60746948;BCO BRADESCO S.A.                                           ;U;4010;0090100006;COOBRIGACOES E RISCOS EM GARANTIAS PRESTADAS      ; 0000009510381568,44
200505;60746948;BCO BRADESCO S.A.                                           ;U;4010;0090300002;TITULOS E VALORES MOBILIARIOS                     ; 0000031665868508,05
200505;60746948;BCO BRADESCO S.A.                                           ;U;4010;0090400005;CUSTODIA DE VALORES                               ; 0000238694813475,01
200505;60746948;BCO BRADESCO S.A.                                           ;U;4010;0090500008;COBRANCA                                          ; 0000079741942485,61
200505;60746948;BCO BRADESCO S.A.                                           ;U;4010;0090600001;NEGOCIACAO E INTERMEDIACAO DE VALORES             ; 0000041466879052,93
200505;60746948;BCO BRADESCO S.A.                                           ;U;4010;0090800007;CONTRATOS                                         ; 0000153382286018,24
200505;60746948;BCO BRADESCO S.A.                                           ;U;4010;0090900000;CONTROLE                                          ; 0000905354185112,90
200505;60746948;BCO BRADESCO S.A.                                           ;U;4010;0091000002;CLASSIFICACAO DA CARTEIRA DE CREDITOS             ; 0000053148119019,99
200505;60746948;BCO BRADESCO S.A.                                           ;U;4010;0091100005;OPERACOES DE CREDITOS E ARRENDAMENTO MERCANTIL    ; 0000053148119019,99
200505;60746948;BCO BRADESCO S.A.                                           ;U;4010;0099999995;TOTAL GERAL DO PASSIVO                            ; 0001665540488638,76
200505;60770336;BCO ALFA DE INVESTIMENTO S.A.                               ;I;4010;0010000007;CIRCULANTE E REALIZAVEL A LONGO PRAZO             ; 0000006923580439,93
200505;60770336;BCO ALFA DE INVESTIMENTO S.A.                               ;I;4010;0011000006;DISPONIBILIDADES                                  ; 0000000001730779,29
200505;60770336;BCO ALFA DE INVESTIMENTO S.A.                               ;I;4010;0011100009;CAIXA                                             ; 0000000000001600,00
200505;60770336;BCO ALFA DE INVESTIMENTO S.A.                               ;I;4010;0011200002;DEPOSITOS BANCARIOS                               ; 0000000000417966,75
200505;60770336;BCO ALFA DE INVESTIMENTO S.A.                               ;I;4010;0011500001;DISPONIBILIDADES EM MOEDAS ESTRANGEIRAS           ; 0000000001311212,54
200505;60770336;BCO ALFA DE INVESTIMENTO S.A.                               ;I;4010;0012000005;APLICACOES INTERFINANCEIRAS DE LIQUIDEZ           ; 0000000981968794,03
200505;60770336;BCO ALFA DE INVESTIMENTO S.A.                               ;I;4010;0012100008;APLICACOES EM OPERACOES COMPROMISSADAS            ; 0000000020567876,33
200505;60770336;BCO ALFA DE INVESTIMENTO S.A.                               ;I;4010;0012200001;APLICACOES EM DEPOSITOS INTERFINANCEIROS          ; 0000000957315817,70
200505;60770336;BCO ALFA DE INVESTIMENTO S.A.                               ;I;4010;0012600003;APLICA OES EM MOEDAS ESTRANGEIRAS                 ; 0000000004085100,00
200505;60770336;BCO ALFA DE INVESTIMENTO S.A.                               ;I;4010;0013000004;TITULOS E VAL. MOB. E INST. FINANC. DERIVATIVOS   ; 0000002952415101,74
200505;60770336;BCO ALFA DE INVESTIMENTO S.A.                               ;I;4010;0013100007;LIVRES                                            ; 0000001183347454,54
200505;60770336;BCO ALFA DE INVESTIMENTO S.A.                               ;I;4010;0013200000;VINCULADOS A OPERACOES COMPROMISSADAS             ; 0000001509108451,37
200505;60770336;BCO ALFA DE INVESTIMENTO S.A.                               ;I;4010;0013300003;INSTRUMENTOS FINANCEIROS DERIVATIVOS              ; 0000000118475522,89
200505;60770336;BCO ALFA DE INVESTIMENTO S.A.                               ;I;4010;0013400006;VINCULADOS AO BANCO CENTRAL                       ; 0000000095767235,38
200505;60770336;BCO ALFA DE INVESTIMENTO S.A.                               ;I;4010;0013600002;VINCULADOS A PRESTACAO DE GARANTIAS               ; 0000000045716437,56
200505;60770336;BCO ALFA DE INVESTIMENTO S.A.                               ;I;4010;0014000003;RELACOES INTERFINANCEIRAS                         ; 0000000112309205,08
200505;60770336;BCO ALFA DE INVESTIMENTO S.A.                               ;I;4010;0014200009;CREDITOS VINCULADOS                               ; 0000000112309205,08
200505;60770336;BCO ALFA DE INVESTIMENTO S.A.                               ;I;4010;0016000001;OPERACOES DE CREDITO                              ; 0000002427778504,60
200505;60770336;BCO ALFA DE INVESTIMENTO S.A.                               ;I;4010;0016100004;EMPRESTIMOS E TITULOS DESCONTADOS                 ; 0000001370826222,38
200505;60770336;BCO ALFA DE INVESTIMENTO S.A.                               ;I;4010;0016200007;FINANCIAMENTOS                                    ; 0000001074525430,87
200505;60770336;BCO ALFA DE INVESTIMENTO S.A.                               ;I;4010;0016300000;FINANCIAMENTOS RURAIS E AGROINDUSTRIAIS           ; 0000000002719255,17
200505;60770336;BCO ALFA DE INVESTIMENTO S.A.                               ;I;4010;0016900008;(-) PROVISOES PARA OPERACOES DE CREDITO           ;-0000000020292403,82
200505;60770336;BCO ALFA DE INVESTIMENTO S.A.                               ;I;4010;0018000009;OUTROS CREDITOS                                   ; 0000000446334808,30
200505;60770336;BCO ALFA DE INVESTIMENTO S.A.                               ;I;4010;0018200005;CARTEIRA DE CAMBIO                                ; 0000000343953121,21
200505;60770336;BCO ALFA DE INVESTIMENTO S.A.                               ;I;4010;0018300008;RENDAS A RECEBER                                  ; 0000000001396949,70
200505;60770336;BCO ALFA DE INVESTIMENTO S.A.                               ;I;4010;0018400001;NEGOCIACAO E INTERMEDIACAO DE VALORES             ; 0000000000308699,55
200505;60770336;BCO ALFA DE INVESTIMENTO S.A.                               ;I;4010;0018800003;DIVERSOS                                          ; 0000000103765322,17
200505;60770336;BCO ALFA DE INVESTIMENTO S.A.                               ;I;4010;0018900006;(-) PROVISOES PARA OUTROS CREDITOS                ;-0000000003089284,33
200505;60770336;BCO ALFA DE INVESTIMENTO S.A.                               ;I;4010;0019000008;OUTROS VALORES E BENS                             ; 0000000001043246,89
200505;60770336;BCO ALFA DE INVESTIMENTO S.A.                               ;I;4010;0019800002;OUTROS VALORES E BENS                             ; 0000000000176065,67
200505;60770336;BCO ALFA DE INVESTIMENTO S.A.                               ;I;4010;0019900005;DESPESAS ANTECIPADAS                              ; 0000000000867181,22
200505;60770336;BCO ALFA DE INVESTIMENTO S.A.                               ;I;4010;0020000004;PERMANENTE                                        ; 0000000302231246,53
200505;60770336;BCO ALFA DE INVESTIMENTO S.A.                               ;I;4010;0021000003;INVESTIMENTOS                                     ; 0000000295024825,49
200505;60770336;BCO ALFA DE INVESTIMENTO S.A.                               ;I;4010;0021200009;PARTICIPACOES EM COLIGADAS E CONTROLADAS NO PAIS  ; 0000000271163411,09
200505;60770336;BCO ALFA DE INVESTIMENTO S.A.                               ;I;4010;0021400005;TITULOS PATRIMONIAIS                              ; 0000000000117699,07
200505;60770336;BCO ALFA DE INVESTIMENTO S.A.                               ;I;4010;0021500008;ACOES E COTAS                                     ; 0000000023725888,31
200505;60770336;BCO ALFA DE INVESTIMENTO S.A.                               ;I;4010;0021900000;OUTROS INVESTIMENTOS                              ; 0000000000017827,02
200505;60770336;BCO ALFA DE INVESTIMENTO S.A.                               ;I;4010;0022000002;IMOBILIZADO DE USO                                ; 0000000006864547,58
200505;60770336;BCO ALFA DE INVESTIMENTO S.A.                               ;I;4010;0022300001;IMOVEIS DE USO                                    ; 0000000002420023,81
200505;60770336;BCO ALFA DE INVESTIMENTO S.A.                               ;I;4010;0022400004;INSTALACOES, MOVEIS E EQUIPAMENTOS DE USO         ; 0000000001997060,98
200505;60770336;BCO ALFA DE INVESTIMENTO S.A.                               ;I;4010;0022900009;OUTROS                                            ; 0000000002447462,79
200505;60770336;BCO ALFA DE INVESTIMENTO S.A.                               ;I;4010;0024000000;DIFERIDO                                          ; 0000000000341873,46
200505;60770336;BCO ALFA DE INVESTIMENTO S.A.                               ;I;4010;0024100003;GASTOS DE ORGANIZACAO E EXPANSAO                  ; 0000000000341873,46
200505;60770336;BCO ALFA DE INVESTIMENTO S.A.                               ;I;4010;0030000001;COMPENSACAO                                       ; 0000015596053972,89
200505;60770336;BCO ALFA DE INVESTIMENTO S.A.                               ;I;4010;0030100004;COOBRIGACOES E RISCOS EM GARANTIAS PRESTADAS      ; 0000000528600814,95
200505;60770336;BCO ALFA DE INVESTIMENTO S.A.                               ;I;4010;0030300000;TITULOS E VALORES MOBILIARIOS                     ; 0000005667879157,70
200505;60770336;BCO ALFA DE INVESTIMENTO S.A.                               ;I;4010;0030400003;CUSTODIA DE VALORES                               ; 0000000493521804,69
200505;60770336;BCO ALFA DE INVESTIMENTO S.A.                               ;I;4010;0030500006;COBRANCA                                          ; 0000000376765339,47
200505;60770336;BCO ALFA DE INVESTIMENTO S.A.                               ;I;4010;0030600009;NEGOCIACAO E INTERMEDIACAO DE VALORES             ; 0000002044998119,96
200505;60770336;BCO ALFA DE INVESTIMENTO S.A.                               ;I;4010;0030800005;CONTRATOS                                         ; 0000003084111256,54
200505;60770336;BCO ALFA DE INVESTIMENTO S.A.                               ;I;4010;0030900008;CONTROLE                                          ; 0000000832475887,34
200505;60770336;BCO ALFA DE INVESTIMENTO S.A.                               ;I;4010;0031000000;CLASSIFICACAO DA CARTEIRA DE CREDITOS             ; 0000002567701592,24
200505;60770336;BCO ALFA DE INVESTIMENTO S.A.                               ;I;4010;0031100003;OPERACOES DE RISCO NIVEL AA                       ; 0000000897989139,92
200505;60770336;BCO ALFA DE INVESTIMENTO S.A.                               ;I;4010;0031200006;OPERACOES DE RISCO NIVEL A                        ; 0000000965225879,93
200505;60770336;BCO ALFA DE INVESTIMENTO S.A.                               ;I;4010;0031300009;OPERACOES DE RISCO NIVELB                         ; 0000000629307098,84
200505;60770336;BCO ALFA DE INVESTIMENTO S.A.                               ;I;4010;0031400002;OPERACOES DE RISCO NIVELC                         ; 0000000062665310,39
200505;60770336;BCO ALFA DE INVESTIMENTO S.A.                               ;I;4010;0031500005;OPERACOES DE RISCO NIVEL D                        ; 0000000009971610,28
200505;60770336;BCO ALFA DE INVESTIMENTO S.A.                               ;I;4010;0031600008;OPERACOES DE RISCO NIVEL E                        ; 0000000000637209,83
200505;60770336;BCO ALFA DE INVESTIMENTO S.A.                               ;I;4010;0031700001;OPERACOES DE RISCO NIVEL F                        ; 0000000000110739,18
200505;60770336;BCO ALFA DE INVESTIMENTO S.A.                               ;I;4010;0031900007;OPERACOES DE RISCO NIVEL H                        ; 0000000001794603,87
200505;60770336;BCO ALFA DE INVESTIMENTO S.A.                               ;I;4010;0039999993;TOTAL GERAL DO ATIVO                              ; 0000022821865659,35
200505;60770336;BCO ALFA DE INVESTIMENTO S.A.                               ;I;4010;0040000008;CIRCULANTE EXIGIVEL A LONGO PRAZO                 ; 0000006564641304,57
200505;60770336;BCO ALFA DE INVESTIMENTO S.A.                               ;I;4010;0041000007;DEPOSITOS                                         ; 0000003064700534,45
200505;60770336;BCO ALFA DE INVESTIMENTO S.A.                               ;I;4010;0041100000;DEPOSITOS A VISTA                                 ; 0000000000365815,66
200505;60770336;BCO ALFA DE INVESTIMENTO S.A.                               ;I;4010;0041300006;DEPOSITOS INTERFINANCEIROS                        ; 0000000414981636,79
200505;60770336;BCO ALFA DE INVESTIMENTO S.A.                               ;I;4010;0041500002;DEPOSITOS A PRAZO                                 ; 0000002649353082,00
200505;60770336;BCO ALFA DE INVESTIMENTO S.A.                               ;I;4010;0042000006;OBRIGACOES POR OPERACOES COMPROMISSADAS           ; 0000001505900546,86
200505;60770336;BCO ALFA DE INVESTIMENTO S.A.                               ;I;4010;0042100009;CARTEIRA PROPRIA                                  ; 0000001505900546,86
200505;60770336;BCO ALFA DE INVESTIMENTO S.A.                               ;I;4010;0043000005;RECURSOS ACEITES CAMB,LI E HIP.,DEBENT.E SIMILARES; 0000000248985032,10
200505;60770336;BCO ALFA DE INVESTIMENTO S.A.                               ;I;4010;0043500000;OBRIGACOES P/TITULOS E VALS.MOBILIARIOS EXTERIOR  ; 0000000248985032,10
200505;60770336;BCO ALFA DE INVESTIMENTO S.A.                               ;I;4010;0044000004;RELACOES INTERFINANCEIRAS                         ; 0000000043233699,72
200505;60770336;BCO ALFA DE INVESTIMENTO S.A.                               ;I;4010;0044300003;REPASSES INTERFINANCEIROS                         ; 0000000043233699,72
200505;60770336;BCO ALFA DE INVESTIMENTO S.A.                               ;I;4010;0045000003;RELACOES INTERDEPENDENCIAS                        ; 0000000010693484,52
200505;60770336;BCO ALFA DE INVESTIMENTO S.A.                               ;I;4010;0045100006;RECURSOS EM TRANSITO DE TERCEIROS                 ; 0000000010693484,52
200505;60770336;BCO ALFA DE INVESTIMENTO S.A.                               ;I;4010;0046000002;OBRIGACOES POR EMPRESTIMOS E REPASSES             ; 0000001011112511,69
200505;60770336;BCO ALFA DE INVESTIMENTO S.A.                               ;I;4010;0046300001;EMPRESTIMOS NO EXTERIOR                           ; 0000000231258654,09
200505;60770336;BCO ALFA DE INVESTIMENTO S.A.                               ;I;4010;0046400004;REPASSES DO PAIS - INSTITUICOES OFICIAIS          ; 0000000779853857,60
200505;60770336;BCO ALFA DE INVESTIMENTO S.A.                               ;I;4010;0047000001;INSTRUMENTOS FINANCEIROS DERIVATIVOS              ; 0000000290689597,42
200505;60770336;BCO ALFA DE INVESTIMENTO S.A.                               ;I;4010;0047100004;INSTRUMENTOS FINANCEIROS DERIVATIVOS              ; 0000000290689597,42
200505;60770336;BCO ALFA DE INVESTIMENTO S.A.                               ;I;4010;0049000009;OUTRAS OBRIGACOES                                 ; 0000000389325897,81
200505;60770336;BCO ALFA DE INVESTIMENTO S.A.                               ;I;4010;0049100002;COBRANCA E ARRECADACAO DE TRIBUTOS E ASSEMELHADOS ; 0000000000217671,66
200505;60770336;BCO ALFA DE INVESTIMENTO S.A.                               ;I;4010;0049200005;CARTEIRA DE CAMBIO                                ; 0000000259824974,63
200505;60770336;BCO ALFA DE INVESTIMENTO S.A.                               ;I;4010;0049300008;SOCIAIS E ESTATUTARIAS                            ; 0000000005395069,86
200505;60770336;BCO ALFA DE INVESTIMENTO S.A.                               ;I;4010;0049400001;FISCAIS E PREVIDENCIARIAS                         ; 0000000110689217,90
200505;60770336;BCO ALFA DE INVESTIMENTO S.A.                               ;I;4010;0049500004;NEGOCIACAO E INTERMEDIACAO DE VALORES             ; 0000000000216477,30
200505;60770336;BCO ALFA DE INVESTIMENTO S.A.                               ;I;4010;0049900006;DIVERSAS                                          ; 0000000012982486,46
200505;60770336;BCO ALFA DE INVESTIMENTO S.A.                               ;I;4010;0050000005;RESULTADOS DE EXERCICIOS FUTUROS                  ; 0000000000750599,56
200505;60770336;BCO ALFA DE INVESTIMENTO S.A.                               ;I;4010;0051000004;RECEITAS DE EXERCICIOS FUTUROS                    ; 0000000000750599,56
200505;60770336;BCO ALFA DE INVESTIMENTO S.A.                               ;I;4010;0051100007;RECEITAS DE EXERCICIOS FUTUROS                    ; 0000000000750599,56
200505;60770336;BCO ALFA DE INVESTIMENTO S.A.                               ;I;4010;0060000002;PATRIMONIO LIQUIDO                                ; 0000000634682676,22
200505;60770336;BCO ALFA DE INVESTIMENTO S.A.                               ;I;4010;0061000001;PATRIMONIO LIQUIDO                                ; 0000000634682676,22
200505;60770336;BCO ALFA DE INVESTIMENTO S.A.                               ;I;4010;0061100004;CAPITAL SOCIAL                                    ; 0000000275000000,00
200505;60770336;BCO ALFA DE INVESTIMENTO S.A.                               ;I;4010;0061300000;RESERVAS DE CAPITAL                               ; 0000000052493501,37
200505;60770336;BCO ALFA DE INVESTIMENTO S.A.                               ;I;4010;0061500006;RESERVAS DE LUCROS                                ; 0000000307180115,07
200505;60770336;BCO ALFA DE INVESTIMENTO S.A.                               ;I;4010;0061600009;AJUSTES DE AVALIACAO PATRIMONIAL                  ; 0000000000009059,78
200505;60770336;BCO ALFA DE INVESTIMENTO S.A.                               ;I;4010;0070000009;CONTAS DE RESULTADO CREDORAS                      ; 0000000487798027,97
200505;60770336;BCO ALFA DE INVESTIMENTO S.A.                               ;I;4010;0071000008;RECEITAS OPERACIONAIS                             ; 0000000487084286,94
200505;60770336;BCO ALFA DE INVESTIMENTO S.A.                               ;I;4010;0071100001;RENDAS DE OPERACOES DE CREDITO                    ; 0000000104941692,21
200505;60770336;BCO ALFA DE INVESTIMENTO S.A.                               ;I;4010;0071300007;RENDAS DE CAMBIO                                  ; 0000000003872580,11
200505;60770336;BCO ALFA DE INVESTIMENTO S.A.                               ;I;4010;0071400000;RENDAS DE APLICACOES INTERFINANCEIRAS DE LIQUIDEZ ; 0000000075422500,42
200505;60770336;BCO ALFA DE INVESTIMENTO S.A.                               ;I;4010;0071500003;RENDAS COM TIT. E VAL. MOB. E INST. FINANC. DERIV.; 0000000242994986,05
200505;60770336;BCO ALFA DE INVESTIMENTO S.A.                               ;I;4010;0071700009;RENDAS DE PRESTACAO DE SERVICOS                   ; 0000000005350852,20
200505;60770336;BCO ALFA DE INVESTIMENTO S.A.                               ;I;4010;0071800002;RENDAS DE PARTICIPACOES                           ; 0000000010465976,17
200505;60770336;BCO ALFA DE INVESTIMENTO S.A.                               ;I;4010;0071900005;OUTRAS RECEITAS OPERACIONAIS                      ; 0000000044035699,78
200505;60770336;BCO ALFA DE INVESTIMENTO S.A.                               ;I;4010;0073000006;RECEITAS NAO OPERACIONAIS                         ; 0000000000713741,03
200505;60770336;BCO ALFA DE INVESTIMENTO S.A.                               ;I;4010;0073100009;LUCROS EM TRANSACOES COM VALORES E BENS           ; 0000000000123968,82
200505;60770336;BCO ALFA DE INVESTIMENTO S.A.                               ;I;4010;0073900003;OUTRAS RECEITAS NAO OPERACIONAIS                  ; 0000000000589772,21
200505;60770336;BCO ALFA DE INVESTIMENTO S.A.                               ;I;4010;0080000006;(-) CONTAS DE RESULTADO DEVEDORAS                 ;-0000000462060921,86
200505;60770336;BCO ALFA DE INVESTIMENTO S.A.                               ;I;4010;0081000005;(-) DESPESAS OPERACIONAIS                         ;-0000000454409871,12
200505;60770336;BCO ALFA DE INVESTIMENTO S.A.                               ;I;4010;0081100008;(-) DESPESAS DE CAPTACAO                          ;-0000000312742895,59
200505;60770336;BCO ALFA DE INVESTIMENTO S.A.                               ;I;4010;0081200001;(-) DESP DE OBRIGACOES POR EMPRESTIMOS E REPASSES ;-0000000025893524,24
200505;60770336;BCO ALFA DE INVESTIMENTO S.A.                               ;I;4010;0081400007;(-) DESPESAS DE CAMBIO                            ;-0000000000054494,70
200505;60770336;BCO ALFA DE INVESTIMENTO S.A.                               ;I;4010;0081500000;(-) DESP. COM TIT. E VAL. MOB. E INST. FIN. DERIV.;-0000000081709092,61
200505;60770336;BCO ALFA DE INVESTIMENTO S.A.                               ;I;4010;0081700006;(-) DESPESAS ADMINISTRATIVAS                      ;-0000000028251961,55
200505;60770336;BCO ALFA DE INVESTIMENTO S.A.                               ;I;4010;0081800009;(-) APROVISIONAMENTOS E AJUSTES PATRIMONIAIS      ;-0000000001094381,81
200505;60770336;BCO ALFA DE INVESTIMENTO S.A.                               ;I;4010;0081900002;(-) OUTRAS DESPESAS OPERACIONAIS                  ;-0000000004663520,62
200505;60770336;BCO ALFA DE INVESTIMENTO S.A.                               ;I;4010;0089000007;(-) APURACAO DE RESULTADO                         ;-0000000007651050,74
200505;60770336;BCO ALFA DE INVESTIMENTO S.A.                               ;I;4010;0089400009;(-) IMPOSTO DE RENDA                              ;-0000000005713896,64
200505;60770336;BCO ALFA DE INVESTIMENTO S.A.                               ;I;4010;0089700008;(-) PARTICIPACOES NO LUCRO                        ;-0000000001937154,10
200505;60770336;BCO ALFA DE INVESTIMENTO S.A.                               ;I;4010;0090000003;COMPENSACAO                                       ; 0000015596053972,89
200505;60770336;BCO ALFA DE INVESTIMENTO S.A.                               ;I;4010;0090100006;COOBRIGACOES E RISCOS EM GARANTIAS PRESTADAS      ; 0000000528600814,95
200505;60770336;BCO ALFA DE INVESTIMENTO S.A.                               ;I;4010;0090300002;TITULOS E VALORES MOBILIARIOS                     ; 0000005667879157,70
200505;60770336;BCO ALFA DE INVESTIMENTO S.A.                               ;I;4010;0090400005;CUSTODIA DE VALORES                               ; 0000000493521804,69
200505;60770336;BCO ALFA DE INVESTIMENTO S.A.                               ;I;4010;0090500008;COBRANCA                                          ; 0000000376765339,47
200505;60770336;BCO ALFA DE INVESTIMENTO S.A.                               ;I;4010;0090600001;NEGOCIACAO E INTERMEDIACAO DE VALORES             ; 0000002044998119,96
200505;60770336;BCO ALFA DE INVESTIMENTO S.A.                               ;I;4010;0090800007;CONTRATOS                                         ; 0000003084111256,54
200505;60770336;BCO ALFA DE INVESTIMENTO S.A.                               ;I;4010;0090900000;CONTROLE                                          ; 0000000832475887,34
200505;60770336;BCO ALFA DE INVESTIMENTO S.A.                               ;I;4010;0091000002;CLASSIFICACAO DA CARTEIRA DE CREDITOS             ; 0000002567701592,24
200505;60770336;BCO ALFA DE INVESTIMENTO S.A.                               ;I;4010;0091100005;OPERACOES DE CREDITOS E ARRENDAMENTO MERCANTIL    ; 0000002567701592,24
200505;60770336;BCO ALFA DE INVESTIMENTO S.A.                               ;I;4010;0099999995;TOTAL GERAL DO PASSIVO                            ; 0000022821865659,35
200505;60850229;BCO PECUNIA S.A.                                            ;U;4010;0010000007;CIRCULANTE E REALIZAVEL A LONGO PRAZO             ; 0000000246507881,04
200505;60850229;BCO PECUNIA S.A.                                            ;U;4010;0011000006;DISPONIBILIDADES                                  ; 0000000000040473,96
200505;60850229;BCO PECUNIA S.A.                                            ;U;4010;0011100009;CAIXA                                             ; 0000000000003989,38
200505;60850229;BCO PECUNIA S.A.                                            ;U;4010;0011200002;DEPOSITOS BANCARIOS                               ; 0000000000000401,15
200505;60850229;BCO PECUNIA S.A.                                            ;U;4010;0011300005;RESERVAS LIVRES                                   ; 0000000000036083,43
200505;60850229;BCO PECUNIA S.A.                                            ;U;4010;0012000005;APLICACOES INTERFINANCEIRAS DE LIQUIDEZ           ; 0000000060117986,52
200505;60850229;BCO PECUNIA S.A.                                            ;U;4010;0012100008;APLICACOES EM OPERACOES COMPROMISSADAS            ; 0000000053302242,35
200505;60850229;BCO PECUNIA S.A.                                            ;U;4010;0012200001;APLICACOES EM DEPOSITOS INTERFINANCEIROS          ; 0000000006815744,17
200505;60850229;BCO PECUNIA S.A.                                            ;U;4010;0013000004;TITULOS E VAL. MOB. E INST. FINANC. DERIVATIVOS   ; 0000000014050191,21
200505;60850229;BCO PECUNIA S.A.                                            ;U;4010;0013300003;INSTRUMENTOS FINANCEIROS DERIVATIVOS              ; 0000000000109242,66
200505;60850229;BCO PECUNIA S.A.                                            ;U;4010;0013600002;VINCULADOS A PRESTACAO DE GARANTIAS               ; 0000000013940948,55
200505;60850229;BCO PECUNIA S.A.                                            ;U;4010;0014000003;RELACOES INTERFINANCEIRAS                         ; 0000000001376182,77
200505;60850229;BCO PECUNIA S.A.                                            ;U;4010;0014100006;DIREITOS JUNTO A PARTIC. DE SISTEMAS DE LIQUIDAÇÃO; 0000000000164477,91
200505;60850229;BCO PECUNIA S.A.                                            ;U;4010;0014200009;CREDITOS VINCULADOS                               ; 0000000000522160,56
200505;60850229;BCO PECUNIA S.A.                                            ;U;4010;0014400005;RELACOES COM CORRESPONDENTES                      ; 0000000000689544,30
200505;60850229;BCO PECUNIA S.A.                                            ;U;4010;0015000002;RELACOES INTERDEPENDENCIAS                        ; 0000000000179606,33
200505;60850229;BCO PECUNIA S.A.                                            ;U;4010;0015200008;TRANSFERENCIAS INTERNAS DE RECURSOS               ; 0000000000179606,33
200505;60850229;BCO PECUNIA S.A.                                            ;U;4010;0016000001;OPERACOES DE CREDITO                              ; 0000000146888526,38
200505;60850229;BCO PECUNIA S.A.                                            ;U;4010;0016100004;EMPRESTIMOS E TITULOS DESCONTADOS                 ; 0000000002109465,57
200505;60850229;BCO PECUNIA S.A.                                            ;U;4010;0016200007;FINANCIAMENTOS                                    ; 0000000163788957,08
200505;60850229;BCO PECUNIA S.A.                                            ;U;4010;0016900008;(-) PROVISOES PARA OPERACOES DE CREDITO           ;-0000000019009896,27
200505;60850229;BCO PECUNIA S.A.                                            ;U;4010;0018000009;OUTROS CREDITOS                                   ; 0000000009699293,15
200505;60850229;BCO PECUNIA S.A.                                            ;U;4010;0018800003;DIVERSOS                                          ; 0000000009699293,15
200505;60850229;BCO PECUNIA S.A.                                            ;U;4010;0019000008;OUTROS VALORES E BENS                             ; 0000000014155620,72
200505;60850229;BCO PECUNIA S.A.                                            ;U;4010;0019800002;OUTROS VALORES E BENS                             ; 0000000000334606,43
200505;60850229;BCO PECUNIA S.A.                                            ;U;4010;0019900005;DESPESAS ANTECIPADAS                              ; 0000000013821014,29
200505;60850229;BCO PECUNIA S.A.                                            ;U;4010;0020000004;PERMANENTE                                        ; 0000000010048008,94
200505;60850229;BCO PECUNIA S.A.                                            ;U;4010;0021000003;INVESTIMENTOS                                     ; 0000000006296370,12
200505;60850229;BCO PECUNIA S.A.                                            ;U;4010;0021200009;PARTICIPACOES EM COLIGADAS E CONTROLADAS NO PAIS  ; 0000000005580076,21
200505;60850229;BCO PECUNIA S.A.                                            ;U;4010;0021300002;INVESTIMENTOS POR INCENTIVOS FISCAIS              ; 0000000000059123,44
200505;60850229;BCO PECUNIA S.A.                                            ;U;4010;0021400005;TITULOS PATRIMONIAIS                              ; 0000000000201035,55
200505;60850229;BCO PECUNIA S.A.                                            ;U;4010;0021900000;OUTROS INVESTIMENTOS                              ; 0000000000456134,92
200505;60850229;BCO PECUNIA S.A.                                            ;U;4010;0022000002;IMOBILIZADO DE USO                                ; 0000000002352736,58
200505;60850229;BCO PECUNIA S.A.                                            ;U;4010;0022200008;IMOBILIZACOES EM CURSO                            ; 0000000000053022,00
200505;60850229;BCO PECUNIA S.A.                                            ;U;4010;0022300001;IMOVEIS DE USO                                    ; 0000000000914349,36
200505;60850229;BCO PECUNIA S.A.                                            ;U;4010;0022400004;INSTALACOES, MOVEIS E EQUIPAMENTOS DE USO         ; 0000000000393882,33
200505;60850229;BCO PECUNIA S.A.                                            ;U;4010;0022900009;OUTROS                                            ; 0000000000991482,89
200505;60850229;BCO PECUNIA S.A.                                            ;U;4010;0024000000;DIFERIDO                                          ; 0000000001398902,24
200505;60850229;BCO PECUNIA S.A.                                            ;U;4010;0024100003;GASTOS DE ORGANIZACAO E EXPANSAO                  ; 0000000001398902,24
200505;60850229;BCO PECUNIA S.A.                                            ;U;4010;0030000001;COMPENSACAO                                       ; 0000000519405204,37
200505;60850229;BCO PECUNIA S.A.                                            ;U;4010;0030100004;COOBRIGACOES E RISCOS EM GARANTIAS PRESTADAS      ; 0000000048781086,82
200505;60850229;BCO PECUNIA S.A.                                            ;U;4010;0030300000;TITULOS E VALORES MOBILIARIOS                     ; 0000000081293382,11
200505;60850229;BCO PECUNIA S.A.                                            ;U;4010;0030400003;CUSTODIA DE VALORES                               ; 0000000001259798,62
200505;60850229;BCO PECUNIA S.A.                                            ;U;4010;0030600009;NEGOCIACAO E INTERMEDIACAO DE VALORES             ; 0000000041368742,16
200505;60850229;BCO PECUNIA S.A.                                            ;U;4010;0030900008;CONTROLE                                          ; 0000000180803772,01
200505;60850229;BCO PECUNIA S.A.                                            ;U;4010;0031000000;CLASSIFICACAO DA CARTEIRA DE CREDITOS             ; 0000000165898422,65
200505;60850229;BCO PECUNIA S.A.                                            ;U;4010;0031200006;OPERACOES DE RISCO NIVEL A                        ; 0000000114243584,08
200505;60850229;BCO PECUNIA S.A.                                            ;U;4010;0031300009;OPERACOES DE RISCO NIVELB                         ; 0000000010904129,92
200505;60850229;BCO PECUNIA S.A.                                            ;U;4010;0031400002;OPERACOES DE RISCO NIVELC                         ; 0000000009375549,04
200505;60850229;BCO PECUNIA S.A.                                            ;U;4010;0031500005;OPERACOES DE RISCO NIVEL D                        ; 0000000006095089,76
200505;60850229;BCO PECUNIA S.A.                                            ;U;4010;0031600008;OPERACOES DE RISCO NIVEL E                        ; 0000000005646274,44
200505;60850229;BCO PECUNIA S.A.                                            ;U;4010;0031700001;OPERACOES DE RISCO NIVEL F                        ; 0000000005118893,62
200505;60850229;BCO PECUNIA S.A.                                            ;U;4010;0031800004;OPERACOES DE RISCO NIVEL G                        ; 0000000004431231,16
200505;60850229;BCO PECUNIA S.A.                                            ;U;4010;0031900007;OPERACOES DE RISCO NIVEL H                        ; 0000000010083670,63
200505;60850229;BCO PECUNIA S.A.                                            ;U;4010;0039999993;TOTAL GERAL DO ATIVO                              ; 0000000775961094,35
200505;60850229;BCO PECUNIA S.A.                                            ;U;4010;0040000008;CIRCULANTE EXIGIVEL A LONGO PRAZO                 ; 0000000204205562,88
200505;60850229;BCO PECUNIA S.A.                                            ;U;4010;0041000007;DEPOSITOS                                         ; 0000000158038526,48
200505;60850229;BCO PECUNIA S.A.                                            ;U;4010;0041100000;DEPOSITOS A VISTA                                 ; 0000000000119244,16
200505;60850229;BCO PECUNIA S.A.                                            ;U;4010;0041300006;DEPOSITOS INTERFINANCEIROS                        ; 0000000004432198,07
200505;60850229;BCO PECUNIA S.A.                                            ;U;4010;0041500002;DEPOSITOS A PRAZO                                 ; 0000000153487084,25
200505;60850229;BCO PECUNIA S.A.                                            ;U;4010;0042000006;OBRIGACOES POR OPERACOES COMPROMISSADAS           ; 0000000000099614,06
200505;60850229;BCO PECUNIA S.A.                                            ;U;4010;0042200002;CARTEIRA DE TERCEIROS                             ; 0000000000099614,06
200505;60850229;BCO PECUNIA S.A.                                            ;U;4010;0044000004;RELACOES INTERFINANCEIRAS                         ; 0000000000324459,40
200505;60850229;BCO PECUNIA S.A.                                            ;U;4010;0044100007;OBRIGAÇÕES JUNTO A PARTIC. DE SIST. DE LIQUIDACÃO ; 0000000000324459,40
200505;60850229;BCO PECUNIA S.A.                                            ;U;4010;0045000003;RELACOES INTERDEPENDENCIAS                        ; 0000000003425776,86
200505;60850229;BCO PECUNIA S.A.                                            ;U;4010;0045100006;RECURSOS EM TRANSITO DE TERCEIROS                 ; 0000000003425776,86
200505;60850229;BCO PECUNIA S.A.                                            ;U;4010;0047000001;INSTRUMENTOS FINANCEIROS DERIVATIVOS              ; 0000000011874067,27
200505;60850229;BCO PECUNIA S.A.                                            ;U;4010;0047100004;INSTRUMENTOS FINANCEIROS DERIVATIVOS              ; 0000000011874067,27
200505;60850229;BCO PECUNIA S.A.                                            ;U;4010;0049000009;OUTRAS OBRIGACOES                                 ; 0000000030443118,81
200505;60850229;BCO PECUNIA S.A.                                            ;U;4010;0049100002;COBRANCA E ARRECADACAO DE TRIBUTOS E ASSEMELHADOS ; 0000000000047924,63
200505;60850229;BCO PECUNIA S.A.                                            ;U;4010;0049400001;FISCAIS E PREVIDENCIARIAS                         ; 0000000012816394,74
200505;60850229;BCO PECUNIA S.A.                                            ;U;4010;0049500004;NEGOCIACAO E INTERMEDIACAO DE VALORES             ; 0000000012306229,13
200505;60850229;BCO PECUNIA S.A.                                            ;U;4010;0049900006;DIVERSAS                                          ; 0000000005272570,31
200505;60850229;BCO PECUNIA S.A.                                            ;U;4010;0050000005;RESULTADOS DE EXERCICIOS FUTUROS                  ; 0000000000514918,67
200505;60850229;BCO PECUNIA S.A.                                            ;U;4010;0051000004;RECEITAS DE EXERCICIOS FUTUROS                    ; 0000000000514918,67
200505;60850229;BCO PECUNIA S.A.                                            ;U;4010;0051100007;RECEITAS DE EXERCICIOS FUTUROS                    ; 0000000000514918,67
200505;60850229;BCO PECUNIA S.A.                                            ;U;4010;0060000002;PATRIMONIO LIQUIDO                                ; 0000000049295969,90
200505;60850229;BCO PECUNIA S.A.                                            ;U;4010;0061000001;PATRIMONIO LIQUIDO                                ; 0000000049295969,90
200505;60850229;BCO PECUNIA S.A.                                            ;U;4010;0061100004;CAPITAL SOCIAL                                    ; 0000000025000000,00
200505;60850229;BCO PECUNIA S.A.                                            ;U;4010;0061300000;RESERVAS DE CAPITAL                               ; 0000000001679747,92
200505;60850229;BCO PECUNIA S.A.                                            ;U;4010;0061400003;RESERVAS DE REAVALIACAO                           ; 0000000000395436,54
200505;60850229;BCO PECUNIA S.A.                                            ;U;4010;0061500006;RESERVAS DE LUCROS                                ; 0000000001241470,91
200505;60850229;BCO PECUNIA S.A.                                            ;U;4010;0061800005;LUCROS OU PREJUIZOS ACUMULADOS                    ; 0000000021780079,34
200505;60850229;BCO PECUNIA S.A.                                            ;U;4010;0061900008;(-) ACOES EM TESOURARIA                           ;-0000000000800764,81
200505;60850229;BCO PECUNIA S.A.                                            ;U;4010;0070000009;CONTAS DE RESULTADO CREDORAS                      ; 0000000055677567,46
200505;60850229;BCO PECUNIA S.A.                                            ;U;4010;0071000008;RECEITAS OPERACIONAIS                             ; 0000000055606370,15
200505;60850229;BCO PECUNIA S.A.                                            ;U;4010;0071100001;RENDAS DE OPERACOES DE CREDITO                    ; 0000000045674041,88
200505;60850229;BCO PECUNIA S.A.                                            ;U;4010;0071400000;RENDAS DE APLICACOES INTERFINANCEIRAS DE LIQUIDEZ ; 0000000003725747,04
200505;60850229;BCO PECUNIA S.A.                                            ;U;4010;0071500003;RENDAS COM TIT. E VAL. MOB. E INST. FINANC. DERIV.; 0000000000468758,77
200505;60850229;BCO PECUNIA S.A.                                            ;U;4010;0071700009;RENDAS DE PRESTACAO DE SERVICOS                   ; 0000000004099320,31
200505;60850229;BCO PECUNIA S.A.                                            ;U;4010;0071900005;OUTRAS RECEITAS OPERACIONAIS                      ; 0000000001638502,15
200505;60850229;BCO PECUNIA S.A.                                            ;U;4010;0073000006;RECEITAS NAO OPERACIONAIS                         ; 0000000000071197,31
200505;60850229;BCO PECUNIA S.A.                                            ;U;4010;0073900003;OUTRAS RECEITAS NAO OPERACIONAIS                  ; 0000000000071197,31
200505;60850229;BCO PECUNIA S.A.                                            ;U;4010;0080000006;(-) CONTAS DE RESULTADO DEVEDORAS                 ;-0000000053138128,93
200505;60850229;BCO PECUNIA S.A.                                            ;U;4010;0081000005;(-) DESPESAS OPERACIONAIS                         ;-0000000051255848,59
200505;60850229;BCO PECUNIA S.A.                                            ;U;4010;0081100008;(-) DESPESAS DE CAPTACAO                          ;-0000000011711618,97
200505;60850229;BCO PECUNIA S.A.                                            ;U;4010;0081200001;(-) DESP DE OBRIGACOES POR EMPRESTIMOS E REPASSES ;-0000000000125472,55
200505;60850229;BCO PECUNIA S.A.                                            ;U;4010;0081500000;(-) DESP. COM TIT. E VAL. MOB. E INST. FIN. DERIV.;-0000000001506150,09
200505;60850229;BCO PECUNIA S.A.                                            ;U;4010;0081600003;(-) DESPESAS DE PARTICIPACOES                     ;-0000000000356475,48
200505;60850229;BCO PECUNIA S.A.                                            ;U;4010;0081700006;(-) DESPESAS ADMINISTRATIVAS                      ;-0000000016995603,01
200505;60850229;BCO PECUNIA S.A.                                            ;U;4010;0081800009;(-) APROVISIONAMENTOS E AJUSTES PATRIMONIAIS      ;-0000000019272586,91
200505;60850229;BCO PECUNIA S.A.                                            ;U;4010;0081900002;(-) OUTRAS DESPESAS OPERACIONAIS                  ;-0000000001287941,58
200505;60850229;BCO PECUNIA S.A.                                            ;U;4010;0083000003;(-) DESPESAS NAO OPERACIONAIS                     ;-0000000000321395,34
200505;60850229;BCO PECUNIA S.A.                                            ;U;4010;0083100006;(-) PREJUIZOS EM TRANSACOES COM VALORES E BENS    ;-0000000000157333,82
200505;60850229;BCO PECUNIA S.A.                                            ;U;4010;0083900000;(-) OUTRAS DESPESAS NAO OPERACIONAIS              ;-0000000000164061,52
200505;60850229;BCO PECUNIA S.A.                                            ;U;4010;0089000007;(-) APURACAO DE RESULTADO                         ;-0000000001560885,00
200505;60850229;BCO PECUNIA S.A.                                            ;U;4010;0089400009;(-) IMPOSTO DE RENDA                              ;-0000000001545824,32
200505;60850229;BCO PECUNIA S.A.                                            ;U;4010;0089700008;(-) PARTICIPACOES NO LUCRO                        ;-0000000000015060,68
200505;60850229;BCO PECUNIA S.A.                                            ;U;4010;0090000003;COMPENSACAO                                       ; 0000000519405204,37
200505;60850229;BCO PECUNIA S.A.                                            ;U;4010;0090100006;COOBRIGACOES E RISCOS EM GARANTIAS PRESTADAS      ; 0000000048781086,82
200505;60850229;BCO PECUNIA S.A.                                            ;U;4010;0090300002;TITULOS E VALORES MOBILIARIOS                     ; 0000000081293382,11
200505;60850229;BCO PECUNIA S.A.                                            ;U;4010;0090400005;CUSTODIA DE VALORES                               ; 0000000001259798,62
200505;60850229;BCO PECUNIA S.A.                                            ;U;4010;0090600001;NEGOCIACAO E INTERMEDIACAO DE VALORES             ; 0000000041368742,16
200505;60850229;BCO PECUNIA S.A.                                            ;U;4010;0090900000;CONTROLE                                          ; 0000000180803772,01
200505;60850229;BCO PECUNIA S.A.                                            ;U;4010;0091000002;CLASSIFICACAO DA CARTEIRA DE CREDITOS             ; 0000000165898422,65
200505;60850229;BCO PECUNIA S.A.                                            ;U;4010;0091100005;OPERACOES DE CREDITOS E ARRENDAMENTO MERCANTIL    ; 0000000165898422,65
200505;60850229;BCO PECUNIA S.A.                                            ;U;4010;0099999995;TOTAL GERAL DO PASSIVO                            ; 0000000775961094,35
200505;60872504;ITAÚ UNIBANCO HOLDING                                       ;U;4010;0010000007;CIRCULANTE E REALIZAVEL A LONGO PRAZO             ; 0000000849694134,98
200505;60872504;ITAÚ UNIBANCO HOLDING                                       ;U;4010;0011000006;DISPONIBILIDADES                                  ; 0000000000001485,01
200505;60872504;ITAÚ UNIBANCO HOLDING                                       ;U;4010;0011300005;RESERVAS LIVRES                                   ; 0000000000001485,01
200505;60872504;ITAÚ UNIBANCO HOLDING                                       ;U;4010;0012000005;APLICACOES INTERFINANCEIRAS DE LIQUIDEZ           ; 0000000142803293,79
200505;60872504;ITAÚ UNIBANCO HOLDING                                       ;U;4010;0012100008;APLICACOES EM OPERACOES COMPROMISSADAS            ; 0000000020070462,41
200505;60872504;ITAÚ UNIBANCO HOLDING                                       ;U;4010;0012200001;APLICACOES EM DEPOSITOS INTERFINANCEIROS          ; 0000000122732831,38
200505;60872504;ITAÚ UNIBANCO HOLDING                                       ;U;4010;0013000004;TITULOS E VAL. MOB. E INST. FINANC. DERIVATIVOS   ; 0000000060855172,67
200505;60872504;ITAÚ UNIBANCO HOLDING                                       ;U;4010;0013100007;LIVRES                                            ; 0000000040040070,25
200505;60872504;ITAÚ UNIBANCO HOLDING                                       ;U;4010;0013300003;INSTRUMENTOS FINANCEIROS DERIVATIVOS              ; 0000000000776490,71
200505;60872504;ITAÚ UNIBANCO HOLDING                                       ;U;4010;0013600002;VINCULADOS A PRESTACAO DE GARANTIAS               ; 0000000020038611,71
200505;60872504;ITAÚ UNIBANCO HOLDING                                       ;U;4010;0014000003;RELACOES INTERFINANCEIRAS                         ; 0000000000049146,81
200505;60872504;ITAÚ UNIBANCO HOLDING                                       ;U;4010;0014400005;RELACOES COM CORRESPONDENTES                      ; 0000000000049146,81
200505;60872504;ITAÚ UNIBANCO HOLDING                                       ;U;4010;0018000009;OUTROS CREDITOS                                   ; 0000000645977172,71
200505;60872504;ITAÚ UNIBANCO HOLDING                                       ;U;4010;0018300008;RENDAS A RECEBER                                  ; 0000000455612301,51
200505;60872504;ITAÚ UNIBANCO HOLDING                                       ;U;4010;0018800003;DIVERSOS                                          ; 0000000190364871,20
200505;60872504;ITAÚ UNIBANCO HOLDING                                       ;U;4010;0019000008;OUTROS VALORES E BENS                             ; 0000000000007863,99
200505;60872504;ITAÚ UNIBANCO HOLDING                                       ;U;4010;0019900005;DESPESAS ANTECIPADAS                              ; 0000000000007863,99
200505;60872504;ITAÚ UNIBANCO HOLDING                                       ;U;4010;0020000004;PERMANENTE                                        ; 0000015989633887,54
200505;60872504;ITAÚ UNIBANCO HOLDING                                       ;U;4010;0021000003;INVESTIMENTOS                                     ; 0000015989633887,54
200505;60872504;ITAÚ UNIBANCO HOLDING                                       ;U;4010;0021100006;INVESTIMENTOS NO EXTERIOR                         ; 0000000120425681,07
200505;60872504;ITAÚ UNIBANCO HOLDING                                       ;U;4010;0021200009;PARTICIPACOES EM COLIGADAS E CONTROLADAS NO PAIS  ; 0000015869208205,40
200505;60872504;ITAÚ UNIBANCO HOLDING                                       ;U;4010;0021900000;OUTROS INVESTIMENTOS                              ; 0000000000000001,07
200505;60872504;ITAÚ UNIBANCO HOLDING                                       ;U;4010;0030000001;COMPENSACAO                                       ; 0000008405517618,78
200505;60872504;ITAÚ UNIBANCO HOLDING                                       ;U;4010;0030300000;TITULOS E VALORES MOBILIARIOS                     ; 0000000120933854,63
200505;60872504;ITAÚ UNIBANCO HOLDING                                       ;U;4010;0030400003;CUSTODIA DE VALORES                               ; 0000000175001000,00
200505;60872504;ITAÚ UNIBANCO HOLDING                                       ;U;4010;0030600009;NEGOCIACAO E INTERMEDIACAO DE VALORES             ; 0000000911475544,06
200505;60872504;ITAÚ UNIBANCO HOLDING                                       ;U;4010;0030900008;CONTROLE                                          ; 0000007198107220,09
200505;60872504;ITAÚ UNIBANCO HOLDING                                       ;U;4010;0039999993;TOTAL GERAL DO ATIVO                              ; 0000025244845641,30
200505;60872504;ITAÚ UNIBANCO HOLDING                                       ;U;4010;0040000008;CIRCULANTE EXIGIVEL A LONGO PRAZO                 ; 0000000684127419,09
200505;60872504;ITAÚ UNIBANCO HOLDING                                       ;U;4010;0047000001;INSTRUMENTOS FINANCEIROS DERIVATIVOS              ; 0000000000026592,63
200505;60872504;ITAÚ UNIBANCO HOLDING                                       ;U;4010;0047100004;INSTRUMENTOS FINANCEIROS DERIVATIVOS              ; 0000000000026592,63
200505;60872504;ITAÚ UNIBANCO HOLDING                                       ;U;4010;0049000009;OUTRAS OBRIGACOES                                 ; 0000000684100826,46
200505;60872504;ITAÚ UNIBANCO HOLDING                                       ;U;4010;0049300008;SOCIAIS E ESTATUTARIAS                            ; 0000000540009559,08
200505;60872504;ITAÚ UNIBANCO HOLDING                                       ;U;4010;0049400001;FISCAIS E PREVIDENCIARIAS                         ; 0000000006731723,47
200505;60872504;ITAÚ UNIBANCO HOLDING                                       ;U;4010;0049500004;NEGOCIACAO E INTERMEDIACAO DE VALORES             ; 0000000001889346,12
200505;60872504;ITAÚ UNIBANCO HOLDING                                       ;U;4010;0049900006;DIVERSAS                                          ; 0000000135470197,79
200505;60872504;ITAÚ UNIBANCO HOLDING                                       ;U;4010;0060000002;PATRIMONIO LIQUIDO                                ; 0000014613708412,17
200505;60872504;ITAÚ UNIBANCO HOLDING                                       ;U;4010;0061000001;PATRIMONIO LIQUIDO                                ; 0000014613708412,17
200505;60872504;ITAÚ UNIBANCO HOLDING                                       ;U;4010;0061100004;CAPITAL SOCIAL                                    ; 0000008300000000,00
200505;60872504;ITAÚ UNIBANCO HOLDING                                       ;U;4010;0061300000;RESERVAS DE CAPITAL                               ; 0000001957080365,60
200505;60872504;ITAÚ UNIBANCO HOLDING                                       ;U;4010;0061500006;RESERVAS DE LUCROS                                ; 0000004477336277,67
200505;60872504;ITAÚ UNIBANCO HOLDING                                       ;U;4010;0061600009;AJUSTES DE AVALIACAO PATRIMONIAL                  ; 0000000335770288,11
200505;60872504;ITAÚ UNIBANCO HOLDING                                       ;U;4010;0061800005;LUCROS OU PREJUIZOS ACUMULADOS                    ;-0000000086943456,74
200505;60872504;ITAÚ UNIBANCO HOLDING                                       ;U;4010;0061900008;(-) ACOES EM TESOURARIA                           ;-0000000369535062,47
200505;60872504;ITAÚ UNIBANCO HOLDING                                       ;U;4010;0070000009;CONTAS DE RESULTADO CREDORAS                      ; 0000002414593935,08
200505;60872504;ITAÚ UNIBANCO HOLDING                                       ;U;4010;0071000008;RECEITAS OPERACIONAIS                             ; 0000002414593934,31
200505;60872504;ITAÚ UNIBANCO HOLDING                                       ;U;4010;0071400000;RENDAS DE APLICACOES INTERFINANCEIRAS DE LIQUIDEZ ; 0000000011260076,80
200505;60872504;ITAÚ UNIBANCO HOLDING                                       ;U;4010;0071500003;RENDAS COM TIT. E VAL. MOB. E INST. FINANC. DERIV.; 0000000013083283,72
200505;60872504;ITAÚ UNIBANCO HOLDING                                       ;U;4010;0071800002;RENDAS DE PARTICIPACOES                           ; 0000001900633562,99
200505;60872504;ITAÚ UNIBANCO HOLDING                                       ;U;4010;0071900005;OUTRAS RECEITAS OPERACIONAIS                      ; 0000000489617010,80
200505;60872504;ITAÚ UNIBANCO HOLDING                                       ;U;4010;0073000006;RECEITAS NAO OPERACIONAIS                         ; 0000000000000000,77
200505;60872504;ITAÚ UNIBANCO HOLDING                                       ;U;4010;0073900003;OUTRAS RECEITAS NAO OPERACIONAIS                  ; 0000000000000000,77
200505;60872504;ITAÚ UNIBANCO HOLDING                                       ;U;4010;0080000006;(-) CONTAS DE RESULTADO DEVEDORAS                 ;-0000000873101743,82
200505;60872504;ITAÚ UNIBANCO HOLDING                                       ;U;4010;0081000005;(-) DESPESAS OPERACIONAIS                         ;-0000000874840245,71
200505;60872504;ITAÚ UNIBANCO HOLDING                                       ;U;4010;0081500000;(-) DESP. COM TIT. E VAL. MOB. E INST. FIN. DERIV.;-0000000016481326,63
200505;60872504;ITAÚ UNIBANCO HOLDING                                       ;U;4010;0081600003;(-) DESPESAS DE PARTICIPACOES                     ;-0000000220259486,55
200505;60872504;ITAÚ UNIBANCO HOLDING                                       ;U;4010;0081700006;(-) DESPESAS ADMINISTRATIVAS                      ;-0000000014987153,49
200505;60872504;ITAÚ UNIBANCO HOLDING                                       ;U;4010;0081900002;(-) OUTRAS DESPESAS OPERACIONAIS                  ;-0000000623112279,04
200505;60872504;ITAÚ UNIBANCO HOLDING                                       ;U;4010;0083000003;(-) DESPESAS NAO OPERACIONAIS                     ;-0000000000004053,16
200505;60872504;ITAÚ UNIBANCO HOLDING                                       ;U;4010;0083900000;(-) OUTRAS DESPESAS NAO OPERACIONAIS              ;-0000000000004053,16
200505;60872504;ITAÚ UNIBANCO HOLDING                                       ;U;4010;0089000007;(-) APURACAO DE RESULTADO                         ; 0000000001742555,05
200505;60872504;ITAÚ UNIBANCO HOLDING                                       ;U;4010;0089400009;(-) IMPOSTO DE RENDA                              ; 0000000003258991,94
200505;60872504;ITAÚ UNIBANCO HOLDING                                       ;U;4010;0089700008;(-) PARTICIPACOES NO LUCRO                        ;-0000000001516436,89
200505;60872504;ITAÚ UNIBANCO HOLDING                                       ;U;4010;0090000003;COMPENSACAO                                       ; 0000008405517618,78
200505;60872504;ITAÚ UNIBANCO HOLDING                                       ;U;4010;0090300002;TITULOS E VALORES MOBILIARIOS                     ; 0000000120933854,63
200505;60872504;ITAÚ UNIBANCO HOLDING                                       ;U;4010;0090400005;CUSTODIA DE VALORES                               ; 0000000175001000,00
200505;60872504;ITAÚ UNIBANCO HOLDING                                       ;U;4010;0090600001;NEGOCIACAO E INTERMEDIACAO DE VALORES             ; 0000000911475544,06
200505;60872504;ITAÚ UNIBANCO HOLDING                                       ;U;4010;0090900000;CONTROLE                                          ; 0000007198107220,09
200505;60872504;ITAÚ UNIBANCO HOLDING                                       ;U;4010;0099999995;TOTAL GERAL DO PASSIVO                            ; 0000025244845641,30
200505;60889128;SOFISA                                                      ;U;4010;0010000007;CIRCULANTE E REALIZAVEL A LONGO PRAZO             ; 0000001459934615,65
200505;60889128;SOFISA                                                      ;U;4010;0011000006;DISPONIBILIDADES                                  ; 0000000042318415,92
200505;60889128;SOFISA                                                      ;U;4010;0011100009;CAIXA                                             ; 0000000000401304,39
200505;60889128;SOFISA                                                      ;U;4010;0011400008;APLICACOES EM OURO                                ; 0000000010007795,91
200505;60889128;SOFISA                                                      ;U;4010;0011500001;DISPONIBILIDADES EM MOEDAS ESTRANGEIRAS           ; 0000000031909315,62
200505;60889128;SOFISA                                                      ;U;4010;0012000005;APLICACOES INTERFINANCEIRAS DE LIQUIDEZ           ; 0000000344677951,66
200505;60889128;SOFISA                                                      ;U;4010;0012100008;APLICACOES EM OPERACOES COMPROMISSADAS            ; 0000000309999600,10
200505;60889128;SOFISA                                                      ;U;4010;0012200001;APLICACOES EM DEPOSITOS INTERFINANCEIROS          ; 0000000034478902,56
200505;60889128;SOFISA                                                      ;U;4010;0012600003;APLICA OES EM MOEDAS ESTRANGEIRAS                 ; 0000000000199449,00
200505;60889128;SOFISA                                                      ;U;4010;0013000004;TITULOS E VAL. MOB. E INST. FINANC. DERIVATIVOS   ; 0000000129873393,85
200505;60889128;SOFISA                                                      ;U;4010;0013100007;LIVRES                                            ; 0000000086617530,89
200505;60889128;SOFISA                                                      ;U;4010;0013200000;VINCULADOS A OPERACOES COMPROMISSADAS             ; 0000000017053200,28
200505;60889128;SOFISA                                                      ;U;4010;0013300003;INSTRUMENTOS FINANCEIROS DERIVATIVOS              ; 0000000000000038,34
200505;60889128;SOFISA                                                      ;U;4010;0013600002;VINCULADOS A PRESTACAO DE GARANTIAS               ; 0000000026202624,34
200505;60889128;SOFISA                                                      ;U;4010;0014000003;RELACOES INTERFINANCEIRAS                         ; 0000000014676422,70
200505;60889128;SOFISA                                                      ;U;4010;0014100006;DIREITOS JUNTO A PARTIC. DE SISTEMAS DE LIQUIDAÇÃO; 0000000002592889,43
200505;60889128;SOFISA                                                      ;U;4010;0014200009;CREDITOS VINCULADOS                               ; 0000000012078728,50
200505;60889128;SOFISA                                                      ;U;4010;0014400005;RELACOES COM CORRESPONDENTES                      ; 0000000000004804,77
200505;60889128;SOFISA                                                      ;U;4010;0015000002;RELACOES INTERDEPENDENCIAS                        ; 0000000142404336,19
200505;60889128;SOFISA                                                      ;U;4010;0015200008;TRANSFERENCIAS INTERNAS DE RECURSOS               ; 0000000142404336,19
200505;60889128;SOFISA                                                      ;U;4010;0016000001;OPERACOES DE CREDITO                              ; 0000000631897059,65
200505;60889128;SOFISA                                                      ;U;4010;0016100004;EMPRESTIMOS E TITULOS DESCONTADOS                 ; 0000000586728494,20
200505;60889128;SOFISA                                                      ;U;4010;0016200007;FINANCIAMENTOS                                    ; 0000000045273063,85
200505;60889128;SOFISA                                                      ;U;4010;0016300000;FINANCIAMENTOS RURAIS E AGROINDUSTRIAIS           ; 0000000020180461,22
200505;60889128;SOFISA                                                      ;U;4010;0016900008;(-) PROVISOES PARA OPERACOES DE CREDITO           ;-0000000020284959,62
200505;60889128;SOFISA                                                      ;U;4010;0018000009;OUTROS CREDITOS                                   ; 0000000153980175,25
200505;60889128;SOFISA                                                      ;U;4010;0018200005;CARTEIRA DE CAMBIO                                ; 0000000137968179,10
200505;60889128;SOFISA                                                      ;U;4010;0018400001;NEGOCIACAO E INTERMEDIACAO DE VALORES             ; 0000000001335330,17
200505;60889128;SOFISA                                                      ;U;4010;0018800003;DIVERSOS                                          ; 0000000014815671,21
200505;60889128;SOFISA                                                      ;U;4010;0018900006;(-) PROVISOES PARA OUTROS CREDITOS                ;-0000000000139005,23
200505;60889128;SOFISA                                                      ;U;4010;0019000008;OUTROS VALORES E BENS                             ; 0000000000106860,43
200505;60889128;SOFISA                                                      ;U;4010;0019800002;OUTROS VALORES E BENS                             ; 0000000000009569,11
200505;60889128;SOFISA                                                      ;U;4010;0019900005;DESPESAS ANTECIPADAS                              ; 0000000000097291,32
200505;60889128;SOFISA                                                      ;U;4010;0020000004;PERMANENTE                                        ; 0000000084844569,20
200505;60889128;SOFISA                                                      ;U;4010;0021000003;INVESTIMENTOS                                     ; 0000000047247529,91
200505;60889128;SOFISA                                                      ;U;4010;0021100006;INVESTIMENTOS NO EXTERIOR                         ; 0000000042192741,22
200505;60889128;SOFISA                                                      ;U;4010;0021200009;PARTICIPACOES EM COLIGADAS E CONTROLADAS NO PAIS  ; 0000000004555613,32
200505;60889128;SOFISA                                                      ;U;4010;0021300002;INVESTIMENTOS POR INCENTIVOS FISCAIS              ; 0000000000077839,02
200505;60889128;SOFISA                                                      ;U;4010;0021400005;TITULOS PATRIMONIAIS                              ; 0000000000370006,35
200505;60889128;SOFISA                                                      ;U;4010;0021900000;OUTROS INVESTIMENTOS                              ; 0000000000051330,00
200505;60889128;SOFISA                                                      ;U;4010;0022000002;IMOBILIZADO DE USO                                ; 0000000036558552,92
200505;60889128;SOFISA                                                      ;U;4010;0022200008;IMOBILIZACOES EM CURSO                            ; 0000000000027230,08
200505;60889128;SOFISA                                                      ;U;4010;0022300001;IMOVEIS DE USO                                    ; 0000000033039012,28
200505;60889128;SOFISA                                                      ;U;4010;0022400004;INSTALACOES, MOVEIS E EQUIPAMENTOS DE USO         ; 0000000000860796,80
200505;60889128;SOFISA                                                      ;U;4010;0022900009;OUTROS                                            ; 0000000002631513,76
200505;60889128;SOFISA                                                      ;U;4010;0024000000;DIFERIDO                                          ; 0000000001038486,37
200505;60889128;SOFISA                                                      ;U;4010;0024100003;GASTOS DE ORGANIZACAO E EXPANSAO                  ; 0000000001038486,37
200505;60889128;SOFISA                                                      ;U;4010;0030000001;COMPENSACAO                                       ; 0000004603092264,94
200505;60889128;SOFISA                                                      ;U;4010;0030100004;COOBRIGACOES E RISCOS EM GARANTIAS PRESTADAS      ; 0000000013626615,14
200505;60889128;SOFISA                                                      ;U;4010;0030300000;TITULOS E VALORES MOBILIARIOS                     ; 0000000259746749,36
200505;60889128;SOFISA                                                      ;U;4010;0030400003;CUSTODIA DE VALORES                               ; 0000001379286156,08
200505;60889128;SOFISA                                                      ;U;4010;0030500006;COBRANCA                                          ; 0000000569528252,11
200505;60889128;SOFISA                                                      ;U;4010;0030600009;NEGOCIACAO E INTERMEDIACAO DE VALORES             ; 0000000124230317,62
200505;60889128;SOFISA                                                      ;U;4010;0030800005;CONTRATOS                                         ; 0000000130797778,20
200505;60889128;SOFISA                                                      ;U;4010;0030900008;CONTROLE                                          ; 0000001468912851,71
200505;60889128;SOFISA                                                      ;U;4010;0031000000;CLASSIFICACAO DA CARTEIRA DE CREDITOS             ; 0000000656963544,72
200505;60889128;SOFISA                                                      ;U;4010;0031100003;OPERACOES DE RISCO NIVEL AA                       ; 0000000046213371,13
200505;60889128;SOFISA                                                      ;U;4010;0031200006;OPERACOES DE RISCO NIVEL A                        ; 0000000174018664,85
200505;60889128;SOFISA                                                      ;U;4010;0031300009;OPERACOES DE RISCO NIVELB                         ; 0000000389405911,34
200505;60889128;SOFISA                                                      ;U;4010;0031400002;OPERACOES DE RISCO NIVELC                         ; 0000000038114978,33
200505;60889128;SOFISA                                                      ;U;4010;0031500005;OPERACOES DE RISCO NIVEL D                        ; 0000000000446407,76
200505;60889128;SOFISA                                                      ;U;4010;0031900007;OPERACOES DE RISCO NIVEL H                        ; 0000000008764211,31
200505;60889128;SOFISA                                                      ;U;4010;0039999993;TOTAL GERAL DO ATIVO                              ; 0000006147871449,79
200505;60889128;SOFISA                                                      ;U;4010;0040000008;CIRCULANTE EXIGIVEL A LONGO PRAZO                 ; 0000001274379454,85
200505;60889128;SOFISA                                                      ;U;4010;0041000007;DEPOSITOS                                         ; 0000000836559834,24
200505;60889128;SOFISA                                                      ;U;4010;0041100000;DEPOSITOS A VISTA                                 ; 0000000077125726,44
200505;60889128;SOFISA                                                      ;U;4010;0041300006;DEPOSITOS INTERFINANCEIROS                        ; 0000000097496518,34
200505;60889128;SOFISA                                                      ;U;4010;0041500002;DEPOSITOS A PRAZO                                 ; 0000000661937589,44
200505;60889128;SOFISA                                                      ;U;4010;0041900004;OUTROS DEPOSITOS                                  ; 0000000000000000,02
200505;60889128;SOFISA                                                      ;U;4010;0042000006;OBRIGACOES POR OPERACOES COMPROMISSADAS           ; 0000000016306340,20
200505;60889128;SOFISA                                                      ;U;4010;0042100009;CARTEIRA PROPRIA                                  ; 0000000016306340,20
200505;60889128;SOFISA                                                      ;U;4010;0043000005;RECURSOS ACEITES CAMB,LI E HIP.,DEBENT.E SIMILARES; 0000000074985205,55
200505;60889128;SOFISA                                                      ;U;4010;0043500000;OBRIGACOES P/TITULOS E VALS.MOBILIARIOS EXTERIOR  ; 0000000074985205,55
200505;60889128;SOFISA                                                      ;U;4010;0044000004;RELACOES INTERFINANCEIRAS                         ; 0000000004836008,22
200505;60889128;SOFISA                                                      ;U;4010;0044100007;OBRIGAÇÕES JUNTO A PARTIC. DE SIST. DE LIQUIDACÃO ; 0000000004836008,22
200505;60889128;SOFISA                                                      ;U;4010;0045000003;RELACOES INTERDEPENDENCIAS                        ; 0000000144426987,42
200505;60889128;SOFISA                                                      ;U;4010;0045100006;RECURSOS EM TRANSITO DE TERCEIROS                 ; 0000000002022651,23
200505;60889128;SOFISA                                                      ;U;4010;0045200009;TRANSFERENCIAS INTERNAS DE RECURSOS               ; 0000000142404336,19
200505;60889128;SOFISA                                                      ;U;4010;0046000002;OBRIGACOES POR EMPRESTIMOS E REPASSES             ; 0000000020436298,92
200505;60889128;SOFISA                                                      ;U;4010;0046300001;EMPRESTIMOS NO EXTERIOR                           ; 0000000020436298,92
200505;60889128;SOFISA                                                      ;U;4010;0047000001;INSTRUMENTOS FINANCEIROS DERIVATIVOS              ; 0000000000115002,77
200505;60889128;SOFISA                                                      ;U;4010;0047100004;INSTRUMENTOS FINANCEIROS DERIVATIVOS              ; 0000000000115002,77
200505;60889128;SOFISA                                                      ;U;4010;0049000009;OUTRAS OBRIGACOES                                 ; 0000000176713777,53
200505;60889128;SOFISA                                                      ;U;4010;0049100002;COBRANCA E ARRECADACAO DE TRIBUTOS E ASSEMELHADOS ; 0000000000153678,61
200505;60889128;SOFISA                                                      ;U;4010;0049200005;CARTEIRA DE CAMBIO                                ; 0000000147457239,87
200505;60889128;SOFISA                                                      ;U;4010;0049300008;SOCIAIS E ESTATUTARIAS                            ; 0000000003400000,00
200505;60889128;SOFISA                                                      ;U;4010;0049400001;FISCAIS E PREVIDENCIARIAS                         ; 0000000006429448,19
200505;60889128;SOFISA                                                      ;U;4010;0049500004;NEGOCIACAO E INTERMEDIACAO DE VALORES             ; 0000000005920964,36
200505;60889128;SOFISA                                                      ;U;4010;0049900006;DIVERSAS                                          ; 0000000013352446,50
200505;60889128;SOFISA                                                      ;U;4010;0060000002;PATRIMONIO LIQUIDO                                ; 0000000254489062,04
200505;60889128;SOFISA                                                      ;U;4010;0061000001;PATRIMONIO LIQUIDO                                ; 0000000254489062,04
200505;60889128;SOFISA                                                      ;U;4010;0061100004;CAPITAL SOCIAL                                    ; 0000000163758950,00
200505;60889128;SOFISA                                                      ;U;4010;0061300000;RESERVAS DE CAPITAL                               ; 0000000000224043,47
200505;60889128;SOFISA                                                      ;U;4010;0061400003;RESERVAS DE REAVALIACAO                           ; 0000000012028017,57
200505;60889128;SOFISA                                                      ;U;4010;0061500006;RESERVAS DE LUCROS                                ; 0000000006629820,31
200505;60889128;SOFISA                                                      ;U;4010;0061800005;LUCROS OU PREJUIZOS ACUMULADOS                    ; 0000000071848230,69
200505;60889128;SOFISA                                                      ;U;4010;0070000009;CONTAS DE RESULTADO CREDORAS                      ; 0000000187999371,71
200505;60889128;SOFISA                                                      ;U;4010;0071000008;RECEITAS OPERACIONAIS                             ; 0000000187992156,19
200505;60889128;SOFISA                                                      ;U;4010;0071100001;RENDAS DE OPERACOES DE CREDITO                    ; 0000000082569126,26
200505;60889128;SOFISA                                                      ;U;4010;0071300007;RENDAS DE CAMBIO                                  ; 0000000029139558,20
200505;60889128;SOFISA                                                      ;U;4010;0071400000;RENDAS DE APLICACOES INTERFINANCEIRAS DE LIQUIDEZ ; 0000000015833591,07
200505;60889128;SOFISA                                                      ;U;4010;0071500003;RENDAS COM TIT. E VAL. MOB. E INST. FINANC. DERIV.; 0000000046589082,00
200505;60889128;SOFISA                                                      ;U;4010;0071700009;RENDAS DE PRESTACAO DE SERVICOS                   ; 0000000002622838,91
200505;60889128;SOFISA                                                      ;U;4010;0071800002;RENDAS DE PARTICIPACOES                           ; 0000000002328058,02
200505;60889128;SOFISA                                                      ;U;4010;0071900005;OUTRAS RECEITAS OPERACIONAIS                      ; 0000000008909901,73
200505;60889128;SOFISA                                                      ;U;4010;0073000006;RECEITAS NAO OPERACIONAIS                         ; 0000000000007215,52
200505;60889128;SOFISA                                                      ;U;4010;0073100009;LUCROS EM TRANSACOES COM VALORES E BENS           ; 0000000000005180,29
200505;60889128;SOFISA                                                      ;U;4010;0073900003;OUTRAS RECEITAS NAO OPERACIONAIS                  ; 0000000000002035,23
200505;60889128;SOFISA                                                      ;U;4010;0080000006;(-) CONTAS DE RESULTADO DEVEDORAS                 ;-0000000172088703,75
200505;60889128;SOFISA                                                      ;U;4010;0081000005;(-) DESPESAS OPERACIONAIS                         ;-0000000171596510,99
200505;60889128;SOFISA                                                      ;U;4010;0081100008;(-) DESPESAS DE CAPTACAO                          ;-0000000049037613,60
200505;60889128;SOFISA                                                      ;U;4010;0081200001;(-) DESP DE OBRIGACOES POR EMPRESTIMOS E REPASSES ;-0000000000796960,38
200505;60889128;SOFISA                                                      ;U;4010;0081400007;(-) DESPESAS DE CAMBIO                            ;-0000000031426039,82
200505;60889128;SOFISA                                                      ;U;4010;0081500000;(-) DESP. COM TIT. E VAL. MOB. E INST. FIN. DERIV.;-0000000054243143,18
200505;60889128;SOFISA                                                      ;U;4010;0081600003;(-) DESPESAS DE PARTICIPACOES                     ;-0000000003445940,56
200505;60889128;SOFISA                                                      ;U;4010;0081700006;(-) DESPESAS ADMINISTRATIVAS                      ;-0000000021187167,91
200505;60889128;SOFISA                                                      ;U;4010;0081800009;(-) APROVISIONAMENTOS E AJUSTES PATRIMONIAIS      ;-0000000005751624,30
200505;60889128;SOFISA                                                      ;U;4010;0081900002;(-) OUTRAS DESPESAS OPERACIONAIS                  ;-0000000005708021,24
200505;60889128;SOFISA                                                      ;U;4010;0083000003;(-) DESPESAS NAO OPERACIONAIS                     ;-0000000000431591,49
200505;60889128;SOFISA                                                      ;U;4010;0083100006;(-) PREJUIZOS EM TRANSACOES COM VALORES E BENS    ;-0000000000429548,01
200505;60889128;SOFISA                                                      ;U;4010;0083900000;(-) OUTRAS DESPESAS NAO OPERACIONAIS              ;-0000000000002043,48
200505;60889128;SOFISA                                                      ;U;4010;0089000007;(-) APURACAO DE RESULTADO                         ;-0000000000060601,27
200505;60889128;SOFISA                                                      ;U;4010;0089400009;(-) IMPOSTO DE RENDA                              ; 0000000001118714,31
200505;60889128;SOFISA                                                      ;U;4010;0089700008;(-) PARTICIPACOES NO LUCRO                        ;-0000000001179315,58
200505;60889128;SOFISA                                                      ;U;4010;0090000003;COMPENSACAO                                       ; 0000004603092264,94
200505;60889128;SOFISA                                                      ;U;4010;0090100006;COOBRIGACOES E RISCOS EM GARANTIAS PRESTADAS      ; 0000000013626615,14
200505;60889128;SOFISA                                                      ;U;4010;0090300002;TITULOS E VALORES MOBILIARIOS                     ; 0000000259746749,36
200505;60889128;SOFISA                                                      ;U;4010;0090400005;CUSTODIA DE VALORES                               ; 0000001379286156,08
200505;60889128;SOFISA                                                      ;U;4010;0090500008;COBRANCA                                          ; 0000000569528252,11
200505;60889128;SOFISA                                                      ;U;4010;0090600001;NEGOCIACAO E INTERMEDIACAO DE VALORES             ; 0000000124230317,62
200505;60889128;SOFISA                                                      ;U;4010;0090800007;CONTRATOS                                         ; 0000000130797778,20
200505;60889128;SOFISA                                                      ;U;4010;0090900000;CONTROLE                                          ; 0000001468912851,71
200505;60889128;SOFISA                                                      ;U;4010;0091000002;CLASSIFICACAO DA CARTEIRA DE CREDITOS             ; 0000000656963544,72
200505;60889128;SOFISA                                                      ;U;4010;0091100005;OPERACOES DE CREDITOS E ARRENDAMENTO MERCANTIL    ; 0000000656963544,72
200505;60889128;SOFISA                                                      ;U;4010;0099999995;TOTAL GERAL DO PASSIVO                            ; 0000006147871449,79
200505;60942638;BCO SUDAMERIS BRASIL S/A                                    ;U;4010;0010000007;CIRCULANTE E REALIZAVEL A LONGO PRAZO             ; 0000009929664225,31
200505;60942638;BCO SUDAMERIS BRASIL S/A                                    ;U;4010;0011000006;DISPONIBILIDADES                                  ; 0000000167563256,26
200505;60942638;BCO SUDAMERIS BRASIL S/A                                    ;U;4010;0011100009;CAIXA                                             ; 0000000093076000,40
200505;60942638;BCO SUDAMERIS BRASIL S/A                                    ;U;4010;0011500001;DISPONIBILIDADES EM MOEDAS ESTRANGEIRAS           ; 0000000074487255,86
200505;60942638;BCO SUDAMERIS BRASIL S/A                                    ;U;4010;0012000005;APLICACOES INTERFINANCEIRAS DE LIQUIDEZ           ; 0000002066481469,61
200505;60942638;BCO SUDAMERIS BRASIL S/A                                    ;U;4010;0012100008;APLICACOES EM OPERACOES COMPROMISSADAS            ; 0000000899999361,73
200505;60942638;BCO SUDAMERIS BRASIL S/A                                    ;U;4010;0012200001;APLICACOES EM DEPOSITOS INTERFINANCEIROS          ; 0000001010905357,37
200505;60942638;BCO SUDAMERIS BRASIL S/A                                    ;U;4010;0012600003;APLICA OES EM MOEDAS ESTRANGEIRAS                 ; 0000000155576750,51
200505;60942638;BCO SUDAMERIS BRASIL S/A                                    ;U;4010;0013000004;TITULOS E VAL. MOB. E INST. FINANC. DERIVATIVOS   ; 0000001156074899,79
200505;60942638;BCO SUDAMERIS BRASIL S/A                                    ;U;4010;0013100007;LIVRES                                            ; 0000000009138806,40
200505;60942638;BCO SUDAMERIS BRASIL S/A                                    ;U;4010;0013300003;INSTRUMENTOS FINANCEIROS DERIVATIVOS              ; 0000000104477730,20
200505;60942638;BCO SUDAMERIS BRASIL S/A                                    ;U;4010;0013400006;VINCULADOS AO BANCO CENTRAL                       ; 0000000644888615,00
200505;60942638;BCO SUDAMERIS BRASIL S/A                                    ;U;4010;0013600002;VINCULADOS A PRESTACAO DE GARANTIAS               ; 0000000397569748,19
200505;60942638;BCO SUDAMERIS BRASIL S/A                                    ;U;4010;0014000003;RELACOES INTERFINANCEIRAS                         ; 0000000950913212,32
200505;60942638;BCO SUDAMERIS BRASIL S/A                                    ;U;4010;0014100006;DIREITOS JUNTO A PARTIC. DE SISTEMAS DE LIQUIDAÇÃO; 0000000099539776,21
200505;60942638;BCO SUDAMERIS BRASIL S/A                                    ;U;4010;0014200009;CREDITOS VINCULADOS                               ; 0000000851373436,11
200505;60942638;BCO SUDAMERIS BRASIL S/A                                    ;U;4010;0015000002;RELACOES INTERDEPENDENCIAS                        ; 0000000017370774,32
200505;60942638;BCO SUDAMERIS BRASIL S/A                                    ;U;4010;0015100005;RECURSOS EM TRANSITO DE TERCEIROS                 ; 0000000001177676,11
200505;60942638;BCO SUDAMERIS BRASIL S/A                                    ;U;4010;0015200008;TRANSFERENCIAS INTERNAS DE RECURSOS               ; 0000000016193098,21
200505;60942638;BCO SUDAMERIS BRASIL S/A                                    ;U;4010;0016000001;OPERACOES DE CREDITO                              ; 0000004114866378,58
200505;60942638;BCO SUDAMERIS BRASIL S/A                                    ;U;4010;0016100004;EMPRESTIMOS E TITULOS DESCONTADOS                 ; 0000003015571689,90
200505;60942638;BCO SUDAMERIS BRASIL S/A                                    ;U;4010;0016200007;FINANCIAMENTOS                                    ; 0000000970664373,85
200505;60942638;BCO SUDAMERIS BRASIL S/A                                    ;U;4010;0016300000;FINANCIAMENTOS RURAIS E AGROINDUSTRIAIS           ; 0000000238207435,70
200505;60942638;BCO SUDAMERIS BRASIL S/A                                    ;U;4010;0016400003;FINANCIAMENTOS IMOBILIARIOS                       ; 0000000340163975,77
200505;60942638;BCO SUDAMERIS BRASIL S/A                                    ;U;4010;0016900008;(-) PROVISOES PARA OPERACOES DE CREDITO           ;-0000000449741096,64
200505;60942638;BCO SUDAMERIS BRASIL S/A                                    ;U;4010;0018000009;OUTROS CREDITOS                                   ; 0000001431802886,27
200505;60942638;BCO SUDAMERIS BRASIL S/A                                    ;U;4010;0018100002;AVAIS E FIANCAS HONRADOS                          ; 0000000000400000,00
200505;60942638;BCO SUDAMERIS BRASIL S/A                                    ;U;4010;0018200005;CARTEIRA DE CAMBIO                                ; 0000000676490611,21
200505;60942638;BCO SUDAMERIS BRASIL S/A                                    ;U;4010;0018300008;RENDAS A RECEBER                                  ; 0000000015981788,87
200505;60942638;BCO SUDAMERIS BRASIL S/A                                    ;U;4010;0018800003;DIVERSOS                                          ; 0000000759395869,29
200505;60942638;BCO SUDAMERIS BRASIL S/A                                    ;U;4010;0018900006;(-) PROVISOES PARA OUTROS CREDITOS                ;-0000000020465383,10
200505;60942638;BCO SUDAMERIS BRASIL S/A                                    ;U;4010;0019000008;OUTROS VALORES E BENS                             ; 0000000024591348,16
200505;60942638;BCO SUDAMERIS BRASIL S/A                                    ;U;4010;0019800002;OUTROS VALORES E BENS                             ; 0000000021876969,88
200505;60942638;BCO SUDAMERIS BRASIL S/A                                    ;U;4010;0019900005;DESPESAS ANTECIPADAS                              ; 0000000002714378,28
200505;60942638;BCO SUDAMERIS BRASIL S/A                                    ;U;4010;0020000004;PERMANENTE                                        ; 0000002120132776,52
200505;60942638;BCO SUDAMERIS BRASIL S/A                                    ;U;4010;0021000003;INVESTIMENTOS                                     ; 0000001900719421,13
200505;60942638;BCO SUDAMERIS BRASIL S/A                                    ;U;4010;0021200009;PARTICIPACOES EM COLIGADAS E CONTROLADAS NO PAIS  ; 0000001898166807,34
200505;60942638;BCO SUDAMERIS BRASIL S/A                                    ;U;4010;0021400005;TITULOS PATRIMONIAIS                              ; 0000000000334298,03
200505;60942638;BCO SUDAMERIS BRASIL S/A                                    ;U;4010;0021500008;ACOES E COTAS                                     ; 0000000000966434,51
200505;60942638;BCO SUDAMERIS BRASIL S/A                                    ;U;4010;0021900000;OUTROS INVESTIMENTOS                              ; 0000000001251881,25
200505;60942638;BCO SUDAMERIS BRASIL S/A                                    ;U;4010;0022000002;IMOBILIZADO DE USO                                ; 0000000184825588,71
200505;60942638;BCO SUDAMERIS BRASIL S/A                                    ;U;4010;0022200008;IMOBILIZACOES EM CURSO                            ; 0000000001933996,72
200505;60942638;BCO SUDAMERIS BRASIL S/A                                    ;U;4010;0022300001;IMOVEIS DE USO                                    ; 0000000130133287,62
200505;60942638;BCO SUDAMERIS BRASIL S/A                                    ;U;4010;0022400004;INSTALACOES, MOVEIS E EQUIPAMENTOS DE USO         ; 0000000013596320,02
200505;60942638;BCO SUDAMERIS BRASIL S/A                                    ;U;4010;0022900009;OUTROS                                            ; 0000000039161984,35
200505;60942638;BCO SUDAMERIS BRASIL S/A                                    ;U;4010;0024000000;DIFERIDO                                          ; 0000000034587766,68
200505;60942638;BCO SUDAMERIS BRASIL S/A                                    ;U;4010;0024100003;GASTOS DE ORGANIZACAO E EXPANSAO                  ; 0000000034587766,68
200505;60942638;BCO SUDAMERIS BRASIL S/A                                    ;U;4010;0030000001;COMPENSACAO                                       ; 0000040864718564,60
200505;60942638;BCO SUDAMERIS BRASIL S/A                                    ;U;4010;0030100004;COOBRIGACOES E RISCOS EM GARANTIAS PRESTADAS      ; 0000000308893353,33
200505;60942638;BCO SUDAMERIS BRASIL S/A                                    ;U;4010;0030300000;TITULOS E VALORES MOBILIARIOS                     ; 0000002107604954,63
200505;60942638;BCO SUDAMERIS BRASIL S/A                                    ;U;4010;0030400003;CUSTODIA DE VALORES                               ; 0000006141611554,41
200505;60942638;BCO SUDAMERIS BRASIL S/A                                    ;U;4010;0030500006;COBRANCA                                          ; 0000001637713013,91
200505;60942638;BCO SUDAMERIS BRASIL S/A                                    ;U;4010;0030600009;NEGOCIACAO E INTERMEDIACAO DE VALORES             ; 0000002482980130,31
200505;60942638;BCO SUDAMERIS BRASIL S/A                                    ;U;4010;0030800005;CONTRATOS                                         ; 0000000200647508,00
200505;60942638;BCO SUDAMERIS BRASIL S/A                                    ;U;4010;0030900008;CONTROLE                                          ; 0000022901152621,15
200505;60942638;BCO SUDAMERIS BRASIL S/A                                    ;U;4010;0031000000;CLASSIFICACAO DA CARTEIRA DE CREDITOS             ; 0000005084115428,86
200505;60942638;BCO SUDAMERIS BRASIL S/A                                    ;U;4010;0031100003;OPERACOES DE RISCO NIVEL AA                       ; 0000000746897239,54
200505;60942638;BCO SUDAMERIS BRASIL S/A                                    ;U;4010;0031200006;OPERACOES DE RISCO NIVEL A                        ; 0000001078728485,20
200505;60942638;BCO SUDAMERIS BRASIL S/A                                    ;U;4010;0031300009;OPERACOES DE RISCO NIVELB                         ; 0000002180319313,25
200505;60942638;BCO SUDAMERIS BRASIL S/A                                    ;U;4010;0031400002;OPERACOES DE RISCO NIVELC                         ; 0000000447418866,93
200505;60942638;BCO SUDAMERIS BRASIL S/A                                    ;U;4010;0031500005;OPERACOES DE RISCO NIVEL D                        ; 0000000120991786,32
200505;60942638;BCO SUDAMERIS BRASIL S/A                                    ;U;4010;0031600008;OPERACOES DE RISCO NIVEL E                        ; 0000000069120081,75
200505;60942638;BCO SUDAMERIS BRASIL S/A                                    ;U;4010;0031700001;OPERACOES DE RISCO NIVEL F                        ; 0000000048301915,31
200505;60942638;BCO SUDAMERIS BRASIL S/A                                    ;U;4010;0031800004;OPERACOES DE RISCO NIVEL G                        ; 0000000066610177,82
200505;60942638;BCO SUDAMERIS BRASIL S/A                                    ;U;4010;0031900007;OPERACOES DE RISCO NIVEL H                        ; 0000000325727562,74
200505;60942638;BCO SUDAMERIS BRASIL S/A                                    ;U;4010;0039999993;TOTAL GERAL DO ATIVO                              ; 0000052914515566,43
200505;60942638;BCO SUDAMERIS BRASIL S/A                                    ;U;4010;0040000008;CIRCULANTE EXIGIVEL A LONGO PRAZO                 ; 0000010473480062,62
200505;60942638;BCO SUDAMERIS BRASIL S/A                                    ;U;4010;0041000007;DEPOSITOS                                         ; 0000007359076315,54
200505;60942638;BCO SUDAMERIS BRASIL S/A                                    ;U;4010;0041100000;DEPOSITOS A VISTA                                 ; 0000000637464536,67
200505;60942638;BCO SUDAMERIS BRASIL S/A                                    ;U;4010;0041200003;DEPOSITOS DE POUPANCA                             ; 0000001090981317,73
200505;60942638;BCO SUDAMERIS BRASIL S/A                                    ;U;4010;0041300006;DEPOSITOS INTERFINANCEIROS                        ; 0000001420017309,62
200505;60942638;BCO SUDAMERIS BRASIL S/A                                    ;U;4010;0041400009;DEPOSITOS SOB AVISO                               ; 0000000074107553,89
200505;60942638;BCO SUDAMERIS BRASIL S/A                                    ;U;4010;0041500002;DEPOSITOS A PRAZO                                 ; 0000004120050516,07
200505;60942638;BCO SUDAMERIS BRASIL S/A                                    ;U;4010;0041800001;DEPOSITOS EM MOEDAS ESTRANGEIRAS                  ; 0000000015383602,15
200505;60942638;BCO SUDAMERIS BRASIL S/A                                    ;U;4010;0041900004;OUTROS DEPOSITOS                                  ; 0000000001071479,41
200505;60942638;BCO SUDAMERIS BRASIL S/A                                    ;U;4010;0042000006;OBRIGACOES POR OPERACOES COMPROMISSADAS           ; 0000000365479630,33
200505;60942638;BCO SUDAMERIS BRASIL S/A                                    ;U;4010;0042200002;CARTEIRA DE TERCEIROS                             ; 0000000365479630,33
200505;60942638;BCO SUDAMERIS BRASIL S/A                                    ;U;4010;0044000004;RELACOES INTERFINANCEIRAS                         ; 0000000103256971,13
200505;60942638;BCO SUDAMERIS BRASIL S/A                                    ;U;4010;0044100007;OBRIGAÇÕES JUNTO A PARTIC. DE SIST. DE LIQUIDACÃO ; 0000000103256606,72
200505;60942638;BCO SUDAMERIS BRASIL S/A                                    ;U;4010;0044400006;RELACOES COM CORRESPONDENTES                      ; 0000000000000364,41
200505;60942638;BCO SUDAMERIS BRASIL S/A                                    ;U;4010;0045000003;RELACOES INTERDEPENDENCIAS                        ; 0000000172110113,54
200505;60942638;BCO SUDAMERIS BRASIL S/A                                    ;U;4010;0045100006;RECURSOS EM TRANSITO DE TERCEIROS                 ; 0000000172010393,83
200505;60942638;BCO SUDAMERIS BRASIL S/A                                    ;U;4010;0045200009;TRANSFERENCIAS INTERNAS DE RECURSOS               ; 0000000000099719,71
200505;60942638;BCO SUDAMERIS BRASIL S/A                                    ;U;4010;0046000002;OBRIGACOES POR EMPRESTIMOS E REPASSES             ; 0000001016999836,29
200505;60942638;BCO SUDAMERIS BRASIL S/A                                    ;U;4010;0046300001;EMPRESTIMOS NO EXTERIOR                           ; 0000000569191318,05
200505;60942638;BCO SUDAMERIS BRASIL S/A                                    ;U;4010;0046400004;REPASSES DO PAIS - INSTITUICOES OFICIAIS          ; 0000000447375431,24
200505;60942638;BCO SUDAMERIS BRASIL S/A                                    ;U;4010;0046600000;REPASSES DO EXTERIOR                              ; 0000000000433087,00
200505;60942638;BCO SUDAMERIS BRASIL S/A                                    ;U;4010;0047000001;INSTRUMENTOS FINANCEIROS DERIVATIVOS              ; 0000000123799537,95
200505;60942638;BCO SUDAMERIS BRASIL S/A                                    ;U;4010;0047100004;INSTRUMENTOS FINANCEIROS DERIVATIVOS              ; 0000000123799537,95
200505;60942638;BCO SUDAMERIS BRASIL S/A                                    ;U;4010;0049000009;OUTRAS OBRIGACOES                                 ; 0000001332757657,84
200505;60942638;BCO SUDAMERIS BRASIL S/A                                    ;U;4010;0049100002;COBRANCA E ARRECADACAO DE TRIBUTOS E ASSEMELHADOS ; 0000000037282729,75
200505;60942638;BCO SUDAMERIS BRASIL S/A                                    ;U;4010;0049200005;CARTEIRA DE CAMBIO                                ; 0000000300525084,97
200505;60942638;BCO SUDAMERIS BRASIL S/A                                    ;U;4010;0049300008;SOCIAIS E ESTATUTARIAS                            ; 0000000028503655,80
200505;60942638;BCO SUDAMERIS BRASIL S/A                                    ;U;4010;0049400001;FISCAIS E PREVIDENCIARIAS                         ; 0000000149693042,64
200505;60942638;BCO SUDAMERIS BRASIL S/A                                    ;U;4010;0049500004;NEGOCIACAO E INTERMEDIACAO DE VALORES             ; 0000000000000000,44
200505;60942638;BCO SUDAMERIS BRASIL S/A                                    ;U;4010;0049900006;DIVERSAS                                          ; 0000000816753144,24
200505;60942638;BCO SUDAMERIS BRASIL S/A                                    ;U;4010;0050000005;RESULTADOS DE EXERCICIOS FUTUROS                  ; 0000000001394030,51
200505;60942638;BCO SUDAMERIS BRASIL S/A                                    ;U;4010;0051000004;RECEITAS DE EXERCICIOS FUTUROS                    ; 0000000001394030,51
200505;60942638;BCO SUDAMERIS BRASIL S/A                                    ;U;4010;0051100007;RECEITAS DE EXERCICIOS FUTUROS                    ; 0000000001394030,51
200505;60942638;BCO SUDAMERIS BRASIL S/A                                    ;U;4010;0060000002;PATRIMONIO LIQUIDO                                ; 0000001478015797,17
200505;60942638;BCO SUDAMERIS BRASIL S/A                                    ;U;4010;0061000001;PATRIMONIO LIQUIDO                                ; 0000001478015797,17
200505;60942638;BCO SUDAMERIS BRASIL S/A                                    ;U;4010;0061100004;CAPITAL SOCIAL                                    ; 0000001423031490,53
200505;60942638;BCO SUDAMERIS BRASIL S/A                                    ;U;4010;0061300000;RESERVAS DE CAPITAL                               ; 0000000019746300,38
200505;60942638;BCO SUDAMERIS BRASIL S/A                                    ;U;4010;0061400003;RESERVAS DE REAVALIACAO                           ; 0000000005016919,15
200505;60942638;BCO SUDAMERIS BRASIL S/A                                    ;U;4010;0061500006;RESERVAS DE LUCROS                                ; 0000000033233248,46
200505;60942638;BCO SUDAMERIS BRASIL S/A                                    ;U;4010;0061600009;AJUSTES DE AVALIACAO PATRIMONIAL                  ;-0000000003077900,05
200505;60942638;BCO SUDAMERIS BRASIL S/A                                    ;U;4010;0061800005;LUCROS OU PREJUIZOS ACUMULADOS                    ; 0000000000065738,70
200505;60942638;BCO SUDAMERIS BRASIL S/A                                    ;U;4010;0070000009;CONTAS DE RESULTADO CREDORAS                      ; 0000002486478936,33
200505;60942638;BCO SUDAMERIS BRASIL S/A                                    ;U;4010;0071000008;RECEITAS OPERACIONAIS                             ; 0000002337634292,65
200505;60942638;BCO SUDAMERIS BRASIL S/A                                    ;U;4010;0071100001;RENDAS DE OPERACOES DE CREDITO                    ; 0000000591746964,07
200505;60942638;BCO SUDAMERIS BRASIL S/A                                    ;U;4010;0071300007;RENDAS DE CAMBIO                                  ; 0000000098440212,73
200505;60942638;BCO SUDAMERIS BRASIL S/A                                    ;U;4010;0071400000;RENDAS DE APLICACOES INTERFINANCEIRAS DE LIQUIDEZ ; 0000000139148718,27
200505;60942638;BCO SUDAMERIS BRASIL S/A                                    ;U;4010;0071500003;RENDAS COM TIT. E VAL. MOB. E INST. FINANC. DERIV.; 0000000978385771,02
200505;60942638;BCO SUDAMERIS BRASIL S/A                                    ;U;4010;0071700009;RENDAS DE PRESTACAO DE SERVICOS                   ; 0000000089470305,14
200505;60942638;BCO SUDAMERIS BRASIL S/A                                    ;U;4010;0071800002;RENDAS DE PARTICIPACOES                           ; 0000000124265544,21
200505;60942638;BCO SUDAMERIS BRASIL S/A                                    ;U;4010;0071900005;OUTRAS RECEITAS OPERACIONAIS                      ; 0000000316176777,21
200505;60942638;BCO SUDAMERIS BRASIL S/A                                    ;U;4010;0073000006;RECEITAS NAO OPERACIONAIS                         ; 0000000001500520,40
200505;60942638;BCO SUDAMERIS BRASIL S/A                                    ;U;4010;0073100009;LUCROS EM TRANSACOES COM VALORES E BENS           ; 0000000000234507,43
200505;60942638;BCO SUDAMERIS BRASIL S/A                                    ;U;4010;0073900003;OUTRAS RECEITAS NAO OPERACIONAIS                  ; 0000000001266012,97
200505;60942638;BCO SUDAMERIS BRASIL S/A                                    ;U;4010;0078000001;RATEIO DE RESULTADOS INTERNOS                     ; 0000000147344123,28
200505;60942638;BCO SUDAMERIS BRASIL S/A                                    ;U;4010;0078100004;RATEIO DE RESULTADOS INTERNOS                     ; 0000000147344123,28
200505;60942638;BCO SUDAMERIS BRASIL S/A                                    ;U;4010;0080000006;(-) CONTAS DE RESULTADO DEVEDORAS                 ;-0000002389571824,80
200505;60942638;BCO SUDAMERIS BRASIL S/A                                    ;U;4010;0081000005;(-) DESPESAS OPERACIONAIS                         ;-0000002233945543,52
200505;60942638;BCO SUDAMERIS BRASIL S/A                                    ;U;4010;0081100008;(-) DESPESAS DE CAPTACAO                          ;-0000000451385656,25
200505;60942638;BCO SUDAMERIS BRASIL S/A                                    ;U;4010;0081200001;(-) DESP DE OBRIGACOES POR EMPRESTIMOS E REPASSES ;-0000000021821932,28
200505;60942638;BCO SUDAMERIS BRASIL S/A                                    ;U;4010;0081400007;(-) DESPESAS DE CAMBIO                            ;-0000000085774915,42
200505;60942638;BCO SUDAMERIS BRASIL S/A                                    ;U;4010;0081500000;(-) DESP. COM TIT. E VAL. MOB. E INST. FIN. DERIV.;-0000000971696279,74
200505;60942638;BCO SUDAMERIS BRASIL S/A                                    ;U;4010;0081700006;(-) DESPESAS ADMINISTRATIVAS                      ;-0000000338547990,52
200505;60942638;BCO SUDAMERIS BRASIL S/A                                    ;U;4010;0081800009;(-) APROVISIONAMENTOS E AJUSTES PATRIMONIAIS      ;-0000000280993302,72
200505;60942638;BCO SUDAMERIS BRASIL S/A                                    ;U;4010;0081900002;(-) OUTRAS DESPESAS OPERACIONAIS                  ;-0000000083725466,59
200505;60942638;BCO SUDAMERIS BRASIL S/A                                    ;U;4010;0083000003;(-) DESPESAS NAO OPERACIONAIS                     ;-0000000010307098,60
200505;60942638;BCO SUDAMERIS BRASIL S/A                                    ;U;4010;0083100006;(-) PREJUIZOS EM TRANSACOES COM VALORES E BENS    ;-0000000005968795,51
200505;60942638;BCO SUDAMERIS BRASIL S/A                                    ;U;4010;0083900000;(-) OUTRAS DESPESAS NAO OPERACIONAIS              ;-0000000004338303,09
200505;60942638;BCO SUDAMERIS BRASIL S/A                                    ;U;4010;0088000008;(-) RATEIO DE RESULTADOS INTERNOS                 ;-0000000147344123,28
200505;60942638;BCO SUDAMERIS BRASIL S/A                                    ;U;4010;0088100001;(-) RATEIO DE RESULTADOS INTERNOS                 ;-0000000147344123,28
200505;60942638;BCO SUDAMERIS BRASIL S/A                                    ;U;4010;0089000007;(-) APURACAO DE RESULTADO                         ; 0000000002024940,60
200505;60942638;BCO SUDAMERIS BRASIL S/A                                    ;U;4010;0089400009;(-) IMPOSTO DE RENDA                              ; 0000000015003053,38
200505;60942638;BCO SUDAMERIS BRASIL S/A                                    ;U;4010;0089700008;(-) PARTICIPACOES NO LUCRO                        ;-0000000012978112,78
200505;60942638;BCO SUDAMERIS BRASIL S/A                                    ;U;4010;0090000003;COMPENSACAO                                       ; 0000040864718564,60
200505;60942638;BCO SUDAMERIS BRASIL S/A                                    ;U;4010;0090100006;COOBRIGACOES E RISCOS EM GARANTIAS PRESTADAS      ; 0000000308893353,33
200505;60942638;BCO SUDAMERIS BRASIL S/A                                    ;U;4010;0090300002;TITULOS E VALORES MOBILIARIOS                     ; 0000002107604954,63
200505;60942638;BCO SUDAMERIS BRASIL S/A                                    ;U;4010;0090400005;CUSTODIA DE VALORES                               ; 0000006141611554,41
200505;60942638;BCO SUDAMERIS BRASIL S/A                                    ;U;4010;0090500008;COBRANCA                                          ; 0000001637713013,91
200505;60942638;BCO SUDAMERIS BRASIL S/A                                    ;U;4010;0090600001;NEGOCIACAO E INTERMEDIACAO DE VALORES             ; 0000002482980130,31
200505;60942638;BCO SUDAMERIS BRASIL S/A                                    ;U;4010;0090800007;CONTRATOS                                         ; 0000000200647508,00
200505;60942638;BCO SUDAMERIS BRASIL S/A                                    ;U;4010;0090900000;CONTROLE                                          ; 0000022901152621,15
200505;60942638;BCO SUDAMERIS BRASIL S/A                                    ;U;4010;0091000002;CLASSIFICACAO DA CARTEIRA DE CREDITOS             ; 0000005084115428,86
200505;60942638;BCO SUDAMERIS BRASIL S/A                                    ;U;4010;0091100005;OPERACOES DE CREDITOS E ARRENDAMENTO MERCANTIL    ; 0000005084115428,86
200505;60942638;BCO SUDAMERIS BRASIL S/A                                    ;U;4010;0099999995;TOTAL GERAL DO PASSIVO                            ; 0000052914515566,43
200505;61024352;BCO INDUSVAL S.A.                                           ;B;4010;0010000007;CIRCULANTE E REALIZAVEL A LONGO PRAZO             ; 0000000594421504,99
200505;61024352;BCO INDUSVAL S.A.                                           ;B;4010;0011000006;DISPONIBILIDADES                                  ; 0000000002183213,55
200505;61024352;BCO INDUSVAL S.A.                                           ;B;4010;0011100009;CAIXA                                             ; 0000000000350497,57
200505;61024352;BCO INDUSVAL S.A.                                           ;B;4010;0011300005;RESERVAS LIVRES                                   ; 0000000000418684,64
200505;61024352;BCO INDUSVAL S.A.                                           ;B;4010;0011500001;DISPONIBILIDADES EM MOEDAS ESTRANGEIRAS           ; 0000000001414031,34
200505;61024352;BCO INDUSVAL S.A.                                           ;B;4010;0012000005;APLICACOES INTERFINANCEIRAS DE LIQUIDEZ           ; 0000000157159393,44
200505;61024352;BCO INDUSVAL S.A.                                           ;B;4010;0012100008;APLICACOES EM OPERACOES COMPROMISSADAS            ; 0000000150610278,75
200505;61024352;BCO INDUSVAL S.A.                                           ;B;4010;0012200001;APLICACOES EM DEPOSITOS INTERFINANCEIROS          ; 0000000005708064,69
200505;61024352;BCO INDUSVAL S.A.                                           ;B;4010;0012600003;APLICA OES EM MOEDAS ESTRANGEIRAS                 ; 0000000000841050,00
200505;61024352;BCO INDUSVAL S.A.                                           ;B;4010;0013000004;TITULOS E VAL. MOB. E INST. FINANC. DERIVATIVOS   ; 0000000087061661,97
200505;61024352;BCO INDUSVAL S.A.                                           ;B;4010;0013100007;LIVRES                                            ; 0000000048573387,63
200505;61024352;BCO INDUSVAL S.A.                                           ;B;4010;0013200000;VINCULADOS A OPERACOES COMPROMISSADAS             ; 0000000032607342,32
200505;61024352;BCO INDUSVAL S.A.                                           ;B;4010;0013300003;INSTRUMENTOS FINANCEIROS DERIVATIVOS              ; 0000000001055835,66
200505;61024352;BCO INDUSVAL S.A.                                           ;B;4010;0013600002;VINCULADOS A PRESTACAO DE GARANTIAS               ; 0000000004825096,36
200505;61024352;BCO INDUSVAL S.A.                                           ;B;4010;0014000003;RELACOES INTERFINANCEIRAS                         ; 0000000001026159,69
200505;61024352;BCO INDUSVAL S.A.                                           ;B;4010;0014100006;DIREITOS JUNTO A PARTIC. DE SISTEMAS DE LIQUIDAÇÃO; 0000000000849562,69
200505;61024352;BCO INDUSVAL S.A.                                           ;B;4010;0014200009;CREDITOS VINCULADOS                               ; 0000000000176597,00
200505;61024352;BCO INDUSVAL S.A.                                           ;B;4010;0016000001;OPERACOES DE CREDITO                              ; 0000000273640033,23
200505;61024352;BCO INDUSVAL S.A.                                           ;B;4010;0016100004;EMPRESTIMOS E TITULOS DESCONTADOS                 ; 0000000258518710,18
200505;61024352;BCO INDUSVAL S.A.                                           ;B;4010;0016200007;FINANCIAMENTOS                                    ; 0000000023579302,83
200505;61024352;BCO INDUSVAL S.A.                                           ;B;4010;0016900008;(-) PROVISOES PARA OPERACOES DE CREDITO           ;-0000000008457979,78
200505;61024352;BCO INDUSVAL S.A.                                           ;B;4010;0018000009;OUTROS CREDITOS                                   ; 0000000069097574,03
200505;61024352;BCO INDUSVAL S.A.                                           ;B;4010;0018200005;CARTEIRA DE CAMBIO                                ; 0000000061715080,08
200505;61024352;BCO INDUSVAL S.A.                                           ;B;4010;0018800003;DIVERSOS                                          ; 0000000007923190,50
200505;61024352;BCO INDUSVAL S.A.                                           ;B;4010;0018900006;(-) PROVISOES PARA OUTROS CREDITOS                ;-0000000000540696,55
200505;61024352;BCO INDUSVAL S.A.                                           ;B;4010;0019000008;OUTROS VALORES E BENS                             ; 0000000004253469,08
200505;61024352;BCO INDUSVAL S.A.                                           ;B;4010;0019800002;OUTROS VALORES E BENS                             ; 0000000004165083,50
200505;61024352;BCO INDUSVAL S.A.                                           ;B;4010;0019900005;DESPESAS ANTECIPADAS                              ; 0000000000088385,58
200505;61024352;BCO INDUSVAL S.A.                                           ;B;4010;0020000004;PERMANENTE                                        ; 0000000062439746,99
200505;61024352;BCO INDUSVAL S.A.                                           ;B;4010;0021000003;INVESTIMENTOS                                     ; 0000000058942503,14
200505;61024352;BCO INDUSVAL S.A.                                           ;B;4010;0021200009;PARTICIPACOES EM COLIGADAS E CONTROLADAS NO PAIS  ; 0000000056765946,47
200505;61024352;BCO INDUSVAL S.A.                                           ;B;4010;0021400005;TITULOS PATRIMONIAIS                              ; 0000000000010000,00
200505;61024352;BCO INDUSVAL S.A.                                           ;B;4010;0021500008;ACOES E COTAS                                     ; 0000000000150032,10
200505;61024352;BCO INDUSVAL S.A.                                           ;B;4010;0021900000;OUTROS INVESTIMENTOS                              ; 0000000002016524,57
200505;61024352;BCO INDUSVAL S.A.                                           ;B;4010;0022000002;IMOBILIZADO DE USO                                ; 0000000003497243,85
200505;61024352;BCO INDUSVAL S.A.                                           ;B;4010;0022300001;IMOVEIS DE USO                                    ; 0000000002165899,78
200505;61024352;BCO INDUSVAL S.A.                                           ;B;4010;0022400004;INSTALACOES, MOVEIS E EQUIPAMENTOS DE USO         ; 0000000000212394,69
200505;61024352;BCO INDUSVAL S.A.                                           ;B;4010;0022900009;OUTROS                                            ; 0000000001118949,38
200505;61024352;BCO INDUSVAL S.A.                                           ;B;4010;0030000001;COMPENSACAO                                       ; 0000001856341789,56
200505;61024352;BCO INDUSVAL S.A.                                           ;B;4010;0030100004;COOBRIGACOES E RISCOS EM GARANTIAS PRESTADAS      ; 0000000022940889,86
200505;61024352;BCO INDUSVAL S.A.                                           ;B;4010;0030300000;TITULOS E VALORES MOBILIARIOS                     ; 0000000173067488,28
200505;61024352;BCO INDUSVAL S.A.                                           ;B;4010;0030400003;CUSTODIA DE VALORES                               ; 0000000167234322,43
200505;61024352;BCO INDUSVAL S.A.                                           ;B;4010;0030500006;COBRANCA                                          ; 0000000161144521,18
200505;61024352;BCO INDUSVAL S.A.                                           ;B;4010;0030600009;NEGOCIACAO E INTERMEDIACAO DE VALORES             ; 0000000130148253,92
200505;61024352;BCO INDUSVAL S.A.                                           ;B;4010;0030800005;CONTRATOS                                         ; 0000000011754826,90
200505;61024352;BCO INDUSVAL S.A.                                           ;B;4010;0030900008;CONTROLE                                          ; 0000000865583160,33
200505;61024352;BCO INDUSVAL S.A.                                           ;B;4010;0031000000;CLASSIFICACAO DA CARTEIRA DE CREDITOS             ; 0000000324468326,66
200505;61024352;BCO INDUSVAL S.A.                                           ;B;4010;0031100003;OPERACOES DE RISCO NIVEL AA                       ; 0000000001351110,40
200505;61024352;BCO INDUSVAL S.A.                                           ;B;4010;0031200006;OPERACOES DE RISCO NIVEL A                        ; 0000000222648999,29
200505;61024352;BCO INDUSVAL S.A.                                           ;B;4010;0031300009;OPERACOES DE RISCO NIVELB                         ; 0000000055213156,12
200505;61024352;BCO INDUSVAL S.A.                                           ;B;4010;0031400002;OPERACOES DE RISCO NIVELC                         ; 0000000032796040,60
200505;61024352;BCO INDUSVAL S.A.                                           ;B;4010;0031500005;OPERACOES DE RISCO NIVEL D                        ; 0000000003380657,44
200505;61024352;BCO INDUSVAL S.A.                                           ;B;4010;0031600008;OPERACOES DE RISCO NIVEL E                        ; 0000000003470793,60
200505;61024352;BCO INDUSVAL S.A.                                           ;B;4010;0031700001;OPERACOES DE RISCO NIVEL F                        ; 0000000001149406,67
200505;61024352;BCO INDUSVAL S.A.                                           ;B;4010;0031800004;OPERACOES DE RISCO NIVEL G                        ; 0000000000209170,47
200505;61024352;BCO INDUSVAL S.A.                                           ;B;4010;0031900007;OPERACOES DE RISCO NIVEL H                        ; 0000000004248992,07
200505;61024352;BCO INDUSVAL S.A.                                           ;B;4010;0039999993;TOTAL GERAL DO ATIVO                              ; 0000002513203041,54
200505;61024352;BCO INDUSVAL S.A.                                           ;B;4010;0040000008;CIRCULANTE EXIGIVEL A LONGO PRAZO                 ; 0000000525419519,04
200505;61024352;BCO INDUSVAL S.A.                                           ;B;4010;0041000007;DEPOSITOS                                         ; 0000000317349789,21
200505;61024352;BCO INDUSVAL S.A.                                           ;B;4010;0041100000;DEPOSITOS A VISTA                                 ; 0000000015518044,82
200505;61024352;BCO INDUSVAL S.A.                                           ;B;4010;0041300006;DEPOSITOS INTERFINANCEIROS                        ; 0000000067127352,83
200505;61024352;BCO INDUSVAL S.A.                                           ;B;4010;0041500002;DEPOSITOS A PRAZO                                 ; 0000000234249308,35
200505;61024352;BCO INDUSVAL S.A.                                           ;B;4010;0041800001;DEPOSITOS EM MOEDAS ESTRANGEIRAS                  ; 0000000000451662,23
200505;61024352;BCO INDUSVAL S.A.                                           ;B;4010;0041900004;OUTROS DEPOSITOS                                  ; 0000000000003420,98
200505;61024352;BCO INDUSVAL S.A.                                           ;B;4010;0042000006;OBRIGACOES POR OPERACOES COMPROMISSADAS           ; 0000000116941287,53
200505;61024352;BCO INDUSVAL S.A.                                           ;B;4010;0042100009;CARTEIRA PROPRIA                                  ; 0000000032600427,63
200505;61024352;BCO INDUSVAL S.A.                                           ;B;4010;0042200002;CARTEIRA DE TERCEIROS                             ; 0000000084340859,90
200505;61024352;BCO INDUSVAL S.A.                                           ;B;4010;0044000004;RELACOES INTERFINANCEIRAS                         ; 0000000000669900,76
200505;61024352;BCO INDUSVAL S.A.                                           ;B;4010;0044100007;OBRIGAÇÕES JUNTO A PARTIC. DE SIST. DE LIQUIDACÃO ; 0000000000669900,76
200505;61024352;BCO INDUSVAL S.A.                                           ;B;4010;0045000003;RELACOES INTERDEPENDENCIAS                        ; 0000000001079876,51
200505;61024352;BCO INDUSVAL S.A.                                           ;B;4010;0045100006;RECURSOS EM TRANSITO DE TERCEIROS                 ; 0000000001079876,51
200505;61024352;BCO INDUSVAL S.A.                                           ;B;4010;0046000002;OBRIGACOES POR EMPRESTIMOS E REPASSES             ; 0000000041694172,68
200505;61024352;BCO INDUSVAL S.A.                                           ;B;4010;0046300001;EMPRESTIMOS NO EXTERIOR                           ; 0000000041694172,68
200505;61024352;BCO INDUSVAL S.A.                                           ;B;4010;0047000001;INSTRUMENTOS FINANCEIROS DERIVATIVOS              ; 0000000006803664,64
200505;61024352;BCO INDUSVAL S.A.                                           ;B;4010;0047100004;INSTRUMENTOS FINANCEIROS DERIVATIVOS              ; 0000000006803664,64
200505;61024352;BCO INDUSVAL S.A.                                           ;B;4010;0049000009;OUTRAS OBRIGACOES                                 ; 0000000040880827,71
200505;61024352;BCO INDUSVAL S.A.                                           ;B;4010;0049100002;COBRANCA E ARRECADACAO DE TRIBUTOS E ASSEMELHADOS ; 0000000000177431,49
200505;61024352;BCO INDUSVAL S.A.                                           ;B;4010;0049200005;CARTEIRA DE CAMBIO                                ; 0000000025703206,16
200505;61024352;BCO INDUSVAL S.A.                                           ;B;4010;0049400001;FISCAIS E PREVIDENCIARIAS                         ; 0000000005224426,10
200505;61024352;BCO INDUSVAL S.A.                                           ;B;4010;0049500004;NEGOCIACAO E INTERMEDIACAO DE VALORES             ; 0000000007918085,52
200505;61024352;BCO INDUSVAL S.A.                                           ;B;4010;0049900006;DIVERSAS                                          ; 0000000001857678,44
200505;61024352;BCO INDUSVAL S.A.                                           ;B;4010;0050000005;RESULTADOS DE EXERCICIOS FUTUROS                  ; 0000000000071083,33
200505;61024352;BCO INDUSVAL S.A.                                           ;B;4010;0051000004;RECEITAS DE EXERCICIOS FUTUROS                    ; 0000000000071083,33
200505;61024352;BCO INDUSVAL S.A.                                           ;B;4010;0051100007;RECEITAS DE EXERCICIOS FUTUROS                    ; 0000000000071083,33
200505;61024352;BCO INDUSVAL S.A.                                           ;B;4010;0060000002;PATRIMONIO LIQUIDO                                ; 0000000126726584,95
200505;61024352;BCO INDUSVAL S.A.                                           ;B;4010;0061000001;PATRIMONIO LIQUIDO                                ; 0000000126726584,95
200505;61024352;BCO INDUSVAL S.A.                                           ;B;4010;0061100004;CAPITAL SOCIAL                                    ; 0000000106611690,00
200505;61024352;BCO INDUSVAL S.A.                                           ;B;4010;0061400003;RESERVAS DE REAVALIACAO                           ; 0000000001152614,46
200505;61024352;BCO INDUSVAL S.A.                                           ;B;4010;0061500006;RESERVAS DE LUCROS                                ; 0000000022893302,23
200505;61024352;BCO INDUSVAL S.A.                                           ;B;4010;0061600009;AJUSTES DE AVALIACAO PATRIMONIAL                  ;-0000000000110480,26
200505;61024352;BCO INDUSVAL S.A.                                           ;B;4010;0061800005;LUCROS OU PREJUIZOS ACUMULADOS                    ; 0000000000013900,35
200505;61024352;BCO INDUSVAL S.A.                                           ;B;4010;0061900008;(-) ACOES EM TESOURARIA                           ;-0000000003834441,83
200505;61024352;BCO INDUSVAL S.A.                                           ;B;4010;0070000009;CONTAS DE RESULTADO CREDORAS                      ; 0000000064214758,46
200505;61024352;BCO INDUSVAL S.A.                                           ;B;4010;0071000008;RECEITAS OPERACIONAIS                             ; 0000000064181691,49
200505;61024352;BCO INDUSVAL S.A.                                           ;B;4010;0071100001;RENDAS DE OPERACOES DE CREDITO                    ; 0000000035555052,26
200505;61024352;BCO INDUSVAL S.A.                                           ;B;4010;0071300007;RENDAS DE CAMBIO                                  ; 0000000004790089,06
200505;61024352;BCO INDUSVAL S.A.                                           ;B;4010;0071400000;RENDAS DE APLICACOES INTERFINANCEIRAS DE LIQUIDEZ ; 0000000009766000,12
200505;61024352;BCO INDUSVAL S.A.                                           ;B;4010;0071500003;RENDAS COM TIT. E VAL. MOB. E INST. FINANC. DERIV.; 0000000010334940,96
200505;61024352;BCO INDUSVAL S.A.                                           ;B;4010;0071700009;RENDAS DE PRESTACAO DE SERVICOS                   ; 0000000000751632,56
200505;61024352;BCO INDUSVAL S.A.                                           ;B;4010;0071800002;RENDAS DE PARTICIPACOES                           ; 0000000002367324,42
200505;61024352;BCO INDUSVAL S.A.                                           ;B;4010;0071900005;OUTRAS RECEITAS OPERACIONAIS                      ; 0000000000616652,11
200505;61024352;BCO INDUSVAL S.A.                                           ;B;4010;0073000006;RECEITAS NAO OPERACIONAIS                         ; 0000000000033066,97
200505;61024352;BCO INDUSVAL S.A.                                           ;B;4010;0073100009;LUCROS EM TRANSACOES COM VALORES E BENS           ; 0000000000022066,97
200505;61024352;BCO INDUSVAL S.A.                                           ;B;4010;0073900003;OUTRAS RECEITAS NAO OPERACIONAIS                  ; 0000000000011000,00
200505;61024352;BCO INDUSVAL S.A.                                           ;B;4010;0080000006;(-) CONTAS DE RESULTADO DEVEDORAS                 ;-0000000059570693,80
200505;61024352;BCO INDUSVAL S.A.                                           ;B;4010;0081000005;(-) DESPESAS OPERACIONAIS                         ;-0000000058225306,68
200505;61024352;BCO INDUSVAL S.A.                                           ;B;4010;0081100008;(-) DESPESAS DE CAPTACAO                          ;-0000000032315851,32
200505;61024352;BCO INDUSVAL S.A.                                           ;B;4010;0081200001;(-) DESP DE OBRIGACOES POR EMPRESTIMOS E REPASSES ;-0000000000781130,81
200505;61024352;BCO INDUSVAL S.A.                                           ;B;4010;0081400007;(-) DESPESAS DE CAMBIO                            ;-0000000002517249,23
200505;61024352;BCO INDUSVAL S.A.                                           ;B;4010;0081500000;(-) DESP. COM TIT. E VAL. MOB. E INST. FIN. DERIV.;-0000000002193242,84
200505;61024352;BCO INDUSVAL S.A.                                           ;B;4010;0081600003;(-) DESPESAS DE PARTICIPACOES                     ;-0000000000089448,87
200505;61024352;BCO INDUSVAL S.A.                                           ;B;4010;0081700006;(-) DESPESAS ADMINISTRATIVAS                      ;-0000000011988291,07
200505;61024352;BCO INDUSVAL S.A.                                           ;B;4010;0081800009;(-) APROVISIONAMENTOS E AJUSTES PATRIMONIAIS      ;-0000000004234633,95
200505;61024352;BCO INDUSVAL S.A.                                           ;B;4010;0081900002;(-) OUTRAS DESPESAS OPERACIONAIS                  ;-0000000004105458,59
200505;61024352;BCO INDUSVAL S.A.                                           ;B;4010;0083000003;(-) DESPESAS NAO OPERACIONAIS                     ;-0000000000054304,83
200505;61024352;BCO INDUSVAL S.A.                                           ;B;4010;0083900000;(-) OUTRAS DESPESAS NAO OPERACIONAIS              ;-0000000000054304,83
200505;61024352;BCO INDUSVAL S.A.                                           ;B;4010;0089000007;(-) APURACAO DE RESULTADO                         ;-0000000001291082,29
200505;61024352;BCO INDUSVAL S.A.                                           ;B;4010;0089400009;(-) IMPOSTO DE RENDA                              ;-0000000001291082,29
200505;61024352;BCO INDUSVAL S.A.                                           ;B;4010;0090000003;COMPENSACAO                                       ; 0000001856341789,56
200505;61024352;BCO INDUSVAL S.A.                                           ;B;4010;0090100006;COOBRIGACOES E RISCOS EM GARANTIAS PRESTADAS      ; 0000000022940889,86
200505;61024352;BCO INDUSVAL S.A.                                           ;B;4010;0090300002;TITULOS E VALORES MOBILIARIOS                     ; 0000000173067488,28
200505;61024352;BCO INDUSVAL S.A.                                           ;B;4010;0090400005;CUSTODIA DE VALORES                               ; 0000000167234322,43
200505;61024352;BCO INDUSVAL S.A.                                           ;B;4010;0090500008;COBRANCA                                          ; 0000000161144521,18
200505;61024352;BCO INDUSVAL S.A.                                           ;B;4010;0090600001;NEGOCIACAO E INTERMEDIACAO DE VALORES             ; 0000000130148253,92
200505;61024352;BCO INDUSVAL S.A.                                           ;B;4010;0090800007;CONTRATOS                                         ; 0000000011754826,90
200505;61024352;BCO INDUSVAL S.A.                                           ;B;4010;0090900000;CONTROLE                                          ; 0000000865583160,33
200505;61024352;BCO INDUSVAL S.A.                                           ;B;4010;0091000002;CLASSIFICACAO DA CARTEIRA DE CREDITOS             ; 0000000324468326,66
200505;61024352;BCO INDUSVAL S.A.                                           ;B;4010;0091100005;OPERACOES DE CREDITOS E ARRENDAMENTO MERCANTIL    ; 0000000324468326,66
200505;61024352;BCO INDUSVAL S.A.                                           ;B;4010;0099999995;TOTAL GERAL DO PASSIVO                            ; 0000002513203041,54
200505;61033106;BPN BRASIL BM S.A.                                          ;U;4010;0010000007;CIRCULANTE E REALIZAVEL A LONGO PRAZO             ; 0000000081752993,47
200505;61033106;BPN BRASIL BM S.A.                                          ;U;4010;0011000006;DISPONIBILIDADES                                  ; 0000000000791560,84
200505;61033106;BPN BRASIL BM S.A.                                          ;U;4010;0011200002;DEPOSITOS BANCARIOS                               ; 0000000000783795,05
200505;61033106;BPN BRASIL BM S.A.                                          ;U;4010;0011500001;DISPONIBILIDADES EM MOEDAS ESTRANGEIRAS           ; 0000000000007765,79
200505;61033106;BPN BRASIL BM S.A.                                          ;U;4010;0012000005;APLICACOES INTERFINANCEIRAS DE LIQUIDEZ           ; 0000000001560605,67
200505;61033106;BPN BRASIL BM S.A.                                          ;U;4010;0012100008;APLICACOES EM OPERACOES COMPROMISSADAS            ; 0000000001319344,49
200505;61033106;BPN BRASIL BM S.A.                                          ;U;4010;0012600003;APLICA OES EM MOEDAS ESTRANGEIRAS                 ; 0000000000241261,18
200505;61033106;BPN BRASIL BM S.A.                                          ;U;4010;0013000004;TITULOS E VAL. MOB. E INST. FINANC. DERIVATIVOS   ; 0000000005779126,83
200505;61033106;BPN BRASIL BM S.A.                                          ;U;4010;0013100007;LIVRES                                            ; 0000000000034600,59
200505;61033106;BPN BRASIL BM S.A.                                          ;U;4010;0013300003;INSTRUMENTOS FINANCEIROS DERIVATIVOS              ; 0000000003164618,49
200505;61033106;BPN BRASIL BM S.A.                                          ;U;4010;0013600002;VINCULADOS A PRESTACAO DE GARANTIAS               ; 0000000002579907,75
200505;61033106;BPN BRASIL BM S.A.                                          ;U;4010;0016000001;OPERACOES DE CREDITO                              ; 0000000034336720,45
200505;61033106;BPN BRASIL BM S.A.                                          ;U;4010;0016100004;EMPRESTIMOS E TITULOS DESCONTADOS                 ; 0000000006347154,99
200505;61033106;BPN BRASIL BM S.A.                                          ;U;4010;0016200007;FINANCIAMENTOS                                    ; 0000000030673219,51
200505;61033106;BPN BRASIL BM S.A.                                          ;U;4010;0016900008;(-) PROVISOES PARA OPERACOES DE CREDITO           ;-0000000002683654,05
200505;61033106;BPN BRASIL BM S.A.                                          ;U;4010;0018000009;OUTROS CREDITOS                                   ; 0000000037298539,12
200505;61033106;BPN BRASIL BM S.A.                                          ;U;4010;0018200005;CARTEIRA DE CAMBIO                                ; 0000000030965788,94
200505;61033106;BPN BRASIL BM S.A.                                          ;U;4010;0018400001;NEGOCIACAO E INTERMEDIACAO DE VALORES             ; 0000000000240920,50
200505;61033106;BPN BRASIL BM S.A.                                          ;U;4010;0018800003;DIVERSOS                                          ; 0000000006294263,10
200505;61033106;BPN BRASIL BM S.A.                                          ;U;4010;0018900006;(-) PROVISOES PARA OUTROS CREDITOS                ;-0000000000202433,42
200505;61033106;BPN BRASIL BM S.A.                                          ;U;4010;0019000008;OUTROS VALORES E BENS                             ; 0000000001986440,56
200505;61033106;BPN BRASIL BM S.A.                                          ;U;4010;0019900005;DESPESAS ANTECIPADAS                              ; 0000000001986440,56
200505;61033106;BPN BRASIL BM S.A.                                          ;U;4010;0020000004;PERMANENTE                                        ; 0000000003461770,20
200505;61033106;BPN BRASIL BM S.A.                                          ;U;4010;0021000003;INVESTIMENTOS                                     ; 0000000000075600,00
200505;61033106;BPN BRASIL BM S.A.                                          ;U;4010;0021400005;TITULOS PATRIMONIAIS                              ; 0000000000008000,00
200505;61033106;BPN BRASIL BM S.A.                                          ;U;4010;0021900000;OUTROS INVESTIMENTOS                              ; 0000000000067600,00
200505;61033106;BPN BRASIL BM S.A.                                          ;U;4010;0022000002;IMOBILIZADO DE USO                                ; 0000000000833975,40
200505;61033106;BPN BRASIL BM S.A.                                          ;U;4010;0022400004;INSTALACOES, MOVEIS E EQUIPAMENTOS DE USO         ; 0000000000485709,27
200505;61033106;BPN BRASIL BM S.A.                                          ;U;4010;0022900009;OUTROS                                            ; 0000000000348266,13
200505;61033106;BPN BRASIL BM S.A.                                          ;U;4010;0024000000;DIFERIDO                                          ; 0000000002552194,80
200505;61033106;BPN BRASIL BM S.A.                                          ;U;4010;0024100003;GASTOS DE ORGANIZACAO E EXPANSAO                  ; 0000000002552194,80
200505;61033106;BPN BRASIL BM S.A.                                          ;U;4010;0030000001;COMPENSACAO                                       ; 0000000207652687,25
200505;61033106;BPN BRASIL BM S.A.                                          ;U;4010;0030100004;COOBRIGACOES E RISCOS EM GARANTIAS PRESTADAS      ; 0000000006802037,33
200505;61033106;BPN BRASIL BM S.A.                                          ;U;4010;0030300000;TITULOS E VALORES MOBILIARIOS                     ; 0000000005229016,68
200505;61033106;BPN BRASIL BM S.A.                                          ;U;4010;0030400003;CUSTODIA DE VALORES                               ; 0000000048705211,57
200505;61033106;BPN BRASIL BM S.A.                                          ;U;4010;0030500006;COBRANCA                                          ; 0000000036959519,92
200505;61033106;BPN BRASIL BM S.A.                                          ;U;4010;0030600009;NEGOCIACAO E INTERMEDIACAO DE VALORES             ; 0000000038943806,99
200505;61033106;BPN BRASIL BM S.A.                                          ;U;4010;0030900008;CONTROLE                                          ; 0000000005718423,54
200505;61033106;BPN BRASIL BM S.A.                                          ;U;4010;0031000000;CLASSIFICACAO DA CARTEIRA DE CREDITOS             ; 0000000065294671,22
200505;61033106;BPN BRASIL BM S.A.                                          ;U;4010;0031100003;OPERACOES DE RISCO NIVEL AA                       ; 0000000006137393,06
200505;61033106;BPN BRASIL BM S.A.                                          ;U;4010;0031200006;OPERACOES DE RISCO NIVEL A                        ; 0000000038289718,43
200505;61033106;BPN BRASIL BM S.A.                                          ;U;4010;0031300009;OPERACOES DE RISCO NIVELB                         ; 0000000016141525,36
200505;61033106;BPN BRASIL BM S.A.                                          ;U;4010;0031400002;OPERACOES DE RISCO NIVELC                         ; 0000000000849022,56
200505;61033106;BPN BRASIL BM S.A.                                          ;U;4010;0031500005;OPERACOES DE RISCO NIVEL D                        ; 0000000000603102,82
200505;61033106;BPN BRASIL BM S.A.                                          ;U;4010;0031600008;OPERACOES DE RISCO NIVEL E                        ; 0000000000596203,15
200505;61033106;BPN BRASIL BM S.A.                                          ;U;4010;0031700001;OPERACOES DE RISCO NIVEL F                        ; 0000000000558327,06
200505;61033106;BPN BRASIL BM S.A.                                          ;U;4010;0031800004;OPERACOES DE RISCO NIVEL G                        ; 0000000000432409,18
200505;61033106;BPN BRASIL BM S.A.                                          ;U;4010;0031900007;OPERACOES DE RISCO NIVEL H                        ; 0000000001686969,60
200505;61033106;BPN BRASIL BM S.A.                                          ;U;4010;0039999993;TOTAL GERAL DO ATIVO                              ; 0000000292867450,92
200505;61033106;BPN BRASIL BM S.A.                                          ;U;4010;0040000008;CIRCULANTE EXIGIVEL A LONGO PRAZO                 ; 0000000041164973,09
200505;61033106;BPN BRASIL BM S.A.                                          ;U;4010;0041000007;DEPOSITOS                                         ; 0000000002931442,93
200505;61033106;BPN BRASIL BM S.A.                                          ;U;4010;0041100000;DEPOSITOS A VISTA                                 ; 0000000000241158,67
200505;61033106;BPN BRASIL BM S.A.                                          ;U;4010;0041500002;DEPOSITOS A PRAZO                                 ; 0000000002690284,26
200505;61033106;BPN BRASIL BM S.A.                                          ;U;4010;0044000004;RELACOES INTERFINANCEIRAS                         ; 0000000000162846,36
200505;61033106;BPN BRASIL BM S.A.                                          ;U;4010;0044400006;RELACOES COM CORRESPONDENTES                      ; 0000000000162846,36
200505;61033106;BPN BRASIL BM S.A.                                          ;U;4010;0046000002;OBRIGACOES POR EMPRESTIMOS E REPASSES             ; 0000000032688662,06
200505;61033106;BPN BRASIL BM S.A.                                          ;U;4010;0046300001;EMPRESTIMOS NO EXTERIOR                           ; 0000000032688662,06
200505;61033106;BPN BRASIL BM S.A.                                          ;U;4010;0047000001;INSTRUMENTOS FINANCEIROS DERIVATIVOS              ; 0000000000076206,71
200505;61033106;BPN BRASIL BM S.A.                                          ;U;4010;0047100004;INSTRUMENTOS FINANCEIROS DERIVATIVOS              ; 0000000000076206,71
200505;61033106;BPN BRASIL BM S.A.                                          ;U;4010;0049000009;OUTRAS OBRIGACOES                                 ; 0000000005305815,03
200505;61033106;BPN BRASIL BM S.A.                                          ;U;4010;0049100002;COBRANCA E ARRECADACAO DE TRIBUTOS E ASSEMELHADOS ; 0000000000012906,09
200505;61033106;BPN BRASIL BM S.A.                                          ;U;4010;0049200005;CARTEIRA DE CAMBIO                                ; 0000000003059119,10
200505;61033106;BPN BRASIL BM S.A.                                          ;U;4010;0049400001;FISCAIS E PREVIDENCIARIAS                         ; 0000000000314652,84
200505;61033106;BPN BRASIL BM S.A.                                          ;U;4010;0049900006;DIVERSAS                                          ; 0000000001919137,00
200505;61033106;BPN BRASIL BM S.A.                                          ;U;4010;0050000005;RESULTADOS DE EXERCICIOS FUTUROS                  ; 0000000000024688,83
200505;61033106;BPN BRASIL BM S.A.                                          ;U;4010;0051000004;RECEITAS DE EXERCICIOS FUTUROS                    ; 0000000000024688,83
200505;61033106;BPN BRASIL BM S.A.                                          ;U;4010;0051100007;RECEITAS DE EXERCICIOS FUTUROS                    ; 0000000000024688,83
200505;61033106;BPN BRASIL BM S.A.                                          ;U;4010;0060000002;PATRIMONIO LIQUIDO                                ; 0000000044204506,01
200505;61033106;BPN BRASIL BM S.A.                                          ;U;4010;0061000001;PATRIMONIO LIQUIDO                                ; 0000000044204506,01
200505;61033106;BPN BRASIL BM S.A.                                          ;U;4010;0061100004;CAPITAL SOCIAL                                    ; 0000000043500000,00
200505;61033106;BPN BRASIL BM S.A.                                          ;U;4010;0061500006;RESERVAS DE LUCROS                                ; 0000000000070476,97
200505;61033106;BPN BRASIL BM S.A.                                          ;U;4010;0061800005;LUCROS OU PREJUIZOS ACUMULADOS                    ; 0000000000634029,04
200505;61033106;BPN BRASIL BM S.A.                                          ;U;4010;0070000009;CONTAS DE RESULTADO CREDORAS                      ; 0000000017765155,89
200505;61033106;BPN BRASIL BM S.A.                                          ;U;4010;0071000008;RECEITAS OPERACIONAIS                             ; 0000000017765155,89
200505;61033106;BPN BRASIL BM S.A.                                          ;U;4010;0071100001;RENDAS DE OPERACOES DE CREDITO                    ; 0000000006550602,74
200505;61033106;BPN BRASIL BM S.A.                                          ;U;4010;0071300007;RENDAS DE CAMBIO                                  ; 0000000001566375,05
200505;61033106;BPN BRASIL BM S.A.                                          ;U;4010;0071400000;RENDAS DE APLICACOES INTERFINANCEIRAS DE LIQUIDEZ ; 0000000000393223,70
200505;61033106;BPN BRASIL BM S.A.                                          ;U;4010;0071500003;RENDAS COM TIT. E VAL. MOB. E INST. FINANC. DERIV.; 0000000007359665,44
200505;61033106;BPN BRASIL BM S.A.                                          ;U;4010;0071700009;RENDAS DE PRESTACAO DE SERVICOS                   ; 0000000000015277,94
200505;61033106;BPN BRASIL BM S.A.                                          ;U;4010;0071900005;OUTRAS RECEITAS OPERACIONAIS                      ; 0000000001880011,02
200505;61033106;BPN BRASIL BM S.A.                                          ;U;4010;0080000006;(-) CONTAS DE RESULTADO DEVEDORAS                 ;-0000000017944560,15
200505;61033106;BPN BRASIL BM S.A.                                          ;U;4010;0081000005;(-) DESPESAS OPERACIONAIS                         ;-0000000018097940,33
200505;61033106;BPN BRASIL BM S.A.                                          ;U;4010;0081100008;(-) DESPESAS DE CAPTACAO                          ;-0000000000108492,51
200505;61033106;BPN BRASIL BM S.A.                                          ;U;4010;0081200001;(-) DESP DE OBRIGACOES POR EMPRESTIMOS E REPASSES ;-0000000000279682,75
200505;61033106;BPN BRASIL BM S.A.                                          ;U;4010;0081400007;(-) DESPESAS DE CAMBIO                            ;-0000000000471939,47
200505;61033106;BPN BRASIL BM S.A.                                          ;U;4010;0081500000;(-) DESP. COM TIT. E VAL. MOB. E INST. FIN. DERIV.;-0000000007059279,71
200505;61033106;BPN BRASIL BM S.A.                                          ;U;4010;0081700006;(-) DESPESAS ADMINISTRATIVAS                      ;-0000000004697448,34
200505;61033106;BPN BRASIL BM S.A.                                          ;U;4010;0081800009;(-) APROVISIONAMENTOS E AJUSTES PATRIMONIAIS      ;-0000000002538569,03
200505;61033106;BPN BRASIL BM S.A.                                          ;U;4010;0081900002;(-) OUTRAS DESPESAS OPERACIONAIS                  ;-0000000002942528,52
200505;61033106;BPN BRASIL BM S.A.                                          ;U;4010;0089000007;(-) APURACAO DE RESULTADO                         ; 0000000000153380,18
200505;61033106;BPN BRASIL BM S.A.                                          ;U;4010;0089400009;(-) IMPOSTO DE RENDA                              ; 0000000000153380,18
200505;61033106;BPN BRASIL BM S.A.                                          ;U;4010;0090000003;COMPENSACAO                                       ; 0000000207652687,25
200505;61033106;BPN BRASIL BM S.A.                                          ;U;4010;0090100006;COOBRIGACOES E RISCOS EM GARANTIAS PRESTADAS      ; 0000000006802037,33
200505;61033106;BPN BRASIL BM S.A.                                          ;U;4010;0090300002;TITULOS E VALORES MOBILIARIOS                     ; 0000000005229016,68
200505;61033106;BPN BRASIL BM S.A.                                          ;U;4010;0090400005;CUSTODIA DE VALORES                               ; 0000000048705211,57
200505;61033106;BPN BRASIL BM S.A.                                          ;U;4010;0090500008;COBRANCA                                          ; 0000000036959519,92
200505;61033106;BPN BRASIL BM S.A.                                          ;U;4010;0090600001;NEGOCIACAO E INTERMEDIACAO DE VALORES             ; 0000000038943806,99
200505;61033106;BPN BRASIL BM S.A.                                          ;U;4010;0090900000;CONTROLE                                          ; 0000000005718423,54
200505;61033106;BPN BRASIL BM S.A.                                          ;U;4010;0091000002;CLASSIFICACAO DA CARTEIRA DE CREDITOS             ; 0000000065294671,22
200505;61033106;BPN BRASIL BM S.A.                                          ;U;4010;0091100005;OPERACOES DE CREDITOS E ARRENDAMENTO MERCANTIL    ; 0000000065294671,22
200505;61033106;BPN BRASIL BM S.A.                                          ;U;4010;0099999995;TOTAL GERAL DO PASSIVO                            ; 0000000292867450,92
200505;61065421;BCO MERCANTIL DE SP                                         ;U;4010;0010000007;CIRCULANTE E REALIZAVEL A LONGO PRAZO             ; 0000004157216481,86
200505;61065421;BCO MERCANTIL DE SP                                         ;U;4010;0011000006;DISPONIBILIDADES                                  ; 0000000000003413,51
200505;61065421;BCO MERCANTIL DE SP                                         ;U;4010;0011300005;RESERVAS LIVRES                                   ; 0000000000003413,51
200505;61065421;BCO MERCANTIL DE SP                                         ;U;4010;0012000005;APLICACOES INTERFINANCEIRAS DE LIQUIDEZ           ; 0000002349683676,33
200505;61065421;BCO MERCANTIL DE SP                                         ;U;4010;0012100008;APLICACOES EM OPERACOES COMPROMISSADAS            ; 0000000003214967,83
200505;61065421;BCO MERCANTIL DE SP                                         ;U;4010;0012200001;APLICACOES EM DEPOSITOS INTERFINANCEIROS          ; 0000002346468708,50
200505;61065421;BCO MERCANTIL DE SP                                         ;U;4010;0013000004;TITULOS E VAL. MOB. E INST. FINANC. DERIVATIVOS   ; 0000001152260323,58
200505;61065421;BCO MERCANTIL DE SP                                         ;U;4010;0013100007;LIVRES                                            ; 0000001099245802,12
200505;61065421;BCO MERCANTIL DE SP                                         ;U;4010;0013500009;VINCULADO A AQUIS.ACOES DE EMPRESAS ESTATAIS      ; 0000000051239453,63
200505;61065421;BCO MERCANTIL DE SP                                         ;U;4010;0013600002;VINCULADOS A PRESTACAO DE GARANTIAS               ; 0000000001775067,83
200505;61065421;BCO MERCANTIL DE SP                                         ;U;4010;0014000003;RELACOES INTERFINANCEIRAS                         ; 0000000160643928,61
200505;61065421;BCO MERCANTIL DE SP                                         ;U;4010;0014200009;CREDITOS VINCULADOS                               ; 0000000160643928,61
200505;61065421;BCO MERCANTIL DE SP                                         ;U;4010;0015000002;RELACOES INTERDEPENDENCIAS                        ; 0000000000394203,64
200505;61065421;BCO MERCANTIL DE SP                                         ;U;4010;0015200008;TRANSFERENCIAS INTERNAS DE RECURSOS               ; 0000000000394203,64
200505;61065421;BCO MERCANTIL DE SP                                         ;U;4010;0018000009;OUTROS CREDITOS                                   ; 0000000492995641,71
200505;61065421;BCO MERCANTIL DE SP                                         ;U;4010;0018300008;RENDAS A RECEBER                                  ; 0000000006575944,90
200505;61065421;BCO MERCANTIL DE SP                                         ;U;4010;0018800003;DIVERSOS                                          ; 0000000486439100,81
200505;61065421;BCO MERCANTIL DE SP                                         ;U;4010;0018900006;(-) PROVISOES PARA OUTROS CREDITOS                ;-0000000000019404,00
200505;61065421;BCO MERCANTIL DE SP                                         ;U;4010;0019000008;OUTROS VALORES E BENS                             ; 0000000001235294,48
200505;61065421;BCO MERCANTIL DE SP                                         ;U;4010;0019800002;OUTROS VALORES E BENS                             ; 0000000001235294,48
200505;61065421;BCO MERCANTIL DE SP                                         ;U;4010;0020000004;PERMANENTE                                        ; 0000000455993203,56
200505;61065421;BCO MERCANTIL DE SP                                         ;U;4010;0021000003;INVESTIMENTOS                                     ; 0000000237384443,38
200505;61065421;BCO MERCANTIL DE SP                                         ;U;4010;0021100006;INVESTIMENTOS NO EXTERIOR                         ; 0000000218242340,45
200505;61065421;BCO MERCANTIL DE SP                                         ;U;4010;0021200009;PARTICIPACOES EM COLIGADAS E CONTROLADAS NO PAIS  ; 0000000018577989,86
200505;61065421;BCO MERCANTIL DE SP                                         ;U;4010;0021300002;INVESTIMENTOS POR INCENTIVOS FISCAIS              ; 0000000000147072,87
200505;61065421;BCO MERCANTIL DE SP                                         ;U;4010;0021400005;TITULOS PATRIMONIAIS                              ; 0000000000245657,99
200505;61065421;BCO MERCANTIL DE SP                                         ;U;4010;0021500008;ACOES E COTAS                                     ; 0000000000171382,21
200505;61065421;BCO MERCANTIL DE SP                                         ;U;4010;0022000002;IMOBILIZADO DE USO                                ; 0000000218608760,18
200505;61065421;BCO MERCANTIL DE SP                                         ;U;4010;0022300001;IMOVEIS DE USO                                    ; 0000000218602776,77
200505;61065421;BCO MERCANTIL DE SP                                         ;U;4010;0022400004;INSTALACOES, MOVEIS E EQUIPAMENTOS DE USO         ; 0000000000005983,41
200505;61065421;BCO MERCANTIL DE SP                                         ;U;4010;0030000001;COMPENSACAO                                       ; 0000004709437395,71
200505;61065421;BCO MERCANTIL DE SP                                         ;U;4010;0030300000;TITULOS E VALORES MOBILIARIOS                     ; 0000002347296792,43
200505;61065421;BCO MERCANTIL DE SP                                         ;U;4010;0030400003;CUSTODIA DE VALORES                               ; 0000001048267160,04
200505;61065421;BCO MERCANTIL DE SP                                         ;U;4010;0030900008;CONTROLE                                          ; 0000001313226643,24
200505;61065421;BCO MERCANTIL DE SP                                         ;U;4010;0031000000;CLASSIFICACAO DA CARTEIRA DE CREDITOS             ; 0000000000646800,00
200505;61065421;BCO MERCANTIL DE SP                                         ;U;4010;0031400002;OPERACOES DE RISCO NIVELC                         ; 0000000000646800,00
200505;61065421;BCO MERCANTIL DE SP                                         ;U;4010;0039999993;TOTAL GERAL DO ATIVO                              ; 0000009322647081,13
200505;61065421;BCO MERCANTIL DE SP                                         ;U;4010;0040000008;CIRCULANTE EXIGIVEL A LONGO PRAZO                 ; 0000000170096215,71
200505;61065421;BCO MERCANTIL DE SP                                         ;U;4010;0049000009;OUTRAS OBRIGACOES                                 ; 0000000170096215,71
200505;61065421;BCO MERCANTIL DE SP                                         ;U;4010;0049300008;SOCIAIS E ESTATUTARIAS                            ; 0000000067607238,33
200505;61065421;BCO MERCANTIL DE SP                                         ;U;4010;0049400001;FISCAIS E PREVIDENCIARIAS                         ; 0000000101933873,16
200505;61065421;BCO MERCANTIL DE SP                                         ;U;4010;0049900006;DIVERSAS                                          ; 0000000000555104,22
200505;61065421;BCO MERCANTIL DE SP                                         ;U;4010;0060000002;PATRIMONIO LIQUIDO                                ; 0000004291309745,04
200505;61065421;BCO MERCANTIL DE SP                                         ;U;4010;0061000001;PATRIMONIO LIQUIDO                                ; 0000004291309745,04
200505;61065421;BCO MERCANTIL DE SP                                         ;U;4010;0061100004;CAPITAL SOCIAL                                    ; 0000003863940521,02
200505;61065421;BCO MERCANTIL DE SP                                         ;U;4010;0061300000;RESERVAS DE CAPITAL                               ; 0000000232350165,10
200505;61065421;BCO MERCANTIL DE SP                                         ;U;4010;0061400003;RESERVAS DE REAVALIACAO                           ; 0000000024728523,88
200505;61065421;BCO MERCANTIL DE SP                                         ;U;4010;0061500006;RESERVAS DE LUCROS                                ; 0000000169494536,92
200505;61065421;BCO MERCANTIL DE SP                                         ;U;4010;0061600009;AJUSTES DE AVALIACAO PATRIMONIAL                  ;-0000000000337552,86
200505;61065421;BCO MERCANTIL DE SP                                         ;U;4010;0061800005;LUCROS OU PREJUIZOS ACUMULADOS                    ; 0000000001133550,98
200505;61065421;BCO MERCANTIL DE SP                                         ;U;4010;0070000009;CONTAS DE RESULTADO CREDORAS                      ; 0000000353629772,58
200505;61065421;BCO MERCANTIL DE SP                                         ;U;4010;0071000008;RECEITAS OPERACIONAIS                             ; 0000000340972638,85
200505;61065421;BCO MERCANTIL DE SP                                         ;U;4010;0071400000;RENDAS DE APLICACOES INTERFINANCEIRAS DE LIQUIDEZ ; 0000000137980492,63
200505;61065421;BCO MERCANTIL DE SP                                         ;U;4010;0071500003;RENDAS COM TIT. E VAL. MOB. E INST. FINANC. DERIV.; 0000000095753877,22
200505;61065421;BCO MERCANTIL DE SP                                         ;U;4010;0071700009;RENDAS DE PRESTACAO DE SERVICOS                   ; 0000000000000010,89
200505;61065421;BCO MERCANTIL DE SP                                         ;U;4010;0071800002;RENDAS DE PARTICIPACOES                           ; 0000000004253973,22
200505;61065421;BCO MERCANTIL DE SP                                         ;U;4010;0071900005;OUTRAS RECEITAS OPERACIONAIS                      ; 0000000102984284,89
200505;61065421;BCO MERCANTIL DE SP                                         ;U;4010;0073000006;RECEITAS NAO OPERACIONAIS                         ; 0000000012657133,73
200505;61065421;BCO MERCANTIL DE SP                                         ;U;4010;0073100009;LUCROS EM TRANSACOES COM VALORES E BENS           ; 0000000001938284,61
200505;61065421;BCO MERCANTIL DE SP                                         ;U;4010;0073900003;OUTRAS RECEITAS NAO OPERACIONAIS                  ; 0000000010718849,12
200505;61065421;BCO MERCANTIL DE SP                                         ;U;4010;0080000006;(-) CONTAS DE RESULTADO DEVEDORAS                 ;-0000000201826047,91
200505;61065421;BCO MERCANTIL DE SP                                         ;U;4010;0081000005;(-) DESPESAS OPERACIONAIS                         ;-0000000108953051,39
200505;61065421;BCO MERCANTIL DE SP                                         ;U;4010;0081500000;(-) DESP. COM TIT. E VAL. MOB. E INST. FIN. DERIV.;-0000000000404463,76
200505;61065421;BCO MERCANTIL DE SP                                         ;U;4010;0081600003;(-) DESPESAS DE PARTICIPACOES                     ;-0000000022441631,18
200505;61065421;BCO MERCANTIL DE SP                                         ;U;4010;0081700006;(-) DESPESAS ADMINISTRATIVAS                      ;-0000000001652259,91
200505;61065421;BCO MERCANTIL DE SP                                         ;U;4010;0081800009;(-) APROVISIONAMENTOS E AJUSTES PATRIMONIAIS      ;-0000000005608965,11
200505;61065421;BCO MERCANTIL DE SP                                         ;U;4010;0081900002;(-) OUTRAS DESPESAS OPERACIONAIS                  ;-0000000078845731,43
200505;61065421;BCO MERCANTIL DE SP                                         ;U;4010;0083000003;(-) DESPESAS NAO OPERACIONAIS                     ;-0000000003034998,76
200505;61065421;BCO MERCANTIL DE SP                                         ;U;4010;0083100006;(-) PREJUIZOS EM TRANSACOES COM VALORES E BENS    ;-0000000002272464,15
200505;61065421;BCO MERCANTIL DE SP                                         ;U;4010;0083900000;(-) OUTRAS DESPESAS NAO OPERACIONAIS              ;-0000000000762534,61
200505;61065421;BCO MERCANTIL DE SP                                         ;U;4010;0089000007;(-) APURACAO DE RESULTADO                         ;-0000000089837997,76
200505;61065421;BCO MERCANTIL DE SP                                         ;U;4010;0089400009;(-) IMPOSTO DE RENDA                              ;-0000000089837997,76
200505;61065421;BCO MERCANTIL DE SP                                         ;U;4010;0090000003;COMPENSACAO                                       ; 0000004709437395,71
200505;61065421;BCO MERCANTIL DE SP                                         ;U;4010;0090300002;TITULOS E VALORES MOBILIARIOS                     ; 0000002347296792,43
200505;61065421;BCO MERCANTIL DE SP                                         ;U;4010;0090400005;CUSTODIA DE VALORES                               ; 0000001048267160,04
200505;61065421;BCO MERCANTIL DE SP                                         ;U;4010;0090900000;CONTROLE                                          ; 0000001313226643,24
200505;61065421;BCO MERCANTIL DE SP                                         ;U;4010;0091000002;CLASSIFICACAO DA CARTEIRA DE CREDITOS             ; 0000000000646800,00
200505;61065421;BCO MERCANTIL DE SP                                         ;U;4010;0091100005;OPERACOES DE CREDITOS E ARRENDAMENTO MERCANTIL    ; 0000000000646800,00
200505;61065421;BCO MERCANTIL DE SP                                         ;U;4010;0099999995;TOTAL GERAL DO PASSIVO                            ; 0000009322647081,13
200505;61071387;UNICARD BM S.A.                                             ;U;4010;0010000007;CIRCULANTE E REALIZAVEL A LONGO PRAZO             ; 0000003315561620,16
200505;61071387;UNICARD BM S.A.                                             ;U;4010;0011000006;DISPONIBILIDADES                                  ; 0000000000149634,43
200505;61071387;UNICARD BM S.A.                                             ;U;4010;0011200002;DEPOSITOS BANCARIOS                               ; 0000000000000002,27
200505;61071387;UNICARD BM S.A.                                             ;U;4010;0011300005;RESERVAS LIVRES                                   ; 0000000000071898,73
200505;61071387;UNICARD BM S.A.                                             ;U;4010;0011500001;DISPONIBILIDADES EM MOEDAS ESTRANGEIRAS           ; 0000000000077733,43
200505;61071387;UNICARD BM S.A.                                             ;U;4010;0012000005;APLICACOES INTERFINANCEIRAS DE LIQUIDEZ           ; 0000000014799738,74
200505;61071387;UNICARD BM S.A.                                             ;U;4010;0012100008;APLICACOES EM OPERACOES COMPROMISSADAS            ; 0000000014399738,74
200505;61071387;UNICARD BM S.A.                                             ;U;4010;0012200001;APLICACOES EM DEPOSITOS INTERFINANCEIROS          ; 0000000000400000,00
200505;61071387;UNICARD BM S.A.                                             ;U;4010;0013000004;TITULOS E VAL. MOB. E INST. FINANC. DERIVATIVOS   ; 0000000386201848,46
200505;61071387;UNICARD BM S.A.                                             ;U;4010;0013100007;LIVRES                                            ; 0000000059221453,01
200505;61071387;UNICARD BM S.A.                                             ;U;4010;0013600002;VINCULADOS A PRESTACAO DE GARANTIAS               ; 0000000326980395,45
200505;61071387;UNICARD BM S.A.                                             ;U;4010;0014000003;RELACOES INTERFINANCEIRAS                         ; 0000000007977732,85
200505;61071387;UNICARD BM S.A.                                             ;U;4010;0014200009;CREDITOS VINCULADOS                               ; 0000000000000129,08
200505;61071387;UNICARD BM S.A.                                             ;U;4010;0014400005;RELACOES COM CORRESPONDENTES                      ; 0000000007977603,77
200505;61071387;UNICARD BM S.A.                                             ;U;4010;0016000001;OPERACOES DE CREDITO                              ; 0000001176166662,66
200505;61071387;UNICARD BM S.A.                                             ;U;4010;0016100004;EMPRESTIMOS E TITULOS DESCONTADOS                 ; 0000001249589543,97
200505;61071387;UNICARD BM S.A.                                             ;U;4010;0016900008;(-) PROVISOES PARA OPERACOES DE CREDITO           ;-0000000073422881,31
200505;61071387;UNICARD BM S.A.                                             ;U;4010;0018000009;OUTROS CREDITOS                                   ; 0000001721994996,04
200505;61071387;UNICARD BM S.A.                                             ;U;4010;0018300008;RENDAS A RECEBER                                  ; 0000000002469425,03
200505;61071387;UNICARD BM S.A.                                             ;U;4010;0018800003;DIVERSOS                                          ; 0000001720001063,34
200505;61071387;UNICARD BM S.A.                                             ;U;4010;0018900006;(-) PROVISOES PARA OUTROS CREDITOS                ;-0000000000475492,33
200505;61071387;UNICARD BM S.A.                                             ;U;4010;0019000008;OUTROS VALORES E BENS                             ; 0000000008271006,98
200505;61071387;UNICARD BM S.A.                                             ;U;4010;0019800002;OUTROS VALORES E BENS                             ; 0000000002082500,31
200505;61071387;UNICARD BM S.A.                                             ;U;4010;0019900005;DESPESAS ANTECIPADAS                              ; 0000000006188506,67
200505;61071387;UNICARD BM S.A.                                             ;U;4010;0020000004;PERMANENTE                                        ; 0000000538457267,46
200505;61071387;UNICARD BM S.A.                                             ;U;4010;0021000003;INVESTIMENTOS                                     ; 0000000480245668,96
200505;61071387;UNICARD BM S.A.                                             ;U;4010;0021200009;PARTICIPACOES EM COLIGADAS E CONTROLADAS NO PAIS  ; 0000000468378314,14
200505;61071387;UNICARD BM S.A.                                             ;U;4010;0021400005;TITULOS PATRIMONIAIS                              ; 0000000005926204,95
200505;61071387;UNICARD BM S.A.                                             ;U;4010;0021500008;ACOES E COTAS                                     ; 0000000005804315,00
200505;61071387;UNICARD BM S.A.                                             ;U;4010;0021900000;OUTROS INVESTIMENTOS                              ; 0000000000136834,87
200505;61071387;UNICARD BM S.A.                                             ;U;4010;0022000002;IMOBILIZADO DE USO                                ; 0000000012493446,15
200505;61071387;UNICARD BM S.A.                                             ;U;4010;0022300001;IMOVEIS DE USO                                    ; 0000000006583042,05
200505;61071387;UNICARD BM S.A.                                             ;U;4010;0022400004;INSTALACOES, MOVEIS E EQUIPAMENTOS DE USO         ; 0000000002908328,89
200505;61071387;UNICARD BM S.A.                                             ;U;4010;0022900009;OUTROS                                            ; 0000000003002075,21
200505;61071387;UNICARD BM S.A.                                             ;U;4010;0024000000;DIFERIDO                                          ; 0000000045718152,35
200505;61071387;UNICARD BM S.A.                                             ;U;4010;0024100003;GASTOS DE ORGANIZACAO E EXPANSAO                  ; 0000000045718152,35
200505;61071387;UNICARD BM S.A.                                             ;U;4010;0030000001;COMPENSACAO                                       ; 0000009429767551,87
200505;61071387;UNICARD BM S.A.                                             ;U;4010;0030300000;TITULOS E VALORES MOBILIARIOS                     ; 0000000772403696,92
200505;61071387;UNICARD BM S.A.                                             ;U;4010;0030500006;COBRANCA                                          ; 0000000872845660,18
200505;61071387;UNICARD BM S.A.                                             ;U;4010;0030600009;NEGOCIACAO E INTERMEDIACAO DE VALORES             ; 0000000364176328,54
200505;61071387;UNICARD BM S.A.                                             ;U;4010;0030900008;CONTROLE                                          ; 0000005722354533,31
200505;61071387;UNICARD BM S.A.                                             ;U;4010;0031000000;CLASSIFICACAO DA CARTEIRA DE CREDITOS             ; 0000001697987332,92
200505;61071387;UNICARD BM S.A.                                             ;U;4010;0031100003;OPERACOES DE RISCO NIVEL AA                       ; 0000001164789880,78
200505;61071387;UNICARD BM S.A.                                             ;U;4010;0031200006;OPERACOES DE RISCO NIVEL A                        ; 0000000276693259,00
200505;61071387;UNICARD BM S.A.                                             ;U;4010;0031300009;OPERACOES DE RISCO NIVELB                         ; 0000000056063967,61
200505;61071387;UNICARD BM S.A.                                             ;U;4010;0031400002;OPERACOES DE RISCO NIVELC                         ; 0000000046140629,61
200505;61071387;UNICARD BM S.A.                                             ;U;4010;0031500005;OPERACOES DE RISCO NIVEL D                        ; 0000000039537354,89
200505;61071387;UNICARD BM S.A.                                             ;U;4010;0031600008;OPERACOES DE RISCO NIVEL E                        ; 0000000039652719,51
200505;61071387;UNICARD BM S.A.                                             ;U;4010;0031700001;OPERACOES DE RISCO NIVEL F                        ; 0000000035963722,53
200505;61071387;UNICARD BM S.A.                                             ;U;4010;0031800004;OPERACOES DE RISCO NIVEL G                        ; 0000000020441425,79
200505;61071387;UNICARD BM S.A.                                             ;U;4010;0031900007;OPERACOES DE RISCO NIVEL H                        ; 0000000018704373,20
200505;61071387;UNICARD BM S.A.                                             ;U;4010;0039999993;TOTAL GERAL DO ATIVO                              ; 0000013283786439,49
200505;61071387;UNICARD BM S.A.                                             ;U;4010;0040000008;CIRCULANTE EXIGIVEL A LONGO PRAZO                 ; 0000003112638509,69
200505;61071387;UNICARD BM S.A.                                             ;U;4010;0041000007;DEPOSITOS                                         ; 0000001022481910,33
200505;61071387;UNICARD BM S.A.                                             ;U;4010;0041300006;DEPOSITOS INTERFINANCEIROS                        ; 0000001022481910,33
200505;61071387;UNICARD BM S.A.                                             ;U;4010;0043000005;RECURSOS ACEITES CAMB,LI E HIP.,DEBENT.E SIMILARES; 0000000246095702,23
200505;61071387;UNICARD BM S.A.                                             ;U;4010;0043500000;OBRIGACOES P/TITULOS E VALS.MOBILIARIOS EXTERIOR  ; 0000000246095702,23
200505;61071387;UNICARD BM S.A.                                             ;U;4010;0045000003;RELACOES INTERDEPENDENCIAS                        ; 0000000000171037,49
200505;61071387;UNICARD BM S.A.                                             ;U;4010;0045100006;RECURSOS EM TRANSITO DE TERCEIROS                 ; 0000000000008921,16
200505;61071387;UNICARD BM S.A.                                             ;U;4010;0045200009;TRANSFERENCIAS INTERNAS DE RECURSOS               ; 0000000000162116,33
200505;61071387;UNICARD BM S.A.                                             ;U;4010;0046000002;OBRIGACOES POR EMPRESTIMOS E REPASSES             ; 0000000018426383,79
200505;61071387;UNICARD BM S.A.                                             ;U;4010;0046300001;EMPRESTIMOS NO EXTERIOR                           ; 0000000018426383,79
200505;61071387;UNICARD BM S.A.                                             ;U;4010;0047000001;INSTRUMENTOS FINANCEIROS DERIVATIVOS              ; 0000000107063166,89
200505;61071387;UNICARD BM S.A.                                             ;U;4010;0047100004;INSTRUMENTOS FINANCEIROS DERIVATIVOS              ; 0000000107063166,89
200505;61071387;UNICARD BM S.A.                                             ;U;4010;0049000009;OUTRAS OBRIGACOES                                 ; 0000001718400308,96
200505;61071387;UNICARD BM S.A.                                             ;U;4010;0049100002;COBRANCA E ARRECADACAO DE TRIBUTOS E ASSEMELHADOS ; 0000000000668440,40
200505;61071387;UNICARD BM S.A.                                             ;U;4010;0049300008;SOCIAIS E ESTATUTARIAS                            ; 0000000005450855,04
200505;61071387;UNICARD BM S.A.                                             ;U;4010;0049400001;FISCAIS E PREVIDENCIARIAS                         ; 0000000212109144,28
200505;61071387;UNICARD BM S.A.                                             ;U;4010;0049900006;DIVERSAS                                          ; 0000001500171869,24
200505;61071387;UNICARD BM S.A.                                             ;U;4010;0060000002;PATRIMONIO LIQUIDO                                ; 0000000874492014,37
200505;61071387;UNICARD BM S.A.                                             ;U;4010;0061000001;PATRIMONIO LIQUIDO                                ; 0000000874492014,37
200505;61071387;UNICARD BM S.A.                                             ;U;4010;0061100004;CAPITAL SOCIAL                                    ; 0000000862707495,99
200505;61071387;UNICARD BM S.A.                                             ;U;4010;0061300000;RESERVAS DE CAPITAL                               ; 0000000003389200,09
200505;61071387;UNICARD BM S.A.                                             ;U;4010;0061500006;RESERVAS DE LUCROS                                ; 0000000008375629,85
200505;61071387;UNICARD BM S.A.                                             ;U;4010;0061600009;AJUSTES DE AVALIACAO PATRIMONIAL                  ; 0000000000019688,44
200505;61071387;UNICARD BM S.A.                                             ;U;4010;0070000009;CONTAS DE RESULTADO CREDORAS                      ; 0000000586121802,64
200505;61071387;UNICARD BM S.A.                                             ;U;4010;0071000008;RECEITAS OPERACIONAIS                             ; 0000000585628150,31
200505;61071387;UNICARD BM S.A.                                             ;U;4010;0071100001;RENDAS DE OPERACOES DE CREDITO                    ; 0000000284338516,73
200505;61071387;UNICARD BM S.A.                                             ;U;4010;0071400000;RENDAS DE APLICACOES INTERFINANCEIRAS DE LIQUIDEZ ; 0000000000357220,14
200505;61071387;UNICARD BM S.A.                                             ;U;4010;0071500003;RENDAS COM TIT. E VAL. MOB. E INST. FINANC. DERIV.; 0000000025165823,46
200505;61071387;UNICARD BM S.A.                                             ;U;4010;0071700009;RENDAS DE PRESTACAO DE SERVICOS                   ; 0000000104918712,26
200505;61071387;UNICARD BM S.A.                                             ;U;4010;0071800002;RENDAS DE PARTICIPACOES                           ; 0000000052109481,59
200505;61071387;UNICARD BM S.A.                                             ;U;4010;0071900005;OUTRAS RECEITAS OPERACIONAIS                      ; 0000000118738396,13
200505;61071387;UNICARD BM S.A.                                             ;U;4010;0073000006;RECEITAS NAO OPERACIONAIS                         ; 0000000000493652,33
200505;61071387;UNICARD BM S.A.                                             ;U;4010;0073900003;OUTRAS RECEITAS NAO OPERACIONAIS                  ; 0000000000493652,33
200505;61071387;UNICARD BM S.A.                                             ;U;4010;0080000006;(-) CONTAS DE RESULTADO DEVEDORAS                 ;-0000000719233439,08
200505;61071387;UNICARD BM S.A.                                             ;U;4010;0081000005;(-) DESPESAS OPERACIONAIS                         ;-0000000808290771,65
200505;61071387;UNICARD BM S.A.                                             ;U;4010;0081100008;(-) DESPESAS DE CAPTACAO                          ;-0000000081944926,99
200505;61071387;UNICARD BM S.A.                                             ;U;4010;0081200001;(-) DESP DE OBRIGACOES POR EMPRESTIMOS E REPASSES ;-0000000000527449,87
200505;61071387;UNICARD BM S.A.                                             ;U;4010;0081500000;(-) DESP. COM TIT. E VAL. MOB. E INST. FIN. DERIV.;-0000000060668966,61
200505;61071387;UNICARD BM S.A.                                             ;U;4010;0081600003;(-) DESPESAS DE PARTICIPACOES                     ;-0000000002781498,25
200505;61071387;UNICARD BM S.A.                                             ;U;4010;0081700006;(-) DESPESAS ADMINISTRATIVAS                      ;-0000000105912309,82
200505;61071387;UNICARD BM S.A.                                             ;U;4010;0081800009;(-) APROVISIONAMENTOS E AJUSTES PATRIMONIAIS      ;-0000000086239300,49
200505;61071387;UNICARD BM S.A.                                             ;U;4010;0081900002;(-) OUTRAS DESPESAS OPERACIONAIS                  ;-0000000470216319,62
200505;61071387;UNICARD BM S.A.                                             ;U;4010;0083000003;(-) DESPESAS NAO OPERACIONAIS                     ;-0000000000187521,96
200505;61071387;UNICARD BM S.A.                                             ;U;4010;0083900000;(-) OUTRAS DESPESAS NAO OPERACIONAIS              ;-0000000000187521,96
200505;61071387;UNICARD BM S.A.                                             ;U;4010;0089000007;(-) APURACAO DE RESULTADO                         ; 0000000089244854,53
200505;61071387;UNICARD BM S.A.                                             ;U;4010;0089400009;(-) IMPOSTO DE RENDA                              ; 0000000091693925,42
200505;61071387;UNICARD BM S.A.                                             ;U;4010;0089700008;(-) PARTICIPACOES NO LUCRO                        ;-0000000002449070,89
200505;61071387;UNICARD BM S.A.                                             ;U;4010;0090000003;COMPENSACAO                                       ; 0000009429767551,87
200505;61071387;UNICARD BM S.A.                                             ;U;4010;0090300002;TITULOS E VALORES MOBILIARIOS                     ; 0000000772403696,92
200505;61071387;UNICARD BM S.A.                                             ;U;4010;0090500008;COBRANCA                                          ; 0000000872845660,18
200505;61071387;UNICARD BM S.A.                                             ;U;4010;0090600001;NEGOCIACAO E INTERMEDIACAO DE VALORES             ; 0000000364176328,54
200505;61071387;UNICARD BM S.A.                                             ;U;4010;0090900000;CONTROLE                                          ; 0000005722354533,31
200505;61071387;UNICARD BM S.A.                                             ;U;4010;0091000002;CLASSIFICACAO DA CARTEIRA DE CREDITOS             ; 0000001697987332,92
200505;61071387;UNICARD BM S.A.                                             ;U;4010;0091100005;OPERACOES DE CREDITOS E ARRENDAMENTO MERCANTIL    ; 0000001697987332,92
200505;61071387;UNICARD BM S.A.                                             ;U;4010;0099999995;TOTAL GERAL DO PASSIVO                            ; 0000013283786439,49
200505;61088183;BCO WESTLB BRASIL S.A.                                      ;U;4010;0010000007;CIRCULANTE E REALIZAVEL A LONGO PRAZO             ; 0000004300882050,56
200505;61088183;BCO WESTLB BRASIL S.A.                                      ;U;4010;0011000006;DISPONIBILIDADES                                  ; 0000000006815294,82
200505;61088183;BCO WESTLB BRASIL S.A.                                      ;U;4010;0011100009;CAIXA                                             ; 0000000000001691,60
200505;61088183;BCO WESTLB BRASIL S.A.                                      ;U;4010;0011300005;RESERVAS LIVRES                                   ; 0000000000083005,54
200505;61088183;BCO WESTLB BRASIL S.A.                                      ;U;4010;0011500001;DISPONIBILIDADES EM MOEDAS ESTRANGEIRAS           ; 0000000006730597,68
200505;61088183;BCO WESTLB BRASIL S.A.                                      ;U;4010;0012000005;APLICACOES INTERFINANCEIRAS DE LIQUIDEZ           ; 0000000487693283,97
200505;61088183;BCO WESTLB BRASIL S.A.                                      ;U;4010;0012100008;APLICACOES EM OPERACOES COMPROMISSADAS            ; 0000000331698982,29
200505;61088183;BCO WESTLB BRASIL S.A.                                      ;U;4010;0012200001;APLICACOES EM DEPOSITOS INTERFINANCEIROS          ; 0000000100697333,70
200505;61088183;BCO WESTLB BRASIL S.A.                                      ;U;4010;0012600003;APLICA OES EM MOEDAS ESTRANGEIRAS                 ; 0000000055296967,98
200505;61088183;BCO WESTLB BRASIL S.A.                                      ;U;4010;0013000004;TITULOS E VAL. MOB. E INST. FINANC. DERIVATIVOS   ; 0000003091420571,76
200505;61088183;BCO WESTLB BRASIL S.A.                                      ;U;4010;0013100007;LIVRES                                            ; 0000000314992021,04
200505;61088183;BCO WESTLB BRASIL S.A.                                      ;U;4010;0013200000;VINCULADOS A OPERACOES COMPROMISSADAS             ; 0000000052120712,25
200505;61088183;BCO WESTLB BRASIL S.A.                                      ;U;4010;0013300003;INSTRUMENTOS FINANCEIROS DERIVATIVOS              ; 0000002472225718,99
200505;61088183;BCO WESTLB BRASIL S.A.                                      ;U;4010;0013600002;VINCULADOS A PRESTACAO DE GARANTIAS               ; 0000000252082119,48
200505;61088183;BCO WESTLB BRASIL S.A.                                      ;U;4010;0014000003;RELACOES INTERFINANCEIRAS                         ; 0000000034672204,02
200505;61088183;BCO WESTLB BRASIL S.A.                                      ;U;4010;0014100006;DIREITOS JUNTO A PARTIC. DE SISTEMAS DE LIQUIDAÇÃO; 0000000000001566,46
200505;61088183;BCO WESTLB BRASIL S.A.                                      ;U;4010;0014300002;REPASSES INTERFINANCEIROS                         ; 0000000034670580,94
200505;61088183;BCO WESTLB BRASIL S.A.                                      ;U;4010;0014400005;RELACOES COM CORRESPONDENTES                      ; 0000000000000056,62
200505;61088183;BCO WESTLB BRASIL S.A.                                      ;U;4010;0016000001;OPERACOES DE CREDITO                              ; 0000000148515226,16
200505;61088183;BCO WESTLB BRASIL S.A.                                      ;U;4010;0016100004;EMPRESTIMOS E TITULOS DESCONTADOS                 ; 0000000155427120,58
200505;61088183;BCO WESTLB BRASIL S.A.                                      ;U;4010;0016200007;FINANCIAMENTOS                                    ; 0000000012035298,65
200505;61088183;BCO WESTLB BRASIL S.A.                                      ;U;4010;0016900008;(-) PROVISOES PARA OPERACOES DE CREDITO           ;-0000000018947193,07
200505;61088183;BCO WESTLB BRASIL S.A.                                      ;U;4010;0018000009;OUTROS CREDITOS                                   ; 0000000531218275,87
200505;61088183;BCO WESTLB BRASIL S.A.                                      ;U;4010;0018200005;CARTEIRA DE CAMBIO                                ; 0000000423650270,73
200505;61088183;BCO WESTLB BRASIL S.A.                                      ;U;4010;0018300008;RENDAS A RECEBER                                  ; 0000000000245169,06
200505;61088183;BCO WESTLB BRASIL S.A.                                      ;U;4010;0018400001;NEGOCIACAO E INTERMEDIACAO DE VALORES             ; 0000000030981276,68
200505;61088183;BCO WESTLB BRASIL S.A.                                      ;U;4010;0018800003;DIVERSOS                                          ; 0000000076341559,40
200505;61088183;BCO WESTLB BRASIL S.A.                                      ;U;4010;0019000008;OUTROS VALORES E BENS                             ; 0000000000547193,96
200505;61088183;BCO WESTLB BRASIL S.A.                                      ;U;4010;0019800002;OUTROS VALORES E BENS                             ; 0000000000118800,43
200505;61088183;BCO WESTLB BRASIL S.A.                                      ;U;4010;0019900005;DESPESAS ANTECIPADAS                              ; 0000000000428393,53
200505;61088183;BCO WESTLB BRASIL S.A.                                      ;U;4010;0020000004;PERMANENTE                                        ; 0000000011110257,45
200505;61088183;BCO WESTLB BRASIL S.A.                                      ;U;4010;0021000003;INVESTIMENTOS                                     ; 0000000007887193,57
200505;61088183;BCO WESTLB BRASIL S.A.                                      ;U;4010;0021100006;INVESTIMENTOS NO EXTERIOR                         ; 0000000005203389,76
200505;61088183;BCO WESTLB BRASIL S.A.                                      ;U;4010;0021400005;TITULOS PATRIMONIAIS                              ; 0000000000618544,40
200505;61088183;BCO WESTLB BRASIL S.A.                                      ;U;4010;0021500008;ACOES E COTAS                                     ; 0000000000000147,77
200505;61088183;BCO WESTLB BRASIL S.A.                                      ;U;4010;0021900000;OUTROS INVESTIMENTOS                              ; 0000000002065111,64
200505;61088183;BCO WESTLB BRASIL S.A.                                      ;U;4010;0022000002;IMOBILIZADO DE USO                                ; 0000000003193789,85
200505;61088183;BCO WESTLB BRASIL S.A.                                      ;U;4010;0022400004;INSTALACOES, MOVEIS E EQUIPAMENTOS DE USO         ; 0000000001018825,30
200505;61088183;BCO WESTLB BRASIL S.A.                                      ;U;4010;0022900009;OUTROS                                            ; 0000000002174964,55
200505;61088183;BCO WESTLB BRASIL S.A.                                      ;U;4010;0024000000;DIFERIDO                                          ; 0000000000029274,03
200505;61088183;BCO WESTLB BRASIL S.A.                                      ;U;4010;0024100003;GASTOS DE ORGANIZACAO E EXPANSAO                  ; 0000000000029274,03
200505;61088183;BCO WESTLB BRASIL S.A.                                      ;U;4010;0030000001;COMPENSACAO                                       ; 0000019826350066,04
200505;61088183;BCO WESTLB BRASIL S.A.                                      ;U;4010;0030100004;COOBRIGACOES E RISCOS EM GARANTIAS PRESTADAS      ; 0000000046759755,88
200505;61088183;BCO WESTLB BRASIL S.A.                                      ;U;4010;0030300000;TITULOS E VALORES MOBILIARIOS                     ; 0000001238389705,54
200505;61088183;BCO WESTLB BRASIL S.A.                                      ;U;4010;0030400003;CUSTODIA DE VALORES                               ; 0000004405496604,55
200505;61088183;BCO WESTLB BRASIL S.A.                                      ;U;4010;0030500006;COBRANCA                                          ; 0000000021026906,50
200505;61088183;BCO WESTLB BRASIL S.A.                                      ;U;4010;0030600009;NEGOCIACAO E INTERMEDIACAO DE VALORES             ; 0000009843461875,13
200505;61088183;BCO WESTLB BRASIL S.A.                                      ;U;4010;0030800005;CONTRATOS                                         ; 0000000912007677,98
200505;61088183;BCO WESTLB BRASIL S.A.                                      ;U;4010;0030900008;CONTROLE                                          ; 0000003146468864,86
200505;61088183;BCO WESTLB BRASIL S.A.                                      ;U;4010;0031000000;CLASSIFICACAO DA CARTEIRA DE CREDITOS             ; 0000000212738675,60
200505;61088183;BCO WESTLB BRASIL S.A.                                      ;U;4010;0031100003;OPERACOES DE RISCO NIVEL AA                       ; 0000000142884987,11
200505;61088183;BCO WESTLB BRASIL S.A.                                      ;U;4010;0031500005;OPERACOES DE RISCO NIVEL D                        ; 0000000056562772,70
200505;61088183;BCO WESTLB BRASIL S.A.                                      ;U;4010;0031900007;OPERACOES DE RISCO NIVEL H                        ; 0000000013290915,79
200505;61088183;BCO WESTLB BRASIL S.A.                                      ;U;4010;0039999993;TOTAL GERAL DO ATIVO                              ; 0000024138342374,05
200505;61088183;BCO WESTLB BRASIL S.A.                                      ;U;4010;0040000008;CIRCULANTE EXIGIVEL A LONGO PRAZO                 ; 0000004052256142,21
200505;61088183;BCO WESTLB BRASIL S.A.                                      ;U;4010;0041000007;DEPOSITOS                                         ; 0000000142614810,34
200505;61088183;BCO WESTLB BRASIL S.A.                                      ;U;4010;0041100000;DEPOSITOS A VISTA                                 ; 0000000000378586,54
200505;61088183;BCO WESTLB BRASIL S.A.                                      ;U;4010;0041500002;DEPOSITOS A PRAZO                                 ; 0000000142236223,80
200505;61088183;BCO WESTLB BRASIL S.A.                                      ;U;4010;0042000006;OBRIGACOES POR OPERACOES COMPROMISSADAS           ; 0000000252760953,99
200505;61088183;BCO WESTLB BRASIL S.A.                                      ;U;4010;0042100009;CARTEIRA PROPRIA                                  ; 0000000051999903,35
200505;61088183;BCO WESTLB BRASIL S.A.                                      ;U;4010;0042200002;CARTEIRA DE TERCEIROS                             ; 0000000200761050,64
200505;61088183;BCO WESTLB BRASIL S.A.                                      ;U;4010;0043000005;RECURSOS ACEITES CAMB,LI E HIP.,DEBENT.E SIMILARES; 0000000640523290,58
200505;61088183;BCO WESTLB BRASIL S.A.                                      ;U;4010;0043500000;OBRIGACOES P/TITULOS E VALS.MOBILIARIOS EXTERIOR  ; 0000000640523290,58
200505;61088183;BCO WESTLB BRASIL S.A.                                      ;U;4010;0044000004;RELACOES INTERFINANCEIRAS                         ; 0000000000003150,95
200505;61088183;BCO WESTLB BRASIL S.A.                                      ;U;4010;0044100007;OBRIGAÇÕES JUNTO A PARTIC. DE SIST. DE LIQUIDACÃO ; 0000000000003150,95
200505;61088183;BCO WESTLB BRASIL S.A.                                      ;U;4010;0045000003;RELACOES INTERDEPENDENCIAS                        ; 0000000003926123,78
200505;61088183;BCO WESTLB BRASIL S.A.                                      ;U;4010;0045100006;RECURSOS EM TRANSITO DE TERCEIROS                 ; 0000000003926123,78
200505;61088183;BCO WESTLB BRASIL S.A.                                      ;U;4010;0046000002;OBRIGACOES POR EMPRESTIMOS E REPASSES             ; 0000000039360755,95
200505;61088183;BCO WESTLB BRASIL S.A.                                      ;U;4010;0046300001;EMPRESTIMOS NO EXTERIOR                           ; 0000000039360755,95
200505;61088183;BCO WESTLB BRASIL S.A.                                      ;U;4010;0047000001;INSTRUMENTOS FINANCEIROS DERIVATIVOS              ; 0000002390553804,10
200505;61088183;BCO WESTLB BRASIL S.A.                                      ;U;4010;0047100004;INSTRUMENTOS FINANCEIROS DERIVATIVOS              ; 0000002390553804,10
200505;61088183;BCO WESTLB BRASIL S.A.                                      ;U;4010;0049000009;OUTRAS OBRIGACOES                                 ; 0000000582513252,52
200505;61088183;BCO WESTLB BRASIL S.A.                                      ;U;4010;0049100002;COBRANCA E ARRECADACAO DE TRIBUTOS E ASSEMELHADOS ; 0000000000000000,61
200505;61088183;BCO WESTLB BRASIL S.A.                                      ;U;4010;0049200005;CARTEIRA DE CAMBIO                                ; 0000000387701132,50
200505;61088183;BCO WESTLB BRASIL S.A.                                      ;U;4010;0049400001;FISCAIS E PREVIDENCIARIAS                         ; 0000000084567585,90
200505;61088183;BCO WESTLB BRASIL S.A.                                      ;U;4010;0049500004;NEGOCIACAO E INTERMEDIACAO DE VALORES             ; 0000000017741926,62
200505;61088183;BCO WESTLB BRASIL S.A.                                      ;U;4010;0049900006;DIVERSAS                                          ; 0000000092502606,89
200505;61088183;BCO WESTLB BRASIL S.A.                                      ;U;4010;0050000005;RESULTADOS DE EXERCICIOS FUTUROS                  ; 0000000000036090,61
200505;61088183;BCO WESTLB BRASIL S.A.                                      ;U;4010;0051000004;RECEITAS DE EXERCICIOS FUTUROS                    ; 0000000000036090,61
200505;61088183;BCO WESTLB BRASIL S.A.                                      ;U;4010;0051100007;RECEITAS DE EXERCICIOS FUTUROS                    ; 0000000000036090,61
200505;61088183;BCO WESTLB BRASIL S.A.                                      ;U;4010;0060000002;PATRIMONIO LIQUIDO                                ; 0000000314620833,24
200505;61088183;BCO WESTLB BRASIL S.A.                                      ;U;4010;0061000001;PATRIMONIO LIQUIDO                                ; 0000000314620833,24
200505;61088183;BCO WESTLB BRASIL S.A.                                      ;U;4010;0061100004;CAPITAL SOCIAL                                    ; 0000000214891024,93
200505;61088183;BCO WESTLB BRASIL S.A.                                      ;U;4010;0061300000;RESERVAS DE CAPITAL                               ; 0000000002355638,39
200505;61088183;BCO WESTLB BRASIL S.A.                                      ;U;4010;0061500006;RESERVAS DE LUCROS                                ; 0000000005336792,43
200505;61088183;BCO WESTLB BRASIL S.A.                                      ;U;4010;0061800005;LUCROS OU PREJUIZOS ACUMULADOS                    ; 0000000092037377,49
200505;61088183;BCO WESTLB BRASIL S.A.                                      ;U;4010;0070000009;CONTAS DE RESULTADO CREDORAS                      ; 0000001073335437,76
200505;61088183;BCO WESTLB BRASIL S.A.                                      ;U;4010;0071000008;RECEITAS OPERACIONAIS                             ; 0000001073274071,73
200505;61088183;BCO WESTLB BRASIL S.A.                                      ;U;4010;0071100001;RENDAS DE OPERACOES DE CREDITO                    ; 0000000007891332,34
200505;61088183;BCO WESTLB BRASIL S.A.                                      ;U;4010;0071300007;RENDAS DE CAMBIO                                  ; 0000000000343272,39
200505;61088183;BCO WESTLB BRASIL S.A.                                      ;U;4010;0071400000;RENDAS DE APLICACOES INTERFINANCEIRAS DE LIQUIDEZ ; 0000000037758943,42
200505;61088183;BCO WESTLB BRASIL S.A.                                      ;U;4010;0071500003;RENDAS COM TIT. E VAL. MOB. E INST. FINANC. DERIV.; 0000000885941899,43
200505;61088183;BCO WESTLB BRASIL S.A.                                      ;U;4010;0071700009;RENDAS DE PRESTACAO DE SERVICOS                   ; 0000000000992176,10
200505;61088183;BCO WESTLB BRASIL S.A.                                      ;U;4010;0071900005;OUTRAS RECEITAS OPERACIONAIS                      ; 0000000140346448,05
200505;61088183;BCO WESTLB BRASIL S.A.                                      ;U;4010;0073000006;RECEITAS NAO OPERACIONAIS                         ; 0000000000061366,03
200505;61088183;BCO WESTLB BRASIL S.A.                                      ;U;4010;0073100009;LUCROS EM TRANSACOES COM VALORES E BENS           ; 0000000000061366,03
200505;61088183;BCO WESTLB BRASIL S.A.                                      ;U;4010;0080000006;(-) CONTAS DE RESULTADO DEVEDORAS                 ;-0000001128256195,81
200505;61088183;BCO WESTLB BRASIL S.A.                                      ;U;4010;0081000005;(-) DESPESAS OPERACIONAIS                         ;-0000001137124636,39
200505;61088183;BCO WESTLB BRASIL S.A.                                      ;U;4010;0081100008;(-) DESPESAS DE CAPTACAO                          ;-0000000029893022,79
200505;61088183;BCO WESTLB BRASIL S.A.                                      ;U;4010;0081200001;(-) DESP DE OBRIGACOES POR EMPRESTIMOS E REPASSES ;-0000000000186262,58
200505;61088183;BCO WESTLB BRASIL S.A.                                      ;U;4010;0081400007;(-) DESPESAS DE CAMBIO                            ;-0000000000558239,63
200505;61088183;BCO WESTLB BRASIL S.A.                                      ;U;4010;0081500000;(-) DESP. COM TIT. E VAL. MOB. E INST. FIN. DERIV.;-0000000977664813,69
200505;61088183;BCO WESTLB BRASIL S.A.                                      ;U;4010;0081600003;(-) DESPESAS DE PARTICIPACOES                     ;-0000000037365827,99
200505;61088183;BCO WESTLB BRASIL S.A.                                      ;U;4010;0081700006;(-) DESPESAS ADMINISTRATIVAS                      ;-0000000030765717,42
200505;61088183;BCO WESTLB BRASIL S.A.                                      ;U;4010;0081800009;(-) APROVISIONAMENTOS E AJUSTES PATRIMONIAIS      ;-0000000000832335,81
200505;61088183;BCO WESTLB BRASIL S.A.                                      ;U;4010;0081900002;(-) OUTRAS DESPESAS OPERACIONAIS                  ;-0000000059858416,48
200505;61088183;BCO WESTLB BRASIL S.A.                                      ;U;4010;0083000003;(-) DESPESAS NAO OPERACIONAIS                     ;-0000000000022403,68
200505;61088183;BCO WESTLB BRASIL S.A.                                      ;U;4010;0083100006;(-) PREJUIZOS EM TRANSACOES COM VALORES E BENS    ;-0000000000000673,56
200505;61088183;BCO WESTLB BRASIL S.A.                                      ;U;4010;0083900000;(-) OUTRAS DESPESAS NAO OPERACIONAIS              ;-0000000000021730,12
200505;61088183;BCO WESTLB BRASIL S.A.                                      ;U;4010;0089000007;(-) APURACAO DE RESULTADO                         ; 0000000008890844,26
200505;61088183;BCO WESTLB BRASIL S.A.                                      ;U;4010;0089400009;(-) IMPOSTO DE RENDA                              ; 0000000008890844,26
200505;61088183;BCO WESTLB BRASIL S.A.                                      ;U;4010;0090000003;COMPENSACAO                                       ; 0000019826350066,04
200505;61088183;BCO WESTLB BRASIL S.A.                                      ;U;4010;0090100006;COOBRIGACOES E RISCOS EM GARANTIAS PRESTADAS      ; 0000000046759755,88
200505;61088183;BCO WESTLB BRASIL S.A.                                      ;U;4010;0090300002;TITULOS E VALORES MOBILIARIOS                     ; 0000001238389705,54
200505;61088183;BCO WESTLB BRASIL S.A.                                      ;U;4010;0090400005;CUSTODIA DE VALORES                               ; 0000004405496604,55
200505;61088183;BCO WESTLB BRASIL S.A.                                      ;U;4010;0090500008;COBRANCA                                          ; 0000000021026906,50
200505;61088183;BCO WESTLB BRASIL S.A.                                      ;U;4010;0090600001;NEGOCIACAO E INTERMEDIACAO DE VALORES             ; 0000009843461875,13
200505;61088183;BCO WESTLB BRASIL S.A.                                      ;U;4010;0090800007;CONTRATOS                                         ; 0000000912007677,98
200505;61088183;BCO WESTLB BRASIL S.A.                                      ;U;4010;0090900000;CONTROLE                                          ; 0000003146468864,86
200505;61088183;BCO WESTLB BRASIL S.A.                                      ;U;4010;0091000002;CLASSIFICACAO DA CARTEIRA DE CREDITOS             ; 0000000212738675,60
200505;61088183;BCO WESTLB BRASIL S.A.                                      ;U;4010;0091100005;OPERACOES DE CREDITOS E ARRENDAMENTO MERCANTIL    ; 0000000212738675,60
200505;61088183;BCO WESTLB BRASIL S.A.                                      ;U;4010;0099999995;TOTAL GERAL DO PASSIVO                            ; 0000024138342374,05
200505;61146577;BCO BARCLAYS S.A.                                           ;U;4010;0010000007;CIRCULANTE E REALIZAVEL A LONGO PRAZO             ; 0000000686642675,86
200505;61146577;BCO BARCLAYS S.A.                                           ;U;4010;0011000006;DISPONIBILIDADES                                  ; 0000000003627844,32
200505;61146577;BCO BARCLAYS S.A.                                           ;U;4010;0011300005;RESERVAS LIVRES                                   ; 0000000000145173,34
200505;61146577;BCO BARCLAYS S.A.                                           ;U;4010;0011500001;DISPONIBILIDADES EM MOEDAS ESTRANGEIRAS           ; 0000000003482670,98
200505;61146577;BCO BARCLAYS S.A.                                           ;U;4010;0013000004;TITULOS E VAL. MOB. E INST. FINANC. DERIVATIVOS   ; 0000000403932149,68
200505;61146577;BCO BARCLAYS S.A.                                           ;U;4010;0013100007;LIVRES                                            ; 0000000165768189,08
200505;61146577;BCO BARCLAYS S.A.                                           ;U;4010;0013200000;VINCULADOS A OPERACOES COMPROMISSADAS             ; 0000000199411513,46
200505;61146577;BCO BARCLAYS S.A.                                           ;U;4010;0013300003;INSTRUMENTOS FINANCEIROS DERIVATIVOS              ; 0000000029734779,09
200505;61146577;BCO BARCLAYS S.A.                                           ;U;4010;0013600002;VINCULADOS A PRESTACAO DE GARANTIAS               ; 0000000009017668,05
200505;61146577;BCO BARCLAYS S.A.                                           ;U;4010;0014000003;RELACOES INTERFINANCEIRAS                         ; 0000000000001770,37
200505;61146577;BCO BARCLAYS S.A.                                           ;U;4010;0014200009;CREDITOS VINCULADOS                               ; 0000000000001770,37
200505;61146577;BCO BARCLAYS S.A.                                           ;U;4010;0016000001;OPERACOES DE CREDITO                              ; 0000000168887156,57
200505;61146577;BCO BARCLAYS S.A.                                           ;U;4010;0016100004;EMPRESTIMOS E TITULOS DESCONTADOS                 ; 0000000168887156,57
200505;61146577;BCO BARCLAYS S.A.                                           ;U;4010;0018000009;OUTROS CREDITOS                                   ; 0000000110177129,29
200505;61146577;BCO BARCLAYS S.A.                                           ;U;4010;0018100002;AVAIS E FIANCAS HONRADOS                          ; 0000000002966168,39
200505;61146577;BCO BARCLAYS S.A.                                           ;U;4010;0018200005;CARTEIRA DE CAMBIO                                ; 0000000054306725,50
200505;61146577;BCO BARCLAYS S.A.                                           ;U;4010;0018300008;RENDAS A RECEBER                                  ; 0000000000060567,09
200505;61146577;BCO BARCLAYS S.A.                                           ;U;4010;0018400001;NEGOCIACAO E INTERMEDIACAO DE VALORES             ; 0000000000411233,27
200505;61146577;BCO BARCLAYS S.A.                                           ;U;4010;0018800003;DIVERSOS                                          ; 0000000138565262,19
200505;61146577;BCO BARCLAYS S.A.                                           ;U;4010;0018900006;(-) PROVISOES PARA OUTROS CREDITOS                ;-0000000086132827,15
200505;61146577;BCO BARCLAYS S.A.                                           ;U;4010;0019000008;OUTROS VALORES E BENS                             ; 0000000000016625,63
200505;61146577;BCO BARCLAYS S.A.                                           ;U;4010;0019900005;DESPESAS ANTECIPADAS                              ; 0000000000016625,63
200505;61146577;BCO BARCLAYS S.A.                                           ;U;4010;0020000004;PERMANENTE                                        ; 0000000013442263,79
200505;61146577;BCO BARCLAYS S.A.                                           ;U;4010;0021000003;INVESTIMENTOS                                     ; 0000000007557354,49
200505;61146577;BCO BARCLAYS S.A.                                           ;U;4010;0021100006;INVESTIMENTOS NO EXTERIOR                         ; 0000000006720842,38
200505;61146577;BCO BARCLAYS S.A.                                           ;U;4010;0021200009;PARTICIPACOES EM COLIGADAS E CONTROLADAS NO PAIS  ; 0000000000822985,83
200505;61146577;BCO BARCLAYS S.A.                                           ;U;4010;0021400005;TITULOS PATRIMONIAIS                              ; 0000000000004000,00
200505;61146577;BCO BARCLAYS S.A.                                           ;U;4010;0021500008;ACOES E COTAS                                     ; 0000000000000197,43
200505;61146577;BCO BARCLAYS S.A.                                           ;U;4010;0021900000;OUTROS INVESTIMENTOS                              ; 0000000000009328,85
200505;61146577;BCO BARCLAYS S.A.                                           ;U;4010;0022000002;IMOBILIZADO DE USO                                ; 0000000004413242,62
200505;61146577;BCO BARCLAYS S.A.                                           ;U;4010;0022200008;IMOBILIZACOES EM CURSO                            ; 0000000000016322,79
200505;61146577;BCO BARCLAYS S.A.                                           ;U;4010;0022400004;INSTALACOES, MOVEIS E EQUIPAMENTOS DE USO         ; 0000000001608371,11
200505;61146577;BCO BARCLAYS S.A.                                           ;U;4010;0022900009;OUTROS                                            ; 0000000002788548,72
200505;61146577;BCO BARCLAYS S.A.                                           ;U;4010;0024000000;DIFERIDO                                          ; 0000000001471666,68
200505;61146577;BCO BARCLAYS S.A.                                           ;U;4010;0024100003;GASTOS DE ORGANIZACAO E EXPANSAO                  ; 0000000001471666,68
200505;61146577;BCO BARCLAYS S.A.                                           ;U;4010;0030000001;COMPENSACAO                                       ; 0000003824781154,53
200505;61146577;BCO BARCLAYS S.A.                                           ;U;4010;0030100004;COOBRIGACOES E RISCOS EM GARANTIAS PRESTADAS      ; 0000000020252328,70
200505;61146577;BCO BARCLAYS S.A.                                           ;U;4010;0030300000;TITULOS E VALORES MOBILIARIOS                     ; 0000000748394741,18
200505;61146577;BCO BARCLAYS S.A.                                           ;U;4010;0030400003;CUSTODIA DE VALORES                               ; 0000001229931924,91
200505;61146577;BCO BARCLAYS S.A.                                           ;U;4010;0030600009;NEGOCIACAO E INTERMEDIACAO DE VALORES             ; 0000000814533074,40
200505;61146577;BCO BARCLAYS S.A.                                           ;U;4010;0030900008;CONTROLE                                          ; 0000000744743875,02
200505;61146577;BCO BARCLAYS S.A.                                           ;U;4010;0031000000;CLASSIFICACAO DA CARTEIRA DE CREDITOS             ; 0000000266925210,32
200505;61146577;BCO BARCLAYS S.A.                                           ;U;4010;0031100003;OPERACOES DE RISCO NIVEL AA                       ; 0000000172478967,31
200505;61146577;BCO BARCLAYS S.A.                                           ;U;4010;0031200006;OPERACOES DE RISCO NIVEL A                        ; 0000000008317898,63
200505;61146577;BCO BARCLAYS S.A.                                           ;U;4010;0031400002;OPERACOES DE RISCO NIVELC                         ; 0000000000038254,38
200505;61146577;BCO BARCLAYS S.A.                                           ;U;4010;0031900007;OPERACOES DE RISCO NIVEL H                        ; 0000000086090090,00
200505;61146577;BCO BARCLAYS S.A.                                           ;U;4010;0039999993;TOTAL GERAL DO ATIVO                              ; 0000004524866094,18
200505;61146577;BCO BARCLAYS S.A.                                           ;U;4010;0040000008;CIRCULANTE EXIGIVEL A LONGO PRAZO                 ; 0000000501186978,03
200505;61146577;BCO BARCLAYS S.A.                                           ;U;4010;0041000007;DEPOSITOS                                         ; 0000000000011933,18
200505;61146577;BCO BARCLAYS S.A.                                           ;U;4010;0041100000;DEPOSITOS A VISTA                                 ; 0000000000011933,18
200505;61146577;BCO BARCLAYS S.A.                                           ;U;4010;0042000006;OBRIGACOES POR OPERACOES COMPROMISSADAS           ; 0000000199300357,09
200505;61146577;BCO BARCLAYS S.A.                                           ;U;4010;0042100009;CARTEIRA PROPRIA                                  ; 0000000199300357,09
200505;61146577;BCO BARCLAYS S.A.                                           ;U;4010;0043000005;RECURSOS ACEITES CAMB,LI E HIP.,DEBENT.E SIMILARES; 0000000168865445,42
200505;61146577;BCO BARCLAYS S.A.                                           ;U;4010;0043500000;OBRIGACOES P/TITULOS E VALS.MOBILIARIOS EXTERIOR  ; 0000000168865445,42
200505;61146577;BCO BARCLAYS S.A.                                           ;U;4010;0044000004;RELACOES INTERFINANCEIRAS                         ; 0000000000000350,40
200505;61146577;BCO BARCLAYS S.A.                                           ;U;4010;0044100007;OBRIGAÇÕES JUNTO A PARTIC. DE SIST. DE LIQUIDACÃO ; 0000000000000350,40
200505;61146577;BCO BARCLAYS S.A.                                           ;U;4010;0047000001;INSTRUMENTOS FINANCEIROS DERIVATIVOS              ; 0000000001956897,65
200505;61146577;BCO BARCLAYS S.A.                                           ;U;4010;0047100004;INSTRUMENTOS FINANCEIROS DERIVATIVOS              ; 0000000001956897,65
200505;61146577;BCO BARCLAYS S.A.                                           ;U;4010;0049000009;OUTRAS OBRIGACOES                                 ; 0000000131051994,29
200505;61146577;BCO BARCLAYS S.A.                                           ;U;4010;0049200005;CARTEIRA DE CAMBIO                                ; 0000000054553644,23
200505;61146577;BCO BARCLAYS S.A.                                           ;U;4010;0049300008;SOCIAIS E ESTATUTARIAS                            ; 0000000001024284,76
200505;61146577;BCO BARCLAYS S.A.                                           ;U;4010;0049400001;FISCAIS E PREVIDENCIARIAS                         ; 0000000066600204,80
200505;61146577;BCO BARCLAYS S.A.                                           ;U;4010;0049900006;DIVERSAS                                          ; 0000000008873860,50
200505;61146577;BCO BARCLAYS S.A.                                           ;U;4010;0060000002;PATRIMONIO LIQUIDO                                ; 0000000186861869,80
200505;61146577;BCO BARCLAYS S.A.                                           ;U;4010;0061000001;PATRIMONIO LIQUIDO                                ; 0000000186861869,80
200505;61146577;BCO BARCLAYS S.A.                                           ;U;4010;0061100004;CAPITAL SOCIAL                                    ; 0000000488645132,72
200505;61146577;BCO BARCLAYS S.A.                                           ;U;4010;0061800005;LUCROS OU PREJUIZOS ACUMULADOS                    ;-0000000301783262,92
200505;61146577;BCO BARCLAYS S.A.                                           ;U;4010;0070000009;CONTAS DE RESULTADO CREDORAS                      ; 0000000237244192,72
200505;61146577;BCO BARCLAYS S.A.                                           ;U;4010;0071000008;RECEITAS OPERACIONAIS                             ; 0000000225308032,26
200505;61146577;BCO BARCLAYS S.A.                                           ;U;4010;0071100001;RENDAS DE OPERACOES DE CREDITO                    ; 0000000007919868,45
200505;61146577;BCO BARCLAYS S.A.                                           ;U;4010;0071300007;RENDAS DE CAMBIO                                  ; 0000000021693582,94
200505;61146577;BCO BARCLAYS S.A.                                           ;U;4010;0071400000;RENDAS DE APLICACOES INTERFINANCEIRAS DE LIQUIDEZ ; 0000000000005495,17
200505;61146577;BCO BARCLAYS S.A.                                           ;U;4010;0071500003;RENDAS COM TIT. E VAL. MOB. E INST. FINANC. DERIV.; 0000000135890077,71
200505;61146577;BCO BARCLAYS S.A.                                           ;U;4010;0071700009;RENDAS DE PRESTACAO DE SERVICOS                   ; 0000000005291558,48
200505;61146577;BCO BARCLAYS S.A.                                           ;U;4010;0071800002;RENDAS DE PARTICIPACOES                           ; 0000000003149507,62
200505;61146577;BCO BARCLAYS S.A.                                           ;U;4010;0071900005;OUTRAS RECEITAS OPERACIONAIS                      ; 0000000051357941,89
200505;61146577;BCO BARCLAYS S.A.                                           ;U;4010;0073000006;RECEITAS NAO OPERACIONAIS                         ; 0000000011936160,46
200505;61146577;BCO BARCLAYS S.A.                                           ;U;4010;0073100009;LUCROS EM TRANSACOES COM VALORES E BENS           ; 0000000000023362,01
200505;61146577;BCO BARCLAYS S.A.                                           ;U;4010;0073900003;OUTRAS RECEITAS NAO OPERACIONAIS                  ; 0000000011912798,45
200505;61146577;BCO BARCLAYS S.A.                                           ;U;4010;0080000006;(-) CONTAS DE RESULTADO DEVEDORAS                 ;-0000000225208100,90
200505;61146577;BCO BARCLAYS S.A.                                           ;U;4010;0081000005;(-) DESPESAS OPERACIONAIS                         ;-0000000204894343,03
200505;61146577;BCO BARCLAYS S.A.                                           ;U;4010;0081100008;(-) DESPESAS DE CAPTACAO                          ;-0000000024269361,56
200505;61146577;BCO BARCLAYS S.A.                                           ;U;4010;0081400007;(-) DESPESAS DE CAMBIO                            ;-0000000023713314,35
200505;61146577;BCO BARCLAYS S.A.                                           ;U;4010;0081500000;(-) DESP. COM TIT. E VAL. MOB. E INST. FIN. DERIV.;-0000000100422340,83
200505;61146577;BCO BARCLAYS S.A.                                           ;U;4010;0081600003;(-) DESPESAS DE PARTICIPACOES                     ;-0000000000876961,89
200505;61146577;BCO BARCLAYS S.A.                                           ;U;4010;0081700006;(-) DESPESAS ADMINISTRATIVAS                      ;-0000000011909025,18
200505;61146577;BCO BARCLAYS S.A.                                           ;U;4010;0081800009;(-) APROVISIONAMENTOS E AJUSTES PATRIMONIAIS      ;-0000000024262237,33
200505;61146577;BCO BARCLAYS S.A.                                           ;U;4010;0081900002;(-) OUTRAS DESPESAS OPERACIONAIS                  ;-0000000019441101,89
200505;61146577;BCO BARCLAYS S.A.                                           ;U;4010;0083000003;(-) DESPESAS NAO OPERACIONAIS                     ;-0000000012231295,67
200505;61146577;BCO BARCLAYS S.A.                                           ;U;4010;0083100006;(-) PREJUIZOS EM TRANSACOES COM VALORES E BENS    ;-0000000007852016,20
200505;61146577;BCO BARCLAYS S.A.                                           ;U;4010;0083900000;(-) OUTRAS DESPESAS NAO OPERACIONAIS              ;-0000000004379279,47
200505;61146577;BCO BARCLAYS S.A.                                           ;U;4010;0089000007;(-) APURACAO DE RESULTADO                         ;-0000000008082462,20
200505;61146577;BCO BARCLAYS S.A.                                           ;U;4010;0089400009;(-) IMPOSTO DE RENDA                              ;-0000000004474461,72
200505;61146577;BCO BARCLAYS S.A.                                           ;U;4010;0089700008;(-) PARTICIPACOES NO LUCRO                        ;-0000000003608000,48
200505;61146577;BCO BARCLAYS S.A.                                           ;U;4010;0090000003;COMPENSACAO                                       ; 0000003824781154,53
200505;61146577;BCO BARCLAYS S.A.                                           ;U;4010;0090100006;COOBRIGACOES E RISCOS EM GARANTIAS PRESTADAS      ; 0000000020252328,70
200505;61146577;BCO BARCLAYS S.A.                                           ;U;4010;0090300002;TITULOS E VALORES MOBILIARIOS                     ; 0000000748394741,18
200505;61146577;BCO BARCLAYS S.A.                                           ;U;4010;0090400005;CUSTODIA DE VALORES                               ; 0000001229931924,91
200505;61146577;BCO BARCLAYS S.A.                                           ;U;4010;0090600001;NEGOCIACAO E INTERMEDIACAO DE VALORES             ; 0000000814533074,40
200505;61146577;BCO BARCLAYS S.A.                                           ;U;4010;0090900000;CONTROLE                                          ; 0000000744743875,02
200505;61146577;BCO BARCLAYS S.A.                                           ;U;4010;0091000002;CLASSIFICACAO DA CARTEIRA DE CREDITOS             ; 0000000266925210,32
200505;61146577;BCO BARCLAYS S.A.                                           ;U;4010;0091100005;OPERACOES DE CREDITOS E ARRENDAMENTO MERCANTIL    ; 0000000266925210,32
200505;61146577;BCO BARCLAYS S.A.                                           ;U;4010;0099999995;TOTAL GERAL DO PASSIVO                            ; 0000004524866094,18
200505;61182408;BANCO INVESTCRED UNIBANCO S.A.                              ;U;4010;0010000007;CIRCULANTE E REALIZAVEL A LONGO PRAZO             ; 0000001112388889,00
200505;61182408;BANCO INVESTCRED UNIBANCO S.A.                              ;U;4010;0011000006;DISPONIBILIDADES                                  ; 0000000000513980,66
200505;61182408;BANCO INVESTCRED UNIBANCO S.A.                              ;U;4010;0011200002;DEPOSITOS BANCARIOS                               ; 0000000000000537,10
200505;61182408;BANCO INVESTCRED UNIBANCO S.A.                              ;U;4010;0011300005;RESERVAS LIVRES                                   ; 0000000000513443,56
200505;61182408;BANCO INVESTCRED UNIBANCO S.A.                              ;U;4010;0013000004;TITULOS E VAL. MOB. E INST. FINANC. DERIVATIVOS   ; 0000000083899343,49
200505;61182408;BANCO INVESTCRED UNIBANCO S.A.                              ;U;4010;0013100007;LIVRES                                            ; 0000000081765899,64
200505;61182408;BANCO INVESTCRED UNIBANCO S.A.                              ;U;4010;0013300003;INSTRUMENTOS FINANCEIROS DERIVATIVOS              ; 0000000002133443,85
200505;61182408;BANCO INVESTCRED UNIBANCO S.A.                              ;U;4010;0014000003;RELACOES INTERFINANCEIRAS                         ; 0000000036915737,86
200505;61182408;BANCO INVESTCRED UNIBANCO S.A.                              ;U;4010;0014100006;DIREITOS JUNTO A PARTIC. DE SISTEMAS DE LIQUIDAÇÃO; 0000000036304109,30
200505;61182408;BANCO INVESTCRED UNIBANCO S.A.                              ;U;4010;0014200009;CREDITOS VINCULADOS                               ; 0000000000611628,56
200505;61182408;BANCO INVESTCRED UNIBANCO S.A.                              ;U;4010;0016000001;OPERACOES DE CREDITO                              ; 0000000895181607,28
200505;61182408;BANCO INVESTCRED UNIBANCO S.A.                              ;U;4010;0016100004;EMPRESTIMOS E TITULOS DESCONTADOS                 ; 0000000239726584,65
200505;61182408;BANCO INVESTCRED UNIBANCO S.A.                              ;U;4010;0016200007;FINANCIAMENTOS                                    ; 0000000792328630,55
200505;61182408;BANCO INVESTCRED UNIBANCO S.A.                              ;U;4010;0016900008;(-) PROVISOES PARA OPERACOES DE CREDITO           ;-0000000136873607,92
200505;61182408;BANCO INVESTCRED UNIBANCO S.A.                              ;U;4010;0018000009;OUTROS CREDITOS                                   ; 0000000095830183,11
200505;61182408;BANCO INVESTCRED UNIBANCO S.A.                              ;U;4010;0018300008;RENDAS A RECEBER                                  ; 0000000000320000,00
200505;61182408;BANCO INVESTCRED UNIBANCO S.A.                              ;U;4010;0018800003;DIVERSOS                                          ; 0000000098146992,93
200505;61182408;BANCO INVESTCRED UNIBANCO S.A.                              ;U;4010;0018900006;(-) PROVISOES PARA OUTROS CREDITOS                ;-0000000002636809,82
200505;61182408;BANCO INVESTCRED UNIBANCO S.A.                              ;U;4010;0019000008;OUTROS VALORES E BENS                             ; 0000000000048036,60
200505;61182408;BANCO INVESTCRED UNIBANCO S.A.                              ;U;4010;0019900005;DESPESAS ANTECIPADAS                              ; 0000000000048036,60
200505;61182408;BANCO INVESTCRED UNIBANCO S.A.                              ;U;4010;0020000004;PERMANENTE                                        ; 0000000015266885,37
200505;61182408;BANCO INVESTCRED UNIBANCO S.A.                              ;U;4010;0021000003;INVESTIMENTOS                                     ; 0000000014628913,40
200505;61182408;BANCO INVESTCRED UNIBANCO S.A.                              ;U;4010;0021200009;PARTICIPACOES EM COLIGADAS E CONTROLADAS NO PAIS  ; 0000000013837534,62
200505;61182408;BANCO INVESTCRED UNIBANCO S.A.                              ;U;4010;0021300002;INVESTIMENTOS POR INCENTIVOS FISCAIS              ; 0000000000779076,88
200505;61182408;BANCO INVESTCRED UNIBANCO S.A.                              ;U;4010;0021500008;ACOES E COTAS                                     ; 0000000000012301,90
200505;61182408;BANCO INVESTCRED UNIBANCO S.A.                              ;U;4010;0022000002;IMOBILIZADO DE USO                                ; 0000000000556869,50
200505;61182408;BANCO INVESTCRED UNIBANCO S.A.                              ;U;4010;0022400004;INSTALACOES, MOVEIS E EQUIPAMENTOS DE USO         ; 0000000000033476,21
200505;61182408;BANCO INVESTCRED UNIBANCO S.A.                              ;U;4010;0022900009;OUTROS                                            ; 0000000000523393,29
200505;61182408;BANCO INVESTCRED UNIBANCO S.A.                              ;U;4010;0024000000;DIFERIDO                                          ; 0000000000081102,47
200505;61182408;BANCO INVESTCRED UNIBANCO S.A.                              ;U;4010;0024100003;GASTOS DE ORGANIZACAO E EXPANSAO                  ; 0000000000081102,47
200505;61182408;BANCO INVESTCRED UNIBANCO S.A.                              ;U;4010;0030000001;COMPENSACAO                                       ; 0000003271904153,50
200505;61182408;BANCO INVESTCRED UNIBANCO S.A.                              ;U;4010;0030300000;TITULOS E VALORES MOBILIARIOS                     ; 0000000163531799,28
200505;61182408;BANCO INVESTCRED UNIBANCO S.A.                              ;U;4010;0030600009;NEGOCIACAO E INTERMEDIACAO DE VALORES             ; 0000001643187712,75
200505;61182408;BANCO INVESTCRED UNIBANCO S.A.                              ;U;4010;0030900008;CONTROLE                                          ; 0000000433129426,27
200505;61182408;BANCO INVESTCRED UNIBANCO S.A.                              ;U;4010;0031000000;CLASSIFICACAO DA CARTEIRA DE CREDITOS             ; 0000001032055215,20
200505;61182408;BANCO INVESTCRED UNIBANCO S.A.                              ;U;4010;0031200006;OPERACOES DE RISCO NIVEL A                        ; 0000000788357196,74
200505;61182408;BANCO INVESTCRED UNIBANCO S.A.                              ;U;4010;0031300009;OPERACOES DE RISCO NIVELB                         ; 0000000072125609,53
200505;61182408;BANCO INVESTCRED UNIBANCO S.A.                              ;U;4010;0031400002;OPERACOES DE RISCO NIVELC                         ; 0000000030728483,98
200505;61182408;BANCO INVESTCRED UNIBANCO S.A.                              ;U;4010;0031500005;OPERACOES DE RISCO NIVEL D                        ; 0000000020225610,13
200505;61182408;BANCO INVESTCRED UNIBANCO S.A.                              ;U;4010;0031600008;OPERACOES DE RISCO NIVEL E                        ; 0000000020858431,46
200505;61182408;BANCO INVESTCRED UNIBANCO S.A.                              ;U;4010;0031700001;OPERACOES DE RISCO NIVEL F                        ; 0000000019488742,70
200505;61182408;BANCO INVESTCRED UNIBANCO S.A.                              ;U;4010;0031800004;OPERACOES DE RISCO NIVEL G                        ; 0000000012915094,49
200505;61182408;BANCO INVESTCRED UNIBANCO S.A.                              ;U;4010;0031900007;OPERACOES DE RISCO NIVEL H                        ; 0000000067356046,17
200505;61182408;BANCO INVESTCRED UNIBANCO S.A.                              ;U;4010;0039999993;TOTAL GERAL DO ATIVO                              ; 0000004399559927,87
200505;61182408;BANCO INVESTCRED UNIBANCO S.A.                              ;U;4010;0040000008;CIRCULANTE EXIGIVEL A LONGO PRAZO                 ; 0000000927220449,06
200505;61182408;BANCO INVESTCRED UNIBANCO S.A.                              ;U;4010;0041000007;DEPOSITOS                                         ; 0000000817687805,66
200505;61182408;BANCO INVESTCRED UNIBANCO S.A.                              ;U;4010;0041100000;DEPOSITOS A VISTA                                 ; 0000000000108752,42
200505;61182408;BANCO INVESTCRED UNIBANCO S.A.                              ;U;4010;0041300006;DEPOSITOS INTERFINANCEIROS                        ; 0000000611517295,12
200505;61182408;BANCO INVESTCRED UNIBANCO S.A.                              ;U;4010;0041500002;DEPOSITOS A PRAZO                                 ; 0000000206061758,12
200505;61182408;BANCO INVESTCRED UNIBANCO S.A.                              ;U;4010;0044000004;RELACOES INTERFINANCEIRAS                         ; 0000000036662313,78
200505;61182408;BANCO INVESTCRED UNIBANCO S.A.                              ;U;4010;0044100007;OBRIGAÇÕES JUNTO A PARTIC. DE SIST. DE LIQUIDACÃO ; 0000000036662313,78
200505;61182408;BANCO INVESTCRED UNIBANCO S.A.                              ;U;4010;0047000001;INSTRUMENTOS FINANCEIROS DERIVATIVOS              ; 0000000000478007,80
200505;61182408;BANCO INVESTCRED UNIBANCO S.A.                              ;U;4010;0047100004;INSTRUMENTOS FINANCEIROS DERIVATIVOS              ; 0000000000478007,80
200505;61182408;BANCO INVESTCRED UNIBANCO S.A.                              ;U;4010;0049000009;OUTRAS OBRIGACOES                                 ; 0000000072392321,82
200505;61182408;BANCO INVESTCRED UNIBANCO S.A.                              ;U;4010;0049100002;COBRANCA E ARRECADACAO DE TRIBUTOS E ASSEMELHADOS ; 0000000000307982,08
200505;61182408;BANCO INVESTCRED UNIBANCO S.A.                              ;U;4010;0049400001;FISCAIS E PREVIDENCIARIAS                         ; 0000000041141940,25
200505;61182408;BANCO INVESTCRED UNIBANCO S.A.                              ;U;4010;0049900006;DIVERSAS                                          ; 0000000030942399,49
200505;61182408;BANCO INVESTCRED UNIBANCO S.A.                              ;U;4010;0060000002;PATRIMONIO LIQUIDO                                ; 0000000175876560,17
200505;61182408;BANCO INVESTCRED UNIBANCO S.A.                              ;U;4010;0061000001;PATRIMONIO LIQUIDO                                ; 0000000175876560,17
200505;61182408;BANCO INVESTCRED UNIBANCO S.A.                              ;U;4010;0061100004;CAPITAL SOCIAL                                    ; 0000000066018779,25
200505;61182408;BANCO INVESTCRED UNIBANCO S.A.                              ;U;4010;0061300000;RESERVAS DE CAPITAL                               ; 0000000031696382,24
200505;61182408;BANCO INVESTCRED UNIBANCO S.A.                              ;U;4010;0061500006;RESERVAS DE LUCROS                                ; 0000000057242598,55
200505;61182408;BANCO INVESTCRED UNIBANCO S.A.                              ;U;4010;0061600009;AJUSTES DE AVALIACAO PATRIMONIAL                  ; 0000000001216569,95
200505;61182408;BANCO INVESTCRED UNIBANCO S.A.                              ;U;4010;0061800005;LUCROS OU PREJUIZOS ACUMULADOS                    ; 0000000019702230,18
200505;61182408;BANCO INVESTCRED UNIBANCO S.A.                              ;U;4010;0070000009;CONTAS DE RESULTADO CREDORAS                      ; 0000000250130229,68
200505;61182408;BANCO INVESTCRED UNIBANCO S.A.                              ;U;4010;0071000008;RECEITAS OPERACIONAIS                             ; 0000000250130229,68
200505;61182408;BANCO INVESTCRED UNIBANCO S.A.                              ;U;4010;0071100001;RENDAS DE OPERACOES DE CREDITO                    ; 0000000212471477,32
200505;61182408;BANCO INVESTCRED UNIBANCO S.A.                              ;U;4010;0071400000;RENDAS DE APLICACOES INTERFINANCEIRAS DE LIQUIDEZ ; 0000000000030943,29
200505;61182408;BANCO INVESTCRED UNIBANCO S.A.                              ;U;4010;0071500003;RENDAS COM TIT. E VAL. MOB. E INST. FINANC. DERIV.; 0000000007802513,08
200505;61182408;BANCO INVESTCRED UNIBANCO S.A.                              ;U;4010;0071700009;RENDAS DE PRESTACAO DE SERVICOS                   ; 0000000003493404,34
200505;61182408;BANCO INVESTCRED UNIBANCO S.A.                              ;U;4010;0071800002;RENDAS DE PARTICIPACOES                           ; 0000000000638767,96
200505;61182408;BANCO INVESTCRED UNIBANCO S.A.                              ;U;4010;0071900005;OUTRAS RECEITAS OPERACIONAIS                      ; 0000000025693123,69
200505;61182408;BANCO INVESTCRED UNIBANCO S.A.                              ;U;4010;0080000006;(-) CONTAS DE RESULTADO DEVEDORAS                 ;-0000000225571464,54
200505;61182408;BANCO INVESTCRED UNIBANCO S.A.                              ;U;4010;0081000005;(-) DESPESAS OPERACIONAIS                         ;-0000000215929631,37
200505;61182408;BANCO INVESTCRED UNIBANCO S.A.                              ;U;4010;0081100008;(-) DESPESAS DE CAPTACAO                          ;-0000000057680039,40
200505;61182408;BANCO INVESTCRED UNIBANCO S.A.                              ;U;4010;0081500000;(-) DESP. COM TIT. E VAL. MOB. E INST. FIN. DERIV.;-0000000001404859,47
200505;61182408;BANCO INVESTCRED UNIBANCO S.A.                              ;U;4010;0081700006;(-) DESPESAS ADMINISTRATIVAS                      ;-0000000070246067,43
200505;61182408;BANCO INVESTCRED UNIBANCO S.A.                              ;U;4010;0081800009;(-) APROVISIONAMENTOS E AJUSTES PATRIMONIAIS      ;-0000000074046518,37
200505;61182408;BANCO INVESTCRED UNIBANCO S.A.                              ;U;4010;0081900002;(-) OUTRAS DESPESAS OPERACIONAIS                  ;-0000000012552146,70
200505;61182408;BANCO INVESTCRED UNIBANCO S.A.                              ;U;4010;0089000007;(-) APURACAO DE RESULTADO                         ;-0000000009641833,17
200505;61182408;BANCO INVESTCRED UNIBANCO S.A.                              ;U;4010;0089400009;(-) IMPOSTO DE RENDA                              ;-0000000009641833,17
200505;61182408;BANCO INVESTCRED UNIBANCO S.A.                              ;U;4010;0090000003;COMPENSACAO                                       ; 0000003271904153,50
200505;61182408;BANCO INVESTCRED UNIBANCO S.A.                              ;U;4010;0090300002;TITULOS E VALORES MOBILIARIOS                     ; 0000000163531799,28
200505;61182408;BANCO INVESTCRED UNIBANCO S.A.                              ;U;4010;0090600001;NEGOCIACAO E INTERMEDIACAO DE VALORES             ; 0000001643187712,75
200505;61182408;BANCO INVESTCRED UNIBANCO S.A.                              ;U;4010;0090900000;CONTROLE                                          ; 0000000433129426,27
200505;61182408;BANCO INVESTCRED UNIBANCO S.A.                              ;U;4010;0091000002;CLASSIFICACAO DA CARTEIRA DE CREDITOS             ; 0000001032055215,20
200505;61182408;BANCO INVESTCRED UNIBANCO S.A.                              ;U;4010;0091100005;OPERACOES DE CREDITOS E ARRENDAMENTO MERCANTIL    ; 0000001032055215,20
200505;61182408;BANCO INVESTCRED UNIBANCO S.A.                              ;U;4010;0099999995;TOTAL GERAL DO PASSIVO                            ; 0000004399559927,87
200505;61186680;BCO BMG S.A.                                                ;U;4010;0010000007;CIRCULANTE E REALIZAVEL A LONGO PRAZO             ; 0000003272726020,05
200505;61186680;BCO BMG S.A.                                                ;U;4010;0011000006;DISPONIBILIDADES                                  ; 0000000002794368,92
200505;61186680;BCO BMG S.A.                                                ;U;4010;0011100009;CAIXA                                             ; 0000000001039748,65
200505;61186680;BCO BMG S.A.                                                ;U;4010;0011500001;DISPONIBILIDADES EM MOEDAS ESTRANGEIRAS           ; 0000000001754620,27
200505;61186680;BCO BMG S.A.                                                ;U;4010;0012000005;APLICACOES INTERFINANCEIRAS DE LIQUIDEZ           ; 0000000563421049,98
200505;61186680;BCO BMG S.A.                                                ;U;4010;0012100008;APLICACOES EM OPERACOES COMPROMISSADAS            ; 0000000560544623,28
200505;61186680;BCO BMG S.A.                                                ;U;4010;0012200001;APLICACOES EM DEPOSITOS INTERFINANCEIROS          ; 0000000002635205,56
200505;61186680;BCO BMG S.A.                                                ;U;4010;0012600003;APLICA OES EM MOEDAS ESTRANGEIRAS                 ; 0000000000241221,14
200505;61186680;BCO BMG S.A.                                                ;U;4010;0013000004;TITULOS E VAL. MOB. E INST. FINANC. DERIVATIVOS   ; 0000000325057205,06
200505;61186680;BCO BMG S.A.                                                ;U;4010;0013100007;LIVRES                                            ; 0000000286681543,83
200505;61186680;BCO BMG S.A.                                                ;U;4010;0013300003;INSTRUMENTOS FINANCEIROS DERIVATIVOS              ; 0000000006939028,96
200505;61186680;BCO BMG S.A.                                                ;U;4010;0013600002;VINCULADOS A PRESTACAO DE GARANTIAS               ; 0000000031436632,27
200505;61186680;BCO BMG S.A.                                                ;U;4010;0014000003;RELACOES INTERFINANCEIRAS                         ; 0000000003490606,57
200505;61186680;BCO BMG S.A.                                                ;U;4010;0014100006;DIREITOS JUNTO A PARTIC. DE SISTEMAS DE LIQUIDAÇÃO; 0000000000894925,94
200505;61186680;BCO BMG S.A.                                                ;U;4010;0014200009;CREDITOS VINCULADOS                               ; 0000000001847021,23
200505;61186680;BCO BMG S.A.                                                ;U;4010;0014400005;RELACOES COM CORRESPONDENTES                      ; 0000000000748659,40
200505;61186680;BCO BMG S.A.                                                ;U;4010;0016000001;OPERACOES DE CREDITO                              ; 0000002141611508,89
200505;61186680;BCO BMG S.A.                                                ;U;4010;0016100004;EMPRESTIMOS E TITULOS DESCONTADOS                 ; 0000002058438020,71
200505;61186680;BCO BMG S.A.                                                ;U;4010;0016200007;FINANCIAMENTOS                                    ; 0000000188170438,27
200505;61186680;BCO BMG S.A.                                                ;U;4010;0016900008;(-) PROVISOES PARA OPERACOES DE CREDITO           ;-0000000104996950,09
200505;61186680;BCO BMG S.A.                                                ;U;4010;0018000009;OUTROS CREDITOS                                   ; 0000000163124929,25
200505;61186680;BCO BMG S.A.                                                ;U;4010;0018800003;DIVERSOS                                          ; 0000000163125683,06
200505;61186680;BCO BMG S.A.                                                ;U;4010;0018900006;(-) PROVISOES PARA OUTROS CREDITOS                ;-0000000000000753,81
200505;61186680;BCO BMG S.A.                                                ;U;4010;0019000008;OUTROS VALORES E BENS                             ; 0000000073226351,38
200505;61186680;BCO BMG S.A.                                                ;U;4010;0019800002;OUTROS VALORES E BENS                             ; 0000000011183178,86
200505;61186680;BCO BMG S.A.                                                ;U;4010;0019900005;DESPESAS ANTECIPADAS                              ; 0000000062043172,52
200505;61186680;BCO BMG S.A.                                                ;U;4010;0020000004;PERMANENTE                                        ; 0000000135294526,19
200505;61186680;BCO BMG S.A.                                                ;U;4010;0021000003;INVESTIMENTOS                                     ; 0000000108650472,12
200505;61186680;BCO BMG S.A.                                                ;U;4010;0021100006;INVESTIMENTOS NO EXTERIOR                         ; 0000000011978151,17
200505;61186680;BCO BMG S.A.                                                ;U;4010;0021200009;PARTICIPACOES EM COLIGADAS E CONTROLADAS NO PAIS  ; 0000000096032197,11
200505;61186680;BCO BMG S.A.                                                ;U;4010;0021300002;INVESTIMENTOS POR INCENTIVOS FISCAIS              ; 0000000000280000,00
200505;61186680;BCO BMG S.A.                                                ;U;4010;0021400005;TITULOS PATRIMONIAIS                              ; 0000000000168177,43
200505;61186680;BCO BMG S.A.                                                ;U;4010;0021500008;ACOES E COTAS                                     ; 0000000000191946,41
200505;61186680;BCO BMG S.A.                                                ;U;4010;0022000002;IMOBILIZADO DE USO                                ; 0000000019972105,57
200505;61186680;BCO BMG S.A.                                                ;U;4010;0022300001;IMOVEIS DE USO                                    ; 0000000009000582,12
200505;61186680;BCO BMG S.A.                                                ;U;4010;0022400004;INSTALACOES, MOVEIS E EQUIPAMENTOS DE USO         ; 0000000003181506,31
200505;61186680;BCO BMG S.A.                                                ;U;4010;0022900009;OUTROS                                            ; 0000000007790017,14
200505;61186680;BCO BMG S.A.                                                ;U;4010;0024000000;DIFERIDO                                          ; 0000000006671948,50
200505;61186680;BCO BMG S.A.                                                ;U;4010;0024100003;GASTOS DE ORGANIZACAO E EXPANSAO                  ; 0000000006671948,50
200505;61186680;BCO BMG S.A.                                                ;U;4010;0030000001;COMPENSACAO                                       ; 0000030318522433,87
200505;61186680;BCO BMG S.A.                                                ;U;4010;0030100004;COOBRIGACOES E RISCOS EM GARANTIAS PRESTADAS      ; 0000003019353193,54
200505;61186680;BCO BMG S.A.                                                ;U;4010;0030300000;TITULOS E VALORES MOBILIARIOS                     ; 0000001015907149,90
200505;61186680;BCO BMG S.A.                                                ;U;4010;0030400003;CUSTODIA DE VALORES                               ; 0000001708064849,30
200505;61186680;BCO BMG S.A.                                                ;U;4010;0030500006;COBRANCA                                          ; 0000005096919702,12
200505;61186680;BCO BMG S.A.                                                ;U;4010;0030600009;NEGOCIACAO E INTERMEDIACAO DE VALORES             ; 0000002071376799,59
200505;61186680;BCO BMG S.A.                                                ;U;4010;0030900008;CONTROLE                                          ; 0000015160141517,50
200505;61186680;BCO BMG S.A.                                                ;U;4010;0031000000;CLASSIFICACAO DA CARTEIRA DE CREDITOS             ; 0000002246759221,92
200505;61186680;BCO BMG S.A.                                                ;U;4010;0031200006;OPERACOES DE RISCO NIVEL A                        ; 0000001897917066,95
200505;61186680;BCO BMG S.A.                                                ;U;4010;0031300009;OPERACOES DE RISCO NIVELB                         ; 0000000139721732,84
200505;61186680;BCO BMG S.A.                                                ;U;4010;0031400002;OPERACOES DE RISCO NIVELC                         ; 0000000062109172,72
200505;61186680;BCO BMG S.A.                                                ;U;4010;0031500005;OPERACOES DE RISCO NIVEL D                        ; 0000000045073646,29
200505;61186680;BCO BMG S.A.                                                ;U;4010;0031600008;OPERACOES DE RISCO NIVEL E                        ; 0000000048782822,20
200505;61186680;BCO BMG S.A.                                                ;U;4010;0031700001;OPERACOES DE RISCO NIVEL F                        ; 0000000009522693,21
200505;61186680;BCO BMG S.A.                                                ;U;4010;0031800004;OPERACOES DE RISCO NIVEL G                        ; 0000000006761943,02
200505;61186680;BCO BMG S.A.                                                ;U;4010;0031900007;OPERACOES DE RISCO NIVEL H                        ; 0000000036870144,69
200505;61186680;BCO BMG S.A.                                                ;U;4010;0039999993;TOTAL GERAL DO ATIVO                              ; 0000033726542980,11
200505;61186680;BCO BMG S.A.                                                ;U;4010;0040000008;CIRCULANTE EXIGIVEL A LONGO PRAZO                 ; 0000002593558360,30
200505;61186680;BCO BMG S.A.                                                ;U;4010;0041000007;DEPOSITOS                                         ; 0000001399950623,26
200505;61186680;BCO BMG S.A.                                                ;U;4010;0041100000;DEPOSITOS A VISTA                                 ; 0000000008655514,51
200505;61186680;BCO BMG S.A.                                                ;U;4010;0041300006;DEPOSITOS INTERFINANCEIROS                        ; 0000000154586256,60
200505;61186680;BCO BMG S.A.                                                ;U;4010;0041500002;DEPOSITOS A PRAZO                                 ; 0000001236708852,15
200505;61186680;BCO BMG S.A.                                                ;U;4010;0042000006;OBRIGACOES POR OPERACOES COMPROMISSADAS           ; 0000000199893173,58
200505;61186680;BCO BMG S.A.                                                ;U;4010;0042200002;CARTEIRA DE TERCEIROS                             ; 0000000199893173,58
200505;61186680;BCO BMG S.A.                                                ;U;4010;0043000005;RECURSOS ACEITES CAMB,LI E HIP.,DEBENT.E SIMILARES; 0000000389830593,12
200505;61186680;BCO BMG S.A.                                                ;U;4010;0043500000;OBRIGACOES P/TITULOS E VALS.MOBILIARIOS EXTERIOR  ; 0000000389830593,12
200505;61186680;BCO BMG S.A.                                                ;U;4010;0044000004;RELACOES INTERFINANCEIRAS                         ; 0000000000371604,63
200505;61186680;BCO BMG S.A.                                                ;U;4010;0044100007;OBRIGAÇÕES JUNTO A PARTIC. DE SIST. DE LIQUIDACÃO ; 0000000000371604,63
200505;61186680;BCO BMG S.A.                                                ;U;4010;0046000002;OBRIGACOES POR EMPRESTIMOS E REPASSES             ; 0000000135282645,44
200505;61186680;BCO BMG S.A.                                                ;U;4010;0046200008;EMPRESTIMOS NO PAIS - OUTRAS INSTITUICOES         ; 0000000055266555,41
200505;61186680;BCO BMG S.A.                                                ;U;4010;0046400004;REPASSES DO PAIS - INSTITUICOES OFICIAIS          ; 0000000080016090,03
200505;61186680;BCO BMG S.A.                                                ;U;4010;0047000001;INSTRUMENTOS FINANCEIROS DERIVATIVOS              ; 0000000043391780,64
200505;61186680;BCO BMG S.A.                                                ;U;4010;0047100004;INSTRUMENTOS FINANCEIROS DERIVATIVOS              ; 0000000043391780,64
200505;61186680;BCO BMG S.A.                                                ;U;4010;0049000009;OUTRAS OBRIGACOES                                 ; 0000000424837939,63
200505;61186680;BCO BMG S.A.                                                ;U;4010;0049100002;COBRANCA E ARRECADACAO DE TRIBUTOS E ASSEMELHADOS ; 0000000002172218,01
200505;61186680;BCO BMG S.A.                                                ;U;4010;0049300008;SOCIAIS E ESTATUTARIAS                            ; 0000000009768278,07
200505;61186680;BCO BMG S.A.                                                ;U;4010;0049400001;FISCAIS E PREVIDENCIARIAS                         ; 0000000178967551,27
200505;61186680;BCO BMG S.A.                                                ;U;4010;0049500004;NEGOCIACAO E INTERMEDIACAO DE VALORES             ; 0000000000165283,84
200505;61186680;BCO BMG S.A.                                                ;U;4010;0049900006;DIVERSAS                                          ; 0000000233764608,44
200505;61186680;BCO BMG S.A.                                                ;U;4010;0060000002;PATRIMONIO LIQUIDO                                ; 0000000536641932,50
200505;61186680;BCO BMG S.A.                                                ;U;4010;0061000001;PATRIMONIO LIQUIDO                                ; 0000000536641932,50
200505;61186680;BCO BMG S.A.                                                ;U;4010;0061100004;CAPITAL SOCIAL                                    ; 0000000380000000,00
200505;61186680;BCO BMG S.A.                                                ;U;4010;0061300000;RESERVAS DE CAPITAL                               ; 0000000007718202,89
200505;61186680;BCO BMG S.A.                                                ;U;4010;0061500006;RESERVAS DE LUCROS                                ; 0000000148923729,61
200505;61186680;BCO BMG S.A.                                                ;U;4010;0070000009;CONTAS DE RESULTADO CREDORAS                      ; 0000000916661481,15
200505;61186680;BCO BMG S.A.                                                ;U;4010;0071000008;RECEITAS OPERACIONAIS                             ; 0000000916373807,08
200505;61186680;BCO BMG S.A.                                                ;U;4010;0071100001;RENDAS DE OPERACOES DE CREDITO                    ; 0000000707378096,90
200505;61186680;BCO BMG S.A.                                                ;U;4010;0071300007;RENDAS DE CAMBIO                                  ; 0000000059313319,13
200505;61186680;BCO BMG S.A.                                                ;U;4010;0071400000;RENDAS DE APLICACOES INTERFINANCEIRAS DE LIQUIDEZ ; 0000000032865832,26
200505;61186680;BCO BMG S.A.                                                ;U;4010;0071500003;RENDAS COM TIT. E VAL. MOB. E INST. FINANC. DERIV.; 0000000028294569,91
200505;61186680;BCO BMG S.A.                                                ;U;4010;0071700009;RENDAS DE PRESTACAO DE SERVICOS                   ; 0000000068390529,88
200505;61186680;BCO BMG S.A.                                                ;U;4010;0071800002;RENDAS DE PARTICIPACOES                           ; 0000000003664296,60
200505;61186680;BCO BMG S.A.                                                ;U;4010;0071900005;OUTRAS RECEITAS OPERACIONAIS                      ; 0000000016467162,40
200505;61186680;BCO BMG S.A.                                                ;U;4010;0073000006;RECEITAS NAO OPERACIONAIS                         ; 0000000000287674,07
200505;61186680;BCO BMG S.A.                                                ;U;4010;0073100009;LUCROS EM TRANSACOES COM VALORES E BENS           ; 0000000000287224,20
200505;61186680;BCO BMG S.A.                                                ;U;4010;0073900003;OUTRAS RECEITAS NAO OPERACIONAIS                  ; 0000000000000449,87
200505;61186680;BCO BMG S.A.                                                ;U;4010;0080000006;(-) CONTAS DE RESULTADO DEVEDORAS                 ;-0000000638841227,71
200505;61186680;BCO BMG S.A.                                                ;U;4010;0081000005;(-) DESPESAS OPERACIONAIS                         ;-0000000483484648,04
200505;61186680;BCO BMG S.A.                                                ;U;4010;0081100008;(-) DESPESAS DE CAPTACAO                          ;-0000000127633192,25
200505;61186680;BCO BMG S.A.                                                ;U;4010;0081200001;(-) DESP DE OBRIGACOES POR EMPRESTIMOS E REPASSES ;-0000000003678565,03
200505;61186680;BCO BMG S.A.                                                ;U;4010;0081400007;(-) DESPESAS DE CAMBIO                            ;-0000000000418770,31
200505;61186680;BCO BMG S.A.                                                ;U;4010;0081500000;(-) DESP. COM TIT. E VAL. MOB. E INST. FIN. DERIV.;-0000000058423903,51
200505;61186680;BCO BMG S.A.                                                ;U;4010;0081600003;(-) DESPESAS DE PARTICIPACOES                     ;-0000000001156744,98
200505;61186680;BCO BMG S.A.                                                ;U;4010;0081700006;(-) DESPESAS ADMINISTRATIVAS                      ;-0000000169848828,22
200505;61186680;BCO BMG S.A.                                                ;U;4010;0081800009;(-) APROVISIONAMENTOS E AJUSTES PATRIMONIAIS      ;-0000000061834518,79
200505;61186680;BCO BMG S.A.                                                ;U;4010;0081900002;(-) OUTRAS DESPESAS OPERACIONAIS                  ;-0000000060490124,95
200505;61186680;BCO BMG S.A.                                                ;U;4010;0083000003;(-) DESPESAS NAO OPERACIONAIS                     ;-0000000000001551,49
200505;61186680;BCO BMG S.A.                                                ;U;4010;0083100006;(-) PREJUIZOS EM TRANSACOES COM VALORES E BENS    ;-0000000000001499,57
200505;61186680;BCO BMG S.A.                                                ;U;4010;0083900000;(-) OUTRAS DESPESAS NAO OPERACIONAIS              ;-0000000000000051,92
200505;61186680;BCO BMG S.A.                                                ;U;4010;0089000007;(-) APURACAO DE RESULTADO                         ;-0000000155355028,18
200505;61186680;BCO BMG S.A.                                                ;U;4010;0089400009;(-) IMPOSTO DE RENDA                              ;-0000000143355028,18
200505;61186680;BCO BMG S.A.                                                ;U;4010;0089700008;(-) PARTICIPACOES NO LUCRO                        ;-0000000012000000,00
200505;61186680;BCO BMG S.A.                                                ;U;4010;0090000003;COMPENSACAO                                       ; 0000030318522433,87
200505;61186680;BCO BMG S.A.                                                ;U;4010;0090100006;COOBRIGACOES E RISCOS EM GARANTIAS PRESTADAS      ; 0000003019353193,54
200505;61186680;BCO BMG S.A.                                                ;U;4010;0090300002;TITULOS E VALORES MOBILIARIOS                     ; 0000001015907149,90
200505;61186680;BCO BMG S.A.                                                ;U;4010;0090400005;CUSTODIA DE VALORES                               ; 0000001708064849,30
200505;61186680;BCO BMG S.A.                                                ;U;4010;0090500008;COBRANCA                                          ; 0000005096919702,12
200505;61186680;BCO BMG S.A.                                                ;U;4010;0090600001;NEGOCIACAO E INTERMEDIACAO DE VALORES             ; 0000002071376799,59
200505;61186680;BCO BMG S.A.                                                ;U;4010;0090900000;CONTROLE                                          ; 0000015160141517,50
200505;61186680;BCO BMG S.A.                                                ;U;4010;0091000002;CLASSIFICACAO DA CARTEIRA DE CREDITOS             ; 0000002246759221,92
200505;61186680;BCO BMG S.A.                                                ;U;4010;0091100005;OPERACOES DE CREDITOS E ARRENDAMENTO MERCANTIL    ; 0000002246759221,92
200505;61186680;BCO BMG S.A.                                                ;U;4010;0099999995;TOTAL GERAL DO PASSIVO                            ; 0000033726542980,11
200505;61190658;BCO FIAT S.A.                                               ;U;4010;0010000007;CIRCULANTE E REALIZAVEL A LONGO PRAZO             ; 0000002560142093,62
200505;61190658;BCO FIAT S.A.                                               ;U;4010;0011000006;DISPONIBILIDADES                                  ; 0000000001408206,81
200505;61190658;BCO FIAT S.A.                                               ;U;4010;0011100009;CAIXA                                             ; 0000000000007900,00
200505;61190658;BCO FIAT S.A.                                               ;U;4010;0011200002;DEPOSITOS BANCARIOS                               ; 0000000001400306,81
200505;61190658;BCO FIAT S.A.                                               ;U;4010;0012000005;APLICACOES INTERFINANCEIRAS DE LIQUIDEZ           ; 0000001292543767,63
200505;61190658;BCO FIAT S.A.                                               ;U;4010;0012100008;APLICACOES EM OPERACOES COMPROMISSADAS            ; 0000000011099275,98
200505;61190658;BCO FIAT S.A.                                               ;U;4010;0012200001;APLICACOES EM DEPOSITOS INTERFINANCEIROS          ; 0000001281444491,65
200505;61190658;BCO FIAT S.A.                                               ;U;4010;0013000004;TITULOS E VAL. MOB. E INST. FINANC. DERIVATIVOS   ; 0000000032482749,22
200505;61190658;BCO FIAT S.A.                                               ;U;4010;0013100007;LIVRES                                            ; 0000000014327142,42
200505;61190658;BCO FIAT S.A.                                               ;U;4010;0013400006;VINCULADOS AO BANCO CENTRAL                       ; 0000000018155606,80
200505;61190658;BCO FIAT S.A.                                               ;U;4010;0016000001;OPERACOES DE CREDITO                              ; 0000001120017403,86
200505;61190658;BCO FIAT S.A.                                               ;U;4010;0016100004;EMPRESTIMOS E TITULOS DESCONTADOS                 ; 0000000000383164,91
200505;61190658;BCO FIAT S.A.                                               ;U;4010;0016200007;FINANCIAMENTOS                                    ; 0000001149783896,82
200505;61190658;BCO FIAT S.A.                                               ;U;4010;0016900008;(-) PROVISOES PARA OPERACOES DE CREDITO           ;-0000000030149657,87
200505;61190658;BCO FIAT S.A.                                               ;U;4010;0017000000;OPERACOES DE ARRENDAMENTO MERCANTIL               ;-0000000000102749,81
200505;61190658;BCO FIAT S.A.                                               ;U;4010;0017100003;ARRENDAMENTOS FINANCEIROS A RECEBER               ; 0000000000123341,27
200505;61190658;BCO FIAT S.A.                                               ;U;4010;0017900007;(-) PROVISOES PARA OPER. DE ARRENDAMENTO MERCANTIL;-0000000000226091,08
200505;61190658;BCO FIAT S.A.                                               ;U;4010;0018000009;OUTROS CREDITOS                                   ; 0000000111383931,40
200505;61190658;BCO FIAT S.A.                                               ;U;4010;0018800003;DIVERSOS                                          ; 0000000112269994,26
200505;61190658;BCO FIAT S.A.                                               ;U;4010;0018900006;(-) PROVISOES PARA OUTROS CREDITOS                ;-0000000000886062,86
200505;61190658;BCO FIAT S.A.                                               ;U;4010;0019000008;OUTROS VALORES E BENS                             ; 0000000002408784,51
200505;61190658;BCO FIAT S.A.                                               ;U;4010;0019800002;OUTROS VALORES E BENS                             ; 0000000002403546,38
200505;61190658;BCO FIAT S.A.                                               ;U;4010;0019900005;DESPESAS ANTECIPADAS                              ; 0000000000005238,13
200505;61190658;BCO FIAT S.A.                                               ;U;4010;0020000004;PERMANENTE                                        ; 0000000121697592,32
200505;61190658;BCO FIAT S.A.                                               ;U;4010;0021000003;INVESTIMENTOS                                     ; 0000000118277237,69
200505;61190658;BCO FIAT S.A.                                               ;U;4010;0021200009;PARTICIPACOES EM COLIGADAS E CONTROLADAS NO PAIS  ; 0000000117710617,62
200505;61190658;BCO FIAT S.A.                                               ;U;4010;0021300002;INVESTIMENTOS POR INCENTIVOS FISCAIS              ; 0000000000566620,07
200505;61190658;BCO FIAT S.A.                                               ;U;4010;0022000002;IMOBILIZADO DE USO                                ; 0000000000617114,23
200505;61190658;BCO FIAT S.A.                                               ;U;4010;0022400004;INSTALACOES, MOVEIS E EQUIPAMENTOS DE USO         ; 0000000000169533,51
200505;61190658;BCO FIAT S.A.                                               ;U;4010;0022900009;OUTROS                                            ; 0000000000447580,72
200505;61190658;BCO FIAT S.A.                                               ;U;4010;0023000001;IMOBILIZADO DE ARRENDAMENTO                       ; 0000000001873340,58
200505;61190658;BCO FIAT S.A.                                               ;U;4010;0023200007;BENS ARRENDADOS - ARRENDAMENTO FINANCEIRO         ; 0000000001873340,58
200505;61190658;BCO FIAT S.A.                                               ;U;4010;0024000000;DIFERIDO                                          ; 0000000000929899,82
200505;61190658;BCO FIAT S.A.                                               ;U;4010;0024100003;GASTOS DE ORGANIZACAO E EXPANSAO                  ; 0000000000929899,82
200505;61190658;BCO FIAT S.A.                                               ;U;4010;0030000001;COMPENSACAO                                       ; 0000011162682879,90
200505;61190658;BCO FIAT S.A.                                               ;U;4010;0030300000;TITULOS E VALORES MOBILIARIOS                     ; 0000000064965498,44
200505;61190658;BCO FIAT S.A.                                               ;U;4010;0030400003;CUSTODIA DE VALORES                               ; 0000009815452740,49
200505;61190658;BCO FIAT S.A.                                               ;U;4010;0030900008;CONTROLE                                          ; 0000000130026652,79
200505;61190658;BCO FIAT S.A.                                               ;U;4010;0031000000;CLASSIFICACAO DA CARTEIRA DE CREDITOS             ; 0000001152237988,18
200505;61190658;BCO FIAT S.A.                                               ;U;4010;0031100003;OPERACOES DE RISCO NIVEL AA                       ; 0000000000672991,75
200505;61190658;BCO FIAT S.A.                                               ;U;4010;0031200006;OPERACOES DE RISCO NIVEL A                        ; 0000000951371324,01
200505;61190658;BCO FIAT S.A.                                               ;U;4010;0031300009;OPERACOES DE RISCO NIVELB                         ; 0000000109940544,30
200505;61190658;BCO FIAT S.A.                                               ;U;4010;0031400002;OPERACOES DE RISCO NIVELC                         ; 0000000048341041,22
200505;61190658;BCO FIAT S.A.                                               ;U;4010;0031500005;OPERACOES DE RISCO NIVEL D                        ; 0000000012239851,30
200505;61190658;BCO FIAT S.A.                                               ;U;4010;0031600008;OPERACOES DE RISCO NIVEL E                        ; 0000000006328837,15
200505;61190658;BCO FIAT S.A.                                               ;U;4010;0031700001;OPERACOES DE RISCO NIVEL F                        ; 0000000004852764,42
200505;61190658;BCO FIAT S.A.                                               ;U;4010;0031800004;OPERACOES DE RISCO NIVEL G                        ; 0000000003234656,24
200505;61190658;BCO FIAT S.A.                                               ;U;4010;0031900007;OPERACOES DE RISCO NIVEL H                        ; 0000000015255977,79
200505;61190658;BCO FIAT S.A.                                               ;U;4010;0039999993;TOTAL GERAL DO ATIVO                              ; 0000013844522565,84
200505;61190658;BCO FIAT S.A.                                               ;U;4010;0040000008;CIRCULANTE EXIGIVEL A LONGO PRAZO                 ; 0000002021548572,25
200505;61190658;BCO FIAT S.A.                                               ;U;4010;0041000007;DEPOSITOS                                         ; 0000001849375069,06
200505;61190658;BCO FIAT S.A.                                               ;U;4010;0041300006;DEPOSITOS INTERFINANCEIROS                        ; 0000001726412116,26
200505;61190658;BCO FIAT S.A.                                               ;U;4010;0041500002;DEPOSITOS A PRAZO                                 ; 0000000122962952,80
200505;61190658;BCO FIAT S.A.                                               ;U;4010;0049000009;OUTRAS OBRIGACOES                                 ; 0000000172173503,19
200505;61190658;BCO FIAT S.A.                                               ;U;4010;0049100002;COBRANCA E ARRECADACAO DE TRIBUTOS E ASSEMELHADOS ; 0000000000455915,21
200505;61190658;BCO FIAT S.A.                                               ;U;4010;0049300008;SOCIAIS E ESTATUTARIAS                            ; 0000000000175000,00
200505;61190658;BCO FIAT S.A.                                               ;U;4010;0049400001;FISCAIS E PREVIDENCIARIAS                         ; 0000000138402504,92
200505;61190658;BCO FIAT S.A.                                               ;U;4010;0049900006;DIVERSAS                                          ; 0000000033140083,06
200505;61190658;BCO FIAT S.A.                                               ;U;4010;0050000005;RESULTADOS DE EXERCICIOS FUTUROS                  ; 0000000002778857,04
200505;61190658;BCO FIAT S.A.                                               ;U;4010;0051000004;RECEITAS DE EXERCICIOS FUTUROS                    ; 0000000002778857,04
200505;61190658;BCO FIAT S.A.                                               ;U;4010;0051100007;RECEITAS DE EXERCICIOS FUTUROS                    ; 0000000002778857,04
200505;61190658;BCO FIAT S.A.                                               ;U;4010;0060000002;PATRIMONIO LIQUIDO                                ; 0000000586450971,09
200505;61190658;BCO FIAT S.A.                                               ;U;4010;0061000001;PATRIMONIO LIQUIDO                                ; 0000000586450971,09
200505;61190658;BCO FIAT S.A.                                               ;U;4010;0061100004;CAPITAL SOCIAL                                    ; 0000000333412986,90
200505;61190658;BCO FIAT S.A.                                               ;U;4010;0061300000;RESERVAS DE CAPITAL                               ; 0000000003923500,35
200505;61190658;BCO FIAT S.A.                                               ;U;4010;0061500006;RESERVAS DE LUCROS                                ; 0000000249037557,96
200505;61190658;BCO FIAT S.A.                                               ;U;4010;0061600009;AJUSTES DE AVALIACAO PATRIMONIAL                  ; 0000000000076925,88
200505;61190658;BCO FIAT S.A.                                               ;U;4010;0070000009;CONTAS DE RESULTADO CREDORAS                      ; 0000000285480515,81
200505;61190658;BCO FIAT S.A.                                               ;U;4010;0071000008;RECEITAS OPERACIONAIS                             ; 0000000284795013,52
200505;61190658;BCO FIAT S.A.                                               ;U;4010;0071100001;RENDAS DE OPERACOES DE CREDITO                    ; 0000000144954710,78
200505;61190658;BCO FIAT S.A.                                               ;U;4010;0071200004;RENDAS DE ARRENDAMENTO MERCANTIL                  ; 0000000002276857,13
200505;61190658;BCO FIAT S.A.                                               ;U;4010;0071400000;RENDAS DE APLICACOES INTERFINANCEIRAS DE LIQUIDEZ ; 0000000083392641,94
200505;61190658;BCO FIAT S.A.                                               ;U;4010;0071500003;RENDAS COM TIT. E VAL. MOB. E INST. FINANC. DERIV.; 0000000002228675,06
200505;61190658;BCO FIAT S.A.                                               ;U;4010;0071700009;RENDAS DE PRESTACAO DE SERVICOS                   ; 0000000010516020,76
200505;61190658;BCO FIAT S.A.                                               ;U;4010;0071800002;RENDAS DE PARTICIPACOES                           ; 0000000014392840,72
200505;61190658;BCO FIAT S.A.                                               ;U;4010;0071900005;OUTRAS RECEITAS OPERACIONAIS                      ; 0000000027033267,13
200505;61190658;BCO FIAT S.A.                                               ;U;4010;0073000006;RECEITAS NAO OPERACIONAIS                         ; 0000000000685502,29
200505;61190658;BCO FIAT S.A.                                               ;U;4010;0073100009;LUCROS EM TRANSACOES COM VALORES E BENS           ; 0000000000081981,78
200505;61190658;BCO FIAT S.A.                                               ;U;4010;0073900003;OUTRAS RECEITAS NAO OPERACIONAIS                  ; 0000000000603520,51
200505;61190658;BCO FIAT S.A.                                               ;U;4010;0080000006;(-) CONTAS DE RESULTADO DEVEDORAS                 ;-0000000214419230,25
200505;61190658;BCO FIAT S.A.                                               ;U;4010;0081000005;(-) DESPESAS OPERACIONAIS                         ;-0000000215323588,18
200505;61190658;BCO FIAT S.A.                                               ;U;4010;0081100008;(-) DESPESAS DE CAPTACAO                          ;-0000000138316268,55
200505;61190658;BCO FIAT S.A.                                               ;U;4010;0081300004;(-) DESPESAS DE ARRENDAMENTO MERCANTIL            ;-0000000001889457,89
200505;61190658;BCO FIAT S.A.                                               ;U;4010;0081700006;(-) DESPESAS ADMINISTRATIVAS                      ;-0000000024859468,35
200505;61190658;BCO FIAT S.A.                                               ;U;4010;0081800009;(-) APROVISIONAMENTOS E AJUSTES PATRIMONIAIS      ;-0000000000144158,93
200505;61190658;BCO FIAT S.A.                                               ;U;4010;0081900002;(-) OUTRAS DESPESAS OPERACIONAIS                  ;-0000000050114234,46
200505;61190658;BCO FIAT S.A.                                               ;U;4010;0083000003;(-) DESPESAS NAO OPERACIONAIS                     ;-0000000000180051,65
200505;61190658;BCO FIAT S.A.                                               ;U;4010;0083100006;(-) PREJUIZOS EM TRANSACOES COM VALORES E BENS    ;-0000000000149524,26
200505;61190658;BCO FIAT S.A.                                               ;U;4010;0083900000;(-) OUTRAS DESPESAS NAO OPERACIONAIS              ;-0000000000030527,39
200505;61190658;BCO FIAT S.A.                                               ;U;4010;0089000007;(-) APURACAO DE RESULTADO                         ; 0000000001084409,58
200505;61190658;BCO FIAT S.A.                                               ;U;4010;0089400009;(-) IMPOSTO DE RENDA                              ; 0000000001467379,11
200505;61190658;BCO FIAT S.A.                                               ;U;4010;0089700008;(-) PARTICIPACOES NO LUCRO                        ;-0000000000382969,53
200505;61190658;BCO FIAT S.A.                                               ;U;4010;0090000003;COMPENSACAO                                       ; 0000011162682879,90
200505;61190658;BCO FIAT S.A.                                               ;U;4010;0090300002;TITULOS E VALORES MOBILIARIOS                     ; 0000000064965498,44
200505;61190658;BCO FIAT S.A.                                               ;U;4010;0090400005;CUSTODIA DE VALORES                               ; 0000009815452740,49
200505;61190658;BCO FIAT S.A.                                               ;U;4010;0090900000;CONTROLE                                          ; 0000000130026652,79
200505;61190658;BCO FIAT S.A.                                               ;U;4010;0091000002;CLASSIFICACAO DA CARTEIRA DE CREDITOS             ; 0000001152237988,18
200505;61190658;BCO FIAT S.A.                                               ;U;4010;0091100005;OPERACOES DE CREDITOS E ARRENDAMENTO MERCANTIL    ; 0000001152237988,18
200505;61190658;BCO FIAT S.A.                                               ;U;4010;0099999995;TOTAL GERAL DO PASSIVO                            ; 0000013844522565,84
200505;61199881;BCO DIBENS S.A.                                             ;U;4010;0010000007;CIRCULANTE E REALIZAVEL A LONGO PRAZO             ; 0000002849795176,06
200505;61199881;BCO DIBENS S.A.                                             ;U;4010;0011000006;DISPONIBILIDADES                                  ; 0000000000294531,55
200505;61199881;BCO DIBENS S.A.                                             ;U;4010;0011300005;RESERVAS LIVRES                                   ; 0000000000294531,55
200505;61199881;BCO DIBENS S.A.                                             ;U;4010;0012000005;APLICACOES INTERFINANCEIRAS DE LIQUIDEZ           ; 0000000629403688,67
200505;61199881;BCO DIBENS S.A.                                             ;U;4010;0012200001;APLICACOES EM DEPOSITOS INTERFINANCEIROS          ; 0000000629403688,67
200505;61199881;BCO DIBENS S.A.                                             ;U;4010;0013000004;TITULOS E VAL. MOB. E INST. FINANC. DERIVATIVOS   ; 0000000127116685,72
200505;61199881;BCO DIBENS S.A.                                             ;U;4010;0013100007;LIVRES                                            ; 0000000016468494,88
200505;61199881;BCO DIBENS S.A.                                             ;U;4010;0013200000;VINCULADOS A OPERACOES COMPROMISSADAS             ; 0000000025534699,92
200505;61199881;BCO DIBENS S.A.                                             ;U;4010;0013300003;INSTRUMENTOS FINANCEIROS DERIVATIVOS              ; 0000000071744904,85
200505;61199881;BCO DIBENS S.A.                                             ;U;4010;0013600002;VINCULADOS A PRESTACAO DE GARANTIAS               ; 0000000013368586,07
200505;61199881;BCO DIBENS S.A.                                             ;U;4010;0014000003;RELACOES INTERFINANCEIRAS                         ; 0000000001427146,26
200505;61199881;BCO DIBENS S.A.                                             ;U;4010;0014100006;DIREITOS JUNTO A PARTIC. DE SISTEMAS DE LIQUIDAÇÃO; 0000000000016220,84
200505;61199881;BCO DIBENS S.A.                                             ;U;4010;0014200009;CREDITOS VINCULADOS                               ; 0000000000014681,56
200505;61199881;BCO DIBENS S.A.                                             ;U;4010;0014400005;RELACOES COM CORRESPONDENTES                      ; 0000000001396243,86
200505;61199881;BCO DIBENS S.A.                                             ;U;4010;0016000001;OPERACOES DE CREDITO                              ; 0000001940921800,53
200505;61199881;BCO DIBENS S.A.                                             ;U;4010;0016100004;EMPRESTIMOS E TITULOS DESCONTADOS                 ; 0000000003461236,45
200505;61199881;BCO DIBENS S.A.                                             ;U;4010;0016200007;FINANCIAMENTOS                                    ; 0000001991011368,03
200505;61199881;BCO DIBENS S.A.                                             ;U;4010;0016900008;(-) PROVISOES PARA OPERACOES DE CREDITO           ;-0000000053550803,95
200505;61199881;BCO DIBENS S.A.                                             ;U;4010;0018000009;OUTROS CREDITOS                                   ; 0000000089389294,58
200505;61199881;BCO DIBENS S.A.                                             ;U;4010;0018300008;RENDAS A RECEBER                                  ; 0000000000317561,29
200505;61199881;BCO DIBENS S.A.                                             ;U;4010;0018400001;NEGOCIACAO E INTERMEDIACAO DE VALORES             ; 0000000000589280,80
200505;61199881;BCO DIBENS S.A.                                             ;U;4010;0018800003;DIVERSOS                                          ; 0000000088574452,49
200505;61199881;BCO DIBENS S.A.                                             ;U;4010;0018900006;(-) PROVISOES PARA OUTROS CREDITOS                ;-0000000000092000,00
200505;61199881;BCO DIBENS S.A.                                             ;U;4010;0019000008;OUTROS VALORES E BENS                             ; 0000000061242028,75
200505;61199881;BCO DIBENS S.A.                                             ;U;4010;0019800002;OUTROS VALORES E BENS                             ; 0000000009158124,98
200505;61199881;BCO DIBENS S.A.                                             ;U;4010;0019900005;DESPESAS ANTECIPADAS                              ; 0000000052083903,77
200505;61199881;BCO DIBENS S.A.                                             ;U;4010;0020000004;PERMANENTE                                        ; 0000000108010564,55
200505;61199881;BCO DIBENS S.A.                                             ;U;4010;0021000003;INVESTIMENTOS                                     ; 0000000106441921,58
200505;61199881;BCO DIBENS S.A.                                             ;U;4010;0021200009;PARTICIPACOES EM COLIGADAS E CONTROLADAS NO PAIS  ; 0000000106109373,48
200505;61199881;BCO DIBENS S.A.                                             ;U;4010;0021400005;TITULOS PATRIMONIAIS                              ; 0000000000201035,55
200505;61199881;BCO DIBENS S.A.                                             ;U;4010;0021900000;OUTROS INVESTIMENTOS                              ; 0000000000131512,55
200505;61199881;BCO DIBENS S.A.                                             ;U;4010;0022000002;IMOBILIZADO DE USO                                ; 0000000001457258,52
200505;61199881;BCO DIBENS S.A.                                             ;U;4010;0022300001;IMOVEIS DE USO                                    ; 0000000000005500,00
200505;61199881;BCO DIBENS S.A.                                             ;U;4010;0022400004;INSTALACOES, MOVEIS E EQUIPAMENTOS DE USO         ; 0000000000239714,17
200505;61199881;BCO DIBENS S.A.                                             ;U;4010;0022900009;OUTROS                                            ; 0000000001212044,35
200505;61199881;BCO DIBENS S.A.                                             ;U;4010;0024000000;DIFERIDO                                          ; 0000000000111384,45
200505;61199881;BCO DIBENS S.A.                                             ;U;4010;0024100003;GASTOS DE ORGANIZACAO E EXPANSAO                  ; 0000000000111384,45
200505;61199881;BCO DIBENS S.A.                                             ;U;4010;0030000001;COMPENSACAO                                       ; 0000007395776947,39
200505;61199881;BCO DIBENS S.A.                                             ;U;4010;0030100004;COOBRIGACOES E RISCOS EM GARANTIAS PRESTADAS      ; 0000000013423855,63
200505;61199881;BCO DIBENS S.A.                                             ;U;4010;0030300000;TITULOS E VALORES MOBILIARIOS                     ; 0000000110743561,74
200505;61199881;BCO DIBENS S.A.                                             ;U;4010;0030400003;CUSTODIA DE VALORES                               ; 0000002542689151,84
200505;61199881;BCO DIBENS S.A.                                             ;U;4010;0030500006;COBRANCA                                          ; 0000000162993750,41
200505;61199881;BCO DIBENS S.A.                                             ;U;4010;0030600009;NEGOCIACAO E INTERMEDIACAO DE VALORES             ; 0000002431375183,99
200505;61199881;BCO DIBENS S.A.                                             ;U;4010;0030800005;CONTRATOS                                         ; 0000000000529080,00
200505;61199881;BCO DIBENS S.A.                                             ;U;4010;0030900008;CONTROLE                                          ; 0000000139457759,30
200505;61199881;BCO DIBENS S.A.                                             ;U;4010;0031000000;CLASSIFICACAO DA CARTEIRA DE CREDITOS             ; 0000001994564604,48
200505;61199881;BCO DIBENS S.A.                                             ;U;4010;0031100003;OPERACOES DE RISCO NIVEL AA                       ; 0000000008467414,98
200505;61199881;BCO DIBENS S.A.                                             ;U;4010;0031200006;OPERACOES DE RISCO NIVEL A                        ; 0000001708100422,56
200505;61199881;BCO DIBENS S.A.                                             ;U;4010;0031300009;OPERACOES DE RISCO NIVELB                         ; 0000000104657153,31
200505;61199881;BCO DIBENS S.A.                                             ;U;4010;0031400002;OPERACOES DE RISCO NIVELC                         ; 0000000078714815,62
200505;61199881;BCO DIBENS S.A.                                             ;U;4010;0031500005;OPERACOES DE RISCO NIVEL D                        ; 0000000032821212,31
200505;61199881;BCO DIBENS S.A.                                             ;U;4010;0031600008;OPERACOES DE RISCO NIVEL E                        ; 0000000019670251,39
200505;61199881;BCO DIBENS S.A.                                             ;U;4010;0031700001;OPERACOES DE RISCO NIVEL F                        ; 0000000013825615,70
200505;61199881;BCO DIBENS S.A.                                             ;U;4010;0031800004;OPERACOES DE RISCO NIVEL G                        ; 0000000009031496,16
200505;61199881;BCO DIBENS S.A.                                             ;U;4010;0031900007;OPERACOES DE RISCO NIVEL H                        ; 0000000019276222,45
200505;61199881;BCO DIBENS S.A.                                             ;U;4010;0039999993;TOTAL GERAL DO ATIVO                              ; 0000010353582688,00
200505;61199881;BCO DIBENS S.A.                                             ;U;4010;0040000008;CIRCULANTE EXIGIVEL A LONGO PRAZO                 ; 0000002742657397,39
200505;61199881;BCO DIBENS S.A.                                             ;U;4010;0041000007;DEPOSITOS                                         ; 0000001736056611,00
200505;61199881;BCO DIBENS S.A.                                             ;U;4010;0041100000;DEPOSITOS A VISTA                                 ; 0000000000429450,43
200505;61199881;BCO DIBENS S.A.                                             ;U;4010;0041300006;DEPOSITOS INTERFINANCEIROS                        ; 0000001649030339,08
200505;61199881;BCO DIBENS S.A.                                             ;U;4010;0041500002;DEPOSITOS A PRAZO                                 ; 0000000086596821,49
200505;61199881;BCO DIBENS S.A.                                             ;U;4010;0042000006;OBRIGACOES POR OPERACOES COMPROMISSADAS           ; 0000000025341558,64
200505;61199881;BCO DIBENS S.A.                                             ;U;4010;0042100009;CARTEIRA PROPRIA                                  ; 0000000025341558,64
200505;61199881;BCO DIBENS S.A.                                             ;U;4010;0043000005;RECURSOS ACEITES CAMB,LI E HIP.,DEBENT.E SIMILARES; 0000000125316437,36
200505;61199881;BCO DIBENS S.A.                                             ;U;4010;0043500000;OBRIGACOES P/TITULOS E VALS.MOBILIARIOS EXTERIOR  ; 0000000125316437,36
200505;61199881;BCO DIBENS S.A.                                             ;U;4010;0044000004;RELACOES INTERFINANCEIRAS                         ; 0000000000948101,42
200505;61199881;BCO DIBENS S.A.                                             ;U;4010;0044100007;OBRIGAÇÕES JUNTO A PARTIC. DE SIST. DE LIQUIDACÃO ; 0000000000479075,24
200505;61199881;BCO DIBENS S.A.                                             ;U;4010;0044400006;RELACOES COM CORRESPONDENTES                      ; 0000000000469026,18
200505;61199881;BCO DIBENS S.A.                                             ;U;4010;0045000003;RELACOES INTERDEPENDENCIAS                        ; 0000000000081832,29
200505;61199881;BCO DIBENS S.A.                                             ;U;4010;0045100006;RECURSOS EM TRANSITO DE TERCEIROS                 ; 0000000000075238,60
200505;61199881;BCO DIBENS S.A.                                             ;U;4010;0045200009;TRANSFERENCIAS INTERNAS DE RECURSOS               ; 0000000000006593,69
200505;61199881;BCO DIBENS S.A.                                             ;U;4010;0046000002;OBRIGACOES POR EMPRESTIMOS E REPASSES             ; 0000000674969519,43
200505;61199881;BCO DIBENS S.A.                                             ;U;4010;0046400004;REPASSES DO PAIS - INSTITUICOES OFICIAIS          ; 0000000674969519,43
200505;61199881;BCO DIBENS S.A.                                             ;U;4010;0047000001;INSTRUMENTOS FINANCEIROS DERIVATIVOS              ; 0000000143573563,27
200505;61199881;BCO DIBENS S.A.                                             ;U;4010;0047100004;INSTRUMENTOS FINANCEIROS DERIVATIVOS              ; 0000000143573563,27
200505;61199881;BCO DIBENS S.A.                                             ;U;4010;0049000009;OUTRAS OBRIGACOES                                 ; 0000000036369773,98
200505;61199881;BCO DIBENS S.A.                                             ;U;4010;0049100002;COBRANCA E ARRECADACAO DE TRIBUTOS E ASSEMELHADOS ; 0000000000281844,75
200505;61199881;BCO DIBENS S.A.                                             ;U;4010;0049300008;SOCIAIS E ESTATUTARIAS                            ; 0000000001832031,39
200505;61199881;BCO DIBENS S.A.                                             ;U;4010;0049400001;FISCAIS E PREVIDENCIARIAS                         ; 0000000015038014,04
200505;61199881;BCO DIBENS S.A.                                             ;U;4010;0049500004;NEGOCIACAO E INTERMEDIACAO DE VALORES             ; 0000000001408663,60
200505;61199881;BCO DIBENS S.A.                                             ;U;4010;0049900006;DIVERSAS                                          ; 0000000017809220,20
200505;61199881;BCO DIBENS S.A.                                             ;U;4010;0060000002;PATRIMONIO LIQUIDO                                ; 0000000222565552,63
200505;61199881;BCO DIBENS S.A.                                             ;U;4010;0061000001;PATRIMONIO LIQUIDO                                ; 0000000222565552,63
200505;61199881;BCO DIBENS S.A.                                             ;U;4010;0061100004;CAPITAL SOCIAL                                    ; 0000000179163503,44
200505;61199881;BCO DIBENS S.A.                                             ;U;4010;0061300000;RESERVAS DE CAPITAL                               ; 0000000000189535,12
200505;61199881;BCO DIBENS S.A.                                             ;U;4010;0061500006;RESERVAS DE LUCROS                                ; 0000000011628628,74
200505;61199881;BCO DIBENS S.A.                                             ;U;4010;0061600009;AJUSTES DE AVALIACAO PATRIMONIAL                  ; 0000000003953064,66
200505;61199881;BCO DIBENS S.A.                                             ;U;4010;0061800005;LUCROS OU PREJUIZOS ACUMULADOS                    ; 0000000027630820,67
200505;61199881;BCO DIBENS S.A.                                             ;U;4010;0070000009;CONTAS DE RESULTADO CREDORAS                      ; 0000000415280083,92
200505;61199881;BCO DIBENS S.A.                                             ;U;4010;0071000008;RECEITAS OPERACIONAIS                             ; 0000000414881441,82
200505;61199881;BCO DIBENS S.A.                                             ;U;4010;0071100001;RENDAS DE OPERACOES DE CREDITO                    ; 0000000192423001,73
200505;61199881;BCO DIBENS S.A.                                             ;U;4010;0071400000;RENDAS DE APLICACOES INTERFINANCEIRAS DE LIQUIDEZ ; 0000000063019461,49
200505;61199881;BCO DIBENS S.A.                                             ;U;4010;0071500003;RENDAS COM TIT. E VAL. MOB. E INST. FINANC. DERIV.; 0000000123538792,14
200505;61199881;BCO DIBENS S.A.                                             ;U;4010;0071700009;RENDAS DE PRESTACAO DE SERVICOS                   ; 0000000016122253,95
200505;61199881;BCO DIBENS S.A.                                             ;U;4010;0071900005;OUTRAS RECEITAS OPERACIONAIS                      ; 0000000019777932,51
200505;61199881;BCO DIBENS S.A.                                             ;U;4010;0073000006;RECEITAS NAO OPERACIONAIS                         ; 0000000000398642,10
200505;61199881;BCO DIBENS S.A.                                             ;U;4010;0073100009;LUCROS EM TRANSACOES COM VALORES E BENS           ; 0000000000335426,68
200505;61199881;BCO DIBENS S.A.                                             ;U;4010;0073900003;OUTRAS RECEITAS NAO OPERACIONAIS                  ; 0000000000063215,42
200505;61199881;BCO DIBENS S.A.                                             ;U;4010;0080000006;(-) CONTAS DE RESULTADO DEVEDORAS                 ;-0000000422697293,33
200505;61199881;BCO DIBENS S.A.                                             ;U;4010;0081000005;(-) DESPESAS OPERACIONAIS                         ;-0000000421101996,78
200505;61199881;BCO DIBENS S.A.                                             ;U;4010;0081100008;(-) DESPESAS DE CAPTACAO                          ;-0000000149190684,87
200505;61199881;BCO DIBENS S.A.                                             ;U;4010;0081200001;(-) DESP DE OBRIGACOES POR EMPRESTIMOS E REPASSES ;-0000000029624047,20
200505;61199881;BCO DIBENS S.A.                                             ;U;4010;0081500000;(-) DESP. COM TIT. E VAL. MOB. E INST. FIN. DERIV.;-0000000133004787,46
200505;61199881;BCO DIBENS S.A.                                             ;U;4010;0081600003;(-) DESPESAS DE PARTICIPACOES                     ;-0000000007635764,53
200505;61199881;BCO DIBENS S.A.                                             ;U;4010;0081700006;(-) DESPESAS ADMINISTRATIVAS                      ;-0000000015591185,80
200505;61199881;BCO DIBENS S.A.                                             ;U;4010;0081800009;(-) APROVISIONAMENTOS E AJUSTES PATRIMONIAIS      ;-0000000034758456,79
200505;61199881;BCO DIBENS S.A.                                             ;U;4010;0081900002;(-) OUTRAS DESPESAS OPERACIONAIS                  ;-0000000051297070,13
200505;61199881;BCO DIBENS S.A.                                             ;U;4010;0083000003;(-) DESPESAS NAO OPERACIONAIS                     ;-0000000001438375,67
200505;61199881;BCO DIBENS S.A.                                             ;U;4010;0083100006;(-) PREJUIZOS EM TRANSACOES COM VALORES E BENS    ;-0000000000939674,29
200505;61199881;BCO DIBENS S.A.                                             ;U;4010;0083900000;(-) OUTRAS DESPESAS NAO OPERACIONAIS              ;-0000000000498701,38
200505;61199881;BCO DIBENS S.A.                                             ;U;4010;0089000007;(-) APURACAO DE RESULTADO                         ;-0000000000156920,88
200505;61199881;BCO DIBENS S.A.                                             ;U;4010;0089400009;(-) IMPOSTO DE RENDA                              ; 0000000000206951,63
200505;61199881;BCO DIBENS S.A.                                             ;U;4010;0089700008;(-) PARTICIPACOES NO LUCRO                        ;-0000000000363872,51
200505;61199881;BCO DIBENS S.A.                                             ;U;4010;0090000003;COMPENSACAO                                       ; 0000007395776947,39
200505;61199881;BCO DIBENS S.A.                                             ;U;4010;0090100006;COOBRIGACOES E RISCOS EM GARANTIAS PRESTADAS      ; 0000000013423855,63
200505;61199881;BCO DIBENS S.A.                                             ;U;4010;0090300002;TITULOS E VALORES MOBILIARIOS                     ; 0000000110743561,74
200505;61199881;BCO DIBENS S.A.                                             ;U;4010;0090400005;CUSTODIA DE VALORES                               ; 0000002542689151,84
200505;61199881;BCO DIBENS S.A.                                             ;U;4010;0090500008;COBRANCA                                          ; 0000000162993750,41
200505;61199881;BCO DIBENS S.A.                                             ;U;4010;0090600001;NEGOCIACAO E INTERMEDIACAO DE VALORES             ; 0000002431375183,99
200505;61199881;BCO DIBENS S.A.                                             ;U;4010;0090800007;CONTRATOS                                         ; 0000000000529080,00
200505;61199881;BCO DIBENS S.A.                                             ;U;4010;0090900000;CONTROLE                                          ; 0000000139457759,30
200505;61199881;BCO DIBENS S.A.                                             ;U;4010;0091000002;CLASSIFICACAO DA CARTEIRA DE CREDITOS             ; 0000001994564604,48
200505;61199881;BCO DIBENS S.A.                                             ;U;4010;0091100005;OPERACOES DE CREDITOS E ARRENDAMENTO MERCANTIL    ; 0000001994564604,48
200505;61199881;BCO DIBENS S.A.                                             ;U;4010;0099999995;TOTAL GERAL DO PASSIVO                            ; 0000010353582688,00
200505;61230165;BCO COM E INV SUDAMERIS S.A.                                ;U;4010;0010000007;CIRCULANTE E REALIZAVEL A LONGO PRAZO             ; 0000001484366633,14
200505;61230165;BCO COM E INV SUDAMERIS S.A.                                ;U;4010;0011000006;DISPONIBILIDADES                                  ; 0000000000078379,58
200505;61230165;BCO COM E INV SUDAMERIS S.A.                                ;U;4010;0011500001;DISPONIBILIDADES EM MOEDAS ESTRANGEIRAS           ; 0000000000078379,58
200505;61230165;BCO COM E INV SUDAMERIS S.A.                                ;U;4010;0012000005;APLICACOES INTERFINANCEIRAS DE LIQUIDEZ           ; 0000001128546012,02
200505;61230165;BCO COM E INV SUDAMERIS S.A.                                ;U;4010;0012100008;APLICACOES EM OPERACOES COMPROMISSADAS            ; 0000000157648494,02
200505;61230165;BCO COM E INV SUDAMERIS S.A.                                ;U;4010;0012200001;APLICACOES EM DEPOSITOS INTERFINANCEIROS          ; 0000000970897518,00
200505;61230165;BCO COM E INV SUDAMERIS S.A.                                ;U;4010;0013000004;TITULOS E VAL. MOB. E INST. FINANC. DERIVATIVOS   ; 0000000062387789,02
200505;61230165;BCO COM E INV SUDAMERIS S.A.                                ;U;4010;0013100007;LIVRES                                            ; 0000000003871522,39
200505;61230165;BCO COM E INV SUDAMERIS S.A.                                ;U;4010;0013600002;VINCULADOS A PRESTACAO DE GARANTIAS               ; 0000000058516266,63
200505;61230165;BCO COM E INV SUDAMERIS S.A.                                ;U;4010;0014000003;RELACOES INTERFINANCEIRAS                         ; 0000000000032661,01
200505;61230165;BCO COM E INV SUDAMERIS S.A.                                ;U;4010;0014100006;DIREITOS JUNTO A PARTIC. DE SISTEMAS DE LIQUIDAÇÃO; 0000000000010844,47
200505;61230165;BCO COM E INV SUDAMERIS S.A.                                ;U;4010;0014200009;CREDITOS VINCULADOS                               ; 0000000000021816,54
200505;61230165;BCO COM E INV SUDAMERIS S.A.                                ;U;4010;0016000001;OPERACOES DE CREDITO                              ; 0000000005284834,75
200505;61230165;BCO COM E INV SUDAMERIS S.A.                                ;U;4010;0016200007;FINANCIAMENTOS                                    ; 0000000005051170,24
200505;61230165;BCO COM E INV SUDAMERIS S.A.                                ;U;4010;0016300000;FINANCIAMENTOS RURAIS E AGROINDUSTRIAIS           ; 0000000000096425,15
200505;61230165;BCO COM E INV SUDAMERIS S.A.                                ;U;4010;0016400003;FINANCIAMENTOS IMOBILIARIOS                       ; 0000000000550966,24
200505;61230165;BCO COM E INV SUDAMERIS S.A.                                ;U;4010;0016900008;(-) PROVISOES PARA OPERACOES DE CREDITO           ;-0000000000413726,88
200505;61230165;BCO COM E INV SUDAMERIS S.A.                                ;U;4010;0018000009;OUTROS CREDITOS                                   ; 0000000250628021,36
200505;61230165;BCO COM E INV SUDAMERIS S.A.                                ;U;4010;0018300008;RENDAS A RECEBER                                  ; 0000000003464613,59
200505;61230165;BCO COM E INV SUDAMERIS S.A.                                ;U;4010;0018800003;DIVERSOS                                          ; 0000000247944611,37
200505;61230165;BCO COM E INV SUDAMERIS S.A.                                ;U;4010;0018900006;(-) PROVISOES PARA OUTROS CREDITOS                ;-0000000000781203,60
200505;61230165;BCO COM E INV SUDAMERIS S.A.                                ;U;4010;0019000008;OUTROS VALORES E BENS                             ; 0000000037408935,40
200505;61230165;BCO COM E INV SUDAMERIS S.A.                                ;U;4010;0019100001;INVESTIMENTOS TEMPORARIOS                         ; 0000000001163293,21
200505;61230165;BCO COM E INV SUDAMERIS S.A.                                ;U;4010;0019800002;OUTROS VALORES E BENS                             ; 0000000036245642,19
200505;61230165;BCO COM E INV SUDAMERIS S.A.                                ;U;4010;0020000004;PERMANENTE                                        ; 0000000195968579,45
200505;61230165;BCO COM E INV SUDAMERIS S.A.                                ;U;4010;0021000003;INVESTIMENTOS                                     ; 0000000194011330,11
200505;61230165;BCO COM E INV SUDAMERIS S.A.                                ;U;4010;0021100006;INVESTIMENTOS NO EXTERIOR                         ; 0000000031619763,35
200505;61230165;BCO COM E INV SUDAMERIS S.A.                                ;U;4010;0021200009;PARTICIPACOES EM COLIGADAS E CONTROLADAS NO PAIS  ; 0000000150193857,59
200505;61230165;BCO COM E INV SUDAMERIS S.A.                                ;U;4010;0021400005;TITULOS PATRIMONIAIS                              ; 0000000003601779,29
200505;61230165;BCO COM E INV SUDAMERIS S.A.                                ;U;4010;0021500008;ACOES E COTAS                                     ; 0000000005136690,00
200505;61230165;BCO COM E INV SUDAMERIS S.A.                                ;U;4010;0021900000;OUTROS INVESTIMENTOS                              ; 0000000003459239,88
200505;61230165;BCO COM E INV SUDAMERIS S.A.                                ;U;4010;0022000002;IMOBILIZADO DE USO                                ; 0000000001957249,34
200505;61230165;BCO COM E INV SUDAMERIS S.A.                                ;U;4010;0022300001;IMOVEIS DE USO                                    ; 0000000001934021,93
200505;61230165;BCO COM E INV SUDAMERIS S.A.                                ;U;4010;0022400004;INSTALACOES, MOVEIS E EQUIPAMENTOS DE USO         ; 0000000000016038,70
200505;61230165;BCO COM E INV SUDAMERIS S.A.                                ;U;4010;0022900009;OUTROS                                            ; 0000000000007188,71
200505;61230165;BCO COM E INV SUDAMERIS S.A.                                ;U;4010;0030000001;COMPENSACAO                                       ; 0000009419234631,95
200505;61230165;BCO COM E INV SUDAMERIS S.A.                                ;U;4010;0030100004;COOBRIGACOES E RISCOS EM GARANTIAS PRESTADAS      ; 0000000062537809,34
200505;61230165;BCO COM E INV SUDAMERIS S.A.                                ;U;4010;0030300000;TITULOS E VALORES MOBILIARIOS                     ; 0000000124861692,62
200505;61230165;BCO COM E INV SUDAMERIS S.A.                                ;U;4010;0030400003;CUSTODIA DE VALORES                               ; 0000000548586020,07
200505;61230165;BCO COM E INV SUDAMERIS S.A.                                ;U;4010;0030600009;NEGOCIACAO E INTERMEDIACAO DE VALORES             ; 0000000000019484,00
200505;61230165;BCO COM E INV SUDAMERIS S.A.                                ;U;4010;0030800005;CONTRATOS                                         ; 0000007684028620,85
200505;61230165;BCO COM E INV SUDAMERIS S.A.                                ;U;4010;0030900008;CONTROLE                                          ; 0000000989109687,41
200505;61230165;BCO COM E INV SUDAMERIS S.A.                                ;U;4010;0031000000;CLASSIFICACAO DA CARTEIRA DE CREDITOS             ; 0000000010091317,66
200505;61230165;BCO COM E INV SUDAMERIS S.A.                                ;U;4010;0031100003;OPERACOES DE RISCO NIVEL AA                       ; 0000000000192092,52
200505;61230165;BCO COM E INV SUDAMERIS S.A.                                ;U;4010;0031200006;OPERACOES DE RISCO NIVEL A                        ; 0000000002082466,48
200505;61230165;BCO COM E INV SUDAMERIS S.A.                                ;U;4010;0031300009;OPERACOES DE RISCO NIVELB                         ; 0000000000861234,29
200505;61230165;BCO COM E INV SUDAMERIS S.A.                                ;U;4010;0031400002;OPERACOES DE RISCO NIVELC                         ; 0000000005922836,33
200505;61230165;BCO COM E INV SUDAMERIS S.A.                                ;U;4010;0031500005;OPERACOES DE RISCO NIVEL D                        ; 0000000000023072,00
200505;61230165;BCO COM E INV SUDAMERIS S.A.                                ;U;4010;0031600008;OPERACOES DE RISCO NIVEL E                        ; 0000000000019575,00
200505;61230165;BCO COM E INV SUDAMERIS S.A.                                ;U;4010;0031900007;OPERACOES DE RISCO NIVEL H                        ; 0000000000990041,04
200505;61230165;BCO COM E INV SUDAMERIS S.A.                                ;U;4010;0039999993;TOTAL GERAL DO ATIVO                              ; 0000011099569844,54
200505;61230165;BCO COM E INV SUDAMERIS S.A.                                ;U;4010;0040000008;CIRCULANTE EXIGIVEL A LONGO PRAZO                 ; 0000000268978828,55
200505;61230165;BCO COM E INV SUDAMERIS S.A.                                ;U;4010;0041000007;DEPOSITOS                                         ; 0000000000018573,86
200505;61230165;BCO COM E INV SUDAMERIS S.A.                                ;U;4010;0041500002;DEPOSITOS A PRAZO                                 ; 0000000000018573,86
200505;61230165;BCO COM E INV SUDAMERIS S.A.                                ;U;4010;0044000004;RELACOES INTERFINANCEIRAS                         ; 0000000000082705,64
200505;61230165;BCO COM E INV SUDAMERIS S.A.                                ;U;4010;0044100007;OBRIGAÇÕES JUNTO A PARTIC. DE SIST. DE LIQUIDACÃO ; 0000000000026118,24
200505;61230165;BCO COM E INV SUDAMERIS S.A.                                ;U;4010;0044400006;RELACOES COM CORRESPONDENTES                      ; 0000000000056587,40
200505;61230165;BCO COM E INV SUDAMERIS S.A.                                ;U;4010;0046000002;OBRIGACOES POR EMPRESTIMOS E REPASSES             ; 0000000015775155,79
200505;61230165;BCO COM E INV SUDAMERIS S.A.                                ;U;4010;0046400004;REPASSES DO PAIS - INSTITUICOES OFICIAIS          ; 0000000015775155,79
200505;61230165;BCO COM E INV SUDAMERIS S.A.                                ;U;4010;0049000009;OUTRAS OBRIGACOES                                 ; 0000000253102393,26
200505;61230165;BCO COM E INV SUDAMERIS S.A.                                ;U;4010;0049100002;COBRANCA E ARRECADACAO DE TRIBUTOS E ASSEMELHADOS ; 0000000000000001,60
200505;61230165;BCO COM E INV SUDAMERIS S.A.                                ;U;4010;0049200005;CARTEIRA DE CAMBIO                                ; 0000000000203293,80
200505;61230165;BCO COM E INV SUDAMERIS S.A.                                ;U;4010;0049300008;SOCIAIS E ESTATUTARIAS                            ; 0000000038210839,30
200505;61230165;BCO COM E INV SUDAMERIS S.A.                                ;U;4010;0049400001;FISCAIS E PREVIDENCIARIAS                         ; 0000000083277209,47
200505;61230165;BCO COM E INV SUDAMERIS S.A.                                ;U;4010;0049900006;DIVERSAS                                          ; 0000000131411049,09
200505;61230165;BCO COM E INV SUDAMERIS S.A.                                ;U;4010;0050000005;RESULTADOS DE EXERCICIOS FUTUROS                  ; 0000000000117972,38
200505;61230165;BCO COM E INV SUDAMERIS S.A.                                ;U;4010;0051000004;RECEITAS DE EXERCICIOS FUTUROS                    ; 0000000000117972,38
200505;61230165;BCO COM E INV SUDAMERIS S.A.                                ;U;4010;0051100007;RECEITAS DE EXERCICIOS FUTUROS                    ; 0000000000117972,38
200505;61230165;BCO COM E INV SUDAMERIS S.A.                                ;U;4010;0060000002;PATRIMONIO LIQUIDO                                ; 0000001313749944,98
200505;61230165;BCO COM E INV SUDAMERIS S.A.                                ;U;4010;0061000001;PATRIMONIO LIQUIDO                                ; 0000001313749944,98
200505;61230165;BCO COM E INV SUDAMERIS S.A.                                ;U;4010;0061100004;CAPITAL SOCIAL                                    ; 0000001277806586,46
200505;61230165;BCO COM E INV SUDAMERIS S.A.                                ;U;4010;0061300000;RESERVAS DE CAPITAL                               ; 0000000004374963,60
200505;61230165;BCO COM E INV SUDAMERIS S.A.                                ;U;4010;0061500006;RESERVAS DE LUCROS                                ; 0000000031841551,47
200505;61230165;BCO COM E INV SUDAMERIS S.A.                                ;U;4010;0061600009;AJUSTES DE AVALIACAO PATRIMONIAL                  ;-0000000000273156,55
200505;61230165;BCO COM E INV SUDAMERIS S.A.                                ;U;4010;0070000009;CONTAS DE RESULTADO CREDORAS                      ; 0000000164893140,56
200505;61230165;BCO COM E INV SUDAMERIS S.A.                                ;U;4010;0071000008;RECEITAS OPERACIONAIS                             ; 0000000163729890,30
200505;61230165;BCO COM E INV SUDAMERIS S.A.                                ;U;4010;0071100001;RENDAS DE OPERACOES DE CREDITO                    ; 0000000000527581,32
200505;61230165;BCO COM E INV SUDAMERIS S.A.                                ;U;4010;0071400000;RENDAS DE APLICACOES INTERFINANCEIRAS DE LIQUIDEZ ; 0000000076541927,74
200505;61230165;BCO COM E INV SUDAMERIS S.A.                                ;U;4010;0071500003;RENDAS COM TIT. E VAL. MOB. E INST. FINANC. DERIV.; 0000000005012661,06
200505;61230165;BCO COM E INV SUDAMERIS S.A.                                ;U;4010;0071700009;RENDAS DE PRESTACAO DE SERVICOS                   ; 0000000021304477,25
200505;61230165;BCO COM E INV SUDAMERIS S.A.                                ;U;4010;0071800002;RENDAS DE PARTICIPACOES                           ; 0000000027296579,35
200505;61230165;BCO COM E INV SUDAMERIS S.A.                                ;U;4010;0071900005;OUTRAS RECEITAS OPERACIONAIS                      ; 0000000033046663,58
200505;61230165;BCO COM E INV SUDAMERIS S.A.                                ;U;4010;0073000006;RECEITAS NAO OPERACIONAIS                         ; 0000000001163250,26
200505;61230165;BCO COM E INV SUDAMERIS S.A.                                ;U;4010;0073100009;LUCROS EM TRANSACOES COM VALORES E BENS           ; 0000000000041908,69
200505;61230165;BCO COM E INV SUDAMERIS S.A.                                ;U;4010;0073900003;OUTRAS RECEITAS NAO OPERACIONAIS                  ; 0000000001121341,57
200505;61230165;BCO COM E INV SUDAMERIS S.A.                                ;U;4010;0080000006;(-) CONTAS DE RESULTADO DEVEDORAS                 ;-0000000067404673,88
200505;61230165;BCO COM E INV SUDAMERIS S.A.                                ;U;4010;0081000005;(-) DESPESAS OPERACIONAIS                         ;-0000000029746298,18
200505;61230165;BCO COM E INV SUDAMERIS S.A.                                ;U;4010;0081100008;(-) DESPESAS DE CAPTACAO                          ;-0000000000028618,84
200505;61230165;BCO COM E INV SUDAMERIS S.A.                                ;U;4010;0081200001;(-) DESP DE OBRIGACOES POR EMPRESTIMOS E REPASSES ;-0000000000858352,59
200505;61230165;BCO COM E INV SUDAMERIS S.A.                                ;U;4010;0081400007;(-) DESPESAS DE CAMBIO                            ;-0000000000039215,10
200505;61230165;BCO COM E INV SUDAMERIS S.A.                                ;U;4010;0081500000;(-) DESP. COM TIT. E VAL. MOB. E INST. FIN. DERIV.;-0000000000120467,10
200505;61230165;BCO COM E INV SUDAMERIS S.A.                                ;U;4010;0081600003;(-) DESPESAS DE PARTICIPACOES                     ;-0000000002781572,51
200505;61230165;BCO COM E INV SUDAMERIS S.A.                                ;U;4010;0081700006;(-) DESPESAS ADMINISTRATIVAS                      ;-0000000008567773,89
200505;61230165;BCO COM E INV SUDAMERIS S.A.                                ;U;4010;0081800009;(-) APROVISIONAMENTOS E AJUSTES PATRIMONIAIS      ;-0000000002582933,31
200505;61230165;BCO COM E INV SUDAMERIS S.A.                                ;U;4010;0081900002;(-) OUTRAS DESPESAS OPERACIONAIS                  ;-0000000014767364,84
200505;61230165;BCO COM E INV SUDAMERIS S.A.                                ;U;4010;0083000003;(-) DESPESAS NAO OPERACIONAIS                     ;-0000000000005820,60
200505;61230165;BCO COM E INV SUDAMERIS S.A.                                ;U;4010;0083900000;(-) OUTRAS DESPESAS NAO OPERACIONAIS              ;-0000000000005820,60
200505;61230165;BCO COM E INV SUDAMERIS S.A.                                ;U;4010;0089000007;(-) APURACAO DE RESULTADO                         ;-0000000037652555,10
200505;61230165;BCO COM E INV SUDAMERIS S.A.                                ;U;4010;0089400009;(-) IMPOSTO DE RENDA                              ;-0000000037652555,10
200505;61230165;BCO COM E INV SUDAMERIS S.A.                                ;U;4010;0090000003;COMPENSACAO                                       ; 0000009419234631,95
200505;61230165;BCO COM E INV SUDAMERIS S.A.                                ;U;4010;0090100006;COOBRIGACOES E RISCOS EM GARANTIAS PRESTADAS      ; 0000000062537809,34
200505;61230165;BCO COM E INV SUDAMERIS S.A.                                ;U;4010;0090300002;TITULOS E VALORES MOBILIARIOS                     ; 0000000124861692,62
200505;61230165;BCO COM E INV SUDAMERIS S.A.                                ;U;4010;0090400005;CUSTODIA DE VALORES                               ; 0000000548586020,07
200505;61230165;BCO COM E INV SUDAMERIS S.A.                                ;U;4010;0090600001;NEGOCIACAO E INTERMEDIACAO DE VALORES             ; 0000000000019484,00
200505;61230165;BCO COM E INV SUDAMERIS S.A.                                ;U;4010;0090800007;CONTRATOS                                         ; 0000007684028620,85
200505;61230165;BCO COM E INV SUDAMERIS S.A.                                ;U;4010;0090900000;CONTROLE                                          ; 0000000989109687,41
200505;61230165;BCO COM E INV SUDAMERIS S.A.                                ;U;4010;0091000002;CLASSIFICACAO DA CARTEIRA DE CREDITOS             ; 0000000010091317,66
200505;61230165;BCO COM E INV SUDAMERIS S.A.                                ;U;4010;0091100005;OPERACOES DE CREDITOS E ARRENDAMENTO MERCANTIL    ; 0000000010091317,66
200505;61230165;BCO COM E INV SUDAMERIS S.A.                                ;U;4010;0099999995;TOTAL GERAL DO PASSIVO                            ; 0000011099569844,54
200505;61348538;BCO FICSA S.A.                                              ;U;4010;0010000007;CIRCULANTE E REALIZAVEL A LONGO PRAZO             ; 0000000186614816,01
200505;61348538;BCO FICSA S.A.                                              ;U;4010;0011000006;DISPONIBILIDADES                                  ; 0000000000088323,71
200505;61348538;BCO FICSA S.A.                                              ;U;4010;0011100009;CAIXA                                             ; 0000000000031411,68
200505;61348538;BCO FICSA S.A.                                              ;U;4010;0011300005;RESERVAS LIVRES                                   ; 0000000000056912,03
200505;61348538;BCO FICSA S.A.                                              ;U;4010;0012000005;APLICACOES INTERFINANCEIRAS DE LIQUIDEZ           ; 0000000004699865,66
200505;61348538;BCO FICSA S.A.                                              ;U;4010;0012100008;APLICACOES EM OPERACOES COMPROMISSADAS            ; 0000000004598876,42
200505;61348538;BCO FICSA S.A.                                              ;U;4010;0012200001;APLICACOES EM DEPOSITOS INTERFINANCEIROS          ; 0000000000100989,24
200505;61348538;BCO FICSA S.A.                                              ;U;4010;0013000004;TITULOS E VAL. MOB. E INST. FINANC. DERIVATIVOS   ; 0000000024790716,72
200505;61348538;BCO FICSA S.A.                                              ;U;4010;0013100007;LIVRES                                            ; 0000000020210492,82
200505;61348538;BCO FICSA S.A.                                              ;U;4010;0013200000;VINCULADOS A OPERACOES COMPROMISSADAS             ; 0000000000900935,07
200505;61348538;BCO FICSA S.A.                                              ;U;4010;0013500009;VINCULADO A AQUIS.ACOES DE EMPRESAS ESTATAIS      ; 0000000000067754,00
200505;61348538;BCO FICSA S.A.                                              ;U;4010;0013600002;VINCULADOS A PRESTACAO DE GARANTIAS               ; 0000000003611534,83
200505;61348538;BCO FICSA S.A.                                              ;U;4010;0014000003;RELACOES INTERFINANCEIRAS                         ; 0000000001141493,78
200505;61348538;BCO FICSA S.A.                                              ;U;4010;0014100006;DIREITOS JUNTO A PARTIC. DE SISTEMAS DE LIQUIDAÇÃO; 0000000000883431,38
200505;61348538;BCO FICSA S.A.                                              ;U;4010;0014200009;CREDITOS VINCULADOS                               ; 0000000000038553,63
200505;61348538;BCO FICSA S.A.                                              ;U;4010;0014400005;RELACOES COM CORRESPONDENTES                      ; 0000000000219508,77
200505;61348538;BCO FICSA S.A.                                              ;U;4010;0015000002;RELACOES INTERDEPENDENCIAS                        ; 0000000000014757,92
200505;61348538;BCO FICSA S.A.                                              ;U;4010;0015200008;TRANSFERENCIAS INTERNAS DE RECURSOS               ; 0000000000014757,92
200505;61348538;BCO FICSA S.A.                                              ;U;4010;0016000001;OPERACOES DE CREDITO                              ; 0000000129685649,96
200505;61348538;BCO FICSA S.A.                                              ;U;4010;0016100004;EMPRESTIMOS E TITULOS DESCONTADOS                 ; 0000000058910256,29
200505;61348538;BCO FICSA S.A.                                              ;U;4010;0016200007;FINANCIAMENTOS                                    ; 0000000084657701,63
200505;61348538;BCO FICSA S.A.                                              ;U;4010;0016900008;(-) PROVISOES PARA OPERACOES DE CREDITO           ;-0000000013882307,96
200505;61348538;BCO FICSA S.A.                                              ;U;4010;0018000009;OUTROS CREDITOS                                   ; 0000000016559361,76
200505;61348538;BCO FICSA S.A.                                              ;U;4010;0018800003;DIVERSOS                                          ; 0000000016559361,76
200505;61348538;BCO FICSA S.A.                                              ;U;4010;0019000008;OUTROS VALORES E BENS                             ; 0000000009634646,50
200505;61348538;BCO FICSA S.A.                                              ;U;4010;0019800002;OUTROS VALORES E BENS                             ; 0000000000723238,09
200505;61348538;BCO FICSA S.A.                                              ;U;4010;0019900005;DESPESAS ANTECIPADAS                              ; 0000000008911408,41
200505;61348538;BCO FICSA S.A.                                              ;U;4010;0020000004;PERMANENTE                                        ; 0000000003202481,67
200505;61348538;BCO FICSA S.A.                                              ;U;4010;0021000003;INVESTIMENTOS                                     ; 0000000000903434,74
200505;61348538;BCO FICSA S.A.                                              ;U;4010;0021300002;INVESTIMENTOS POR INCENTIVOS FISCAIS              ; 0000000000595328,99
200505;61348538;BCO FICSA S.A.                                              ;U;4010;0021400005;TITULOS PATRIMONIAIS                              ; 0000000000160896,30
200505;61348538;BCO FICSA S.A.                                              ;U;4010;0021900000;OUTROS INVESTIMENTOS                              ; 0000000000147209,45
200505;61348538;BCO FICSA S.A.                                              ;U;4010;0022000002;IMOBILIZADO DE USO                                ; 0000000000594215,50
200505;61348538;BCO FICSA S.A.                                              ;U;4010;0022400004;INSTALACOES, MOVEIS E EQUIPAMENTOS DE USO         ; 0000000000265897,11
200505;61348538;BCO FICSA S.A.                                              ;U;4010;0022900009;OUTROS                                            ; 0000000000328318,39
200505;61348538;BCO FICSA S.A.                                              ;U;4010;0024000000;DIFERIDO                                          ; 0000000001704831,43
200505;61348538;BCO FICSA S.A.                                              ;U;4010;0024100003;GASTOS DE ORGANIZACAO E EXPANSAO                  ; 0000000001704831,43
200505;61348538;BCO FICSA S.A.                                              ;U;4010;0030000001;COMPENSACAO                                       ; 0000001075491600,56
200505;61348538;BCO FICSA S.A.                                              ;U;4010;0030100004;COOBRIGACOES E RISCOS EM GARANTIAS PRESTADAS      ; 0000000022616156,83
200505;61348538;BCO FICSA S.A.                                              ;U;4010;0030300000;TITULOS E VALORES MOBILIARIOS                     ; 0000000049581433,44
200505;61348538;BCO FICSA S.A.                                              ;U;4010;0030400003;CUSTODIA DE VALORES                               ; 0000000316189497,81
200505;61348538;BCO FICSA S.A.                                              ;U;4010;0030500006;COBRANCA                                          ; 0000000293802822,56
200505;61348538;BCO FICSA S.A.                                              ;U;4010;0030600009;NEGOCIACAO E INTERMEDIACAO DE VALORES             ; 0000000025983431,48
200505;61348538;BCO FICSA S.A.                                              ;U;4010;0030900008;CONTROLE                                          ; 0000000223750300,52
200505;61348538;BCO FICSA S.A.                                              ;U;4010;0031000000;CLASSIFICACAO DA CARTEIRA DE CREDITOS             ; 0000000143567957,92
200505;61348538;BCO FICSA S.A.                                              ;U;4010;0031100003;OPERACOES DE RISCO NIVEL AA                       ; 0000000065762144,98
200505;61348538;BCO FICSA S.A.                                              ;U;4010;0031200006;OPERACOES DE RISCO NIVEL A                        ; 0000000034366106,23
200505;61348538;BCO FICSA S.A.                                              ;U;4010;0031300009;OPERACOES DE RISCO NIVELB                         ; 0000000010067144,95
200505;61348538;BCO FICSA S.A.                                              ;U;4010;0031400002;OPERACOES DE RISCO NIVELC                         ; 0000000010290688,02
200505;61348538;BCO FICSA S.A.                                              ;U;4010;0031500005;OPERACOES DE RISCO NIVEL D                        ; 0000000006150385,62
200505;61348538;BCO FICSA S.A.                                              ;U;4010;0031600008;OPERACOES DE RISCO NIVEL E                        ; 0000000003290997,62
200505;61348538;BCO FICSA S.A.                                              ;U;4010;0031700001;OPERACOES DE RISCO NIVEL F                        ; 0000000002745175,35
200505;61348538;BCO FICSA S.A.                                              ;U;4010;0031800004;OPERACOES DE RISCO NIVEL G                        ; 0000000001897184,54
200505;61348538;BCO FICSA S.A.                                              ;U;4010;0031900007;OPERACOES DE RISCO NIVEL H                        ; 0000000008998130,61
200505;61348538;BCO FICSA S.A.                                              ;U;4010;0039999993;TOTAL GERAL DO ATIVO                              ; 0000001265308898,24
200505;61348538;BCO FICSA S.A.                                              ;U;4010;0040000008;CIRCULANTE EXIGIVEL A LONGO PRAZO                 ; 0000000134748584,98
200505;61348538;BCO FICSA S.A.                                              ;U;4010;0041000007;DEPOSITOS                                         ; 0000000128550345,15
200505;61348538;BCO FICSA S.A.                                              ;U;4010;0041100000;DEPOSITOS A VISTA                                 ; 0000000002728172,93
200505;61348538;BCO FICSA S.A.                                              ;U;4010;0041300006;DEPOSITOS INTERFINANCEIROS                        ; 0000000013541488,66
200505;61348538;BCO FICSA S.A.                                              ;U;4010;0041500002;DEPOSITOS A PRAZO                                 ; 0000000112273288,30
200505;61348538;BCO FICSA S.A.                                              ;U;4010;0041900004;OUTROS DEPOSITOS                                  ; 0000000000007395,26
200505;61348538;BCO FICSA S.A.                                              ;U;4010;0042000006;OBRIGACOES POR OPERACOES COMPROMISSADAS           ; 0000000000900935,07
200505;61348538;BCO FICSA S.A.                                              ;U;4010;0042100009;CARTEIRA PROPRIA                                  ; 0000000000900935,07
200505;61348538;BCO FICSA S.A.                                              ;U;4010;0044000004;RELACOES INTERFINANCEIRAS                         ; 0000000000381685,22
200505;61348538;BCO FICSA S.A.                                              ;U;4010;0044100007;OBRIGAÇÕES JUNTO A PARTIC. DE SIST. DE LIQUIDACÃO ; 0000000000381685,22
200505;61348538;BCO FICSA S.A.                                              ;U;4010;0045000003;RELACOES INTERDEPENDENCIAS                        ; 0000000000128021,16
200505;61348538;BCO FICSA S.A.                                              ;U;4010;0045100006;RECURSOS EM TRANSITO DE TERCEIROS                 ; 0000000000128021,16
200505;61348538;BCO FICSA S.A.                                              ;U;4010;0047000001;INSTRUMENTOS FINANCEIROS DERIVATIVOS              ; 0000000000010686,08
200505;61348538;BCO FICSA S.A.                                              ;U;4010;0047100004;INSTRUMENTOS FINANCEIROS DERIVATIVOS              ; 0000000000010686,08
200505;61348538;BCO FICSA S.A.                                              ;U;4010;0049000009;OUTRAS OBRIGACOES                                 ; 0000000004776912,30
200505;61348538;BCO FICSA S.A.                                              ;U;4010;0049100002;COBRANCA E ARRECADACAO DE TRIBUTOS E ASSEMELHADOS ; 0000000000026702,60
200505;61348538;BCO FICSA S.A.                                              ;U;4010;0049400001;FISCAIS E PREVIDENCIARIAS                         ; 0000000000440343,76
200505;61348538;BCO FICSA S.A.                                              ;U;4010;0049900006;DIVERSAS                                          ; 0000000004309865,94
200505;61348538;BCO FICSA S.A.                                              ;U;4010;0060000002;PATRIMONIO LIQUIDO                                ; 0000000057384497,87
200505;61348538;BCO FICSA S.A.                                              ;U;4010;0061000001;PATRIMONIO LIQUIDO                                ; 0000000057384497,87
200505;61348538;BCO FICSA S.A.                                              ;U;4010;0061100004;CAPITAL SOCIAL                                    ; 0000000030000000,00
200505;61348538;BCO FICSA S.A.                                              ;U;4010;0061500006;RESERVAS DE LUCROS                                ; 0000000000351843,96
200505;61348538;BCO FICSA S.A.                                              ;U;4010;0061800005;LUCROS OU PREJUIZOS ACUMULADOS                    ; 0000000027032653,91
200505;61348538;BCO FICSA S.A.                                              ;U;4010;0070000009;CONTAS DE RESULTADO CREDORAS                      ; 0000000039254092,71
200505;61348538;BCO FICSA S.A.                                              ;U;4010;0071000008;RECEITAS OPERACIONAIS                             ; 0000000038550425,45
200505;61348538;BCO FICSA S.A.                                              ;U;4010;0071100001;RENDAS DE OPERACOES DE CREDITO                    ; 0000000030309203,50
200505;61348538;BCO FICSA S.A.                                              ;U;4010;0071400000;RENDAS DE APLICACOES INTERFINANCEIRAS DE LIQUIDEZ ; 0000000000150268,94
200505;61348538;BCO FICSA S.A.                                              ;U;4010;0071500003;RENDAS COM TIT. E VAL. MOB. E INST. FINANC. DERIV.; 0000000002023496,47
200505;61348538;BCO FICSA S.A.                                              ;U;4010;0071700009;RENDAS DE PRESTACAO DE SERVICOS                   ; 0000000000632918,75
200505;61348538;BCO FICSA S.A.                                              ;U;4010;0071900005;OUTRAS RECEITAS OPERACIONAIS                      ; 0000000005434537,79
200505;61348538;BCO FICSA S.A.                                              ;U;4010;0073000006;RECEITAS NAO OPERACIONAIS                         ; 0000000000703667,26
200505;61348538;BCO FICSA S.A.                                              ;U;4010;0073100009;LUCROS EM TRANSACOES COM VALORES E BENS           ; 0000000000628436,20
200505;61348538;BCO FICSA S.A.                                              ;U;4010;0073900003;OUTRAS RECEITAS NAO OPERACIONAIS                  ; 0000000000075231,06
200505;61348538;BCO FICSA S.A.                                              ;U;4010;0080000006;(-) CONTAS DE RESULTADO DEVEDORAS                 ;-0000000041569877,88
200505;61348538;BCO FICSA S.A.                                              ;U;4010;0081000005;(-) DESPESAS OPERACIONAIS                         ;-0000000042369018,99
200505;61348538;BCO FICSA S.A.                                              ;U;4010;0081100008;(-) DESPESAS DE CAPTACAO                          ;-0000000009576275,88
200505;61348538;BCO FICSA S.A.                                              ;U;4010;0081500000;(-) DESP. COM TIT. E VAL. MOB. E INST. FIN. DERIV.;-0000000000506334,48
200505;61348538;BCO FICSA S.A.                                              ;U;4010;0081700006;(-) DESPESAS ADMINISTRATIVAS                      ;-0000000021663163,82
200505;61348538;BCO FICSA S.A.                                              ;U;4010;0081800009;(-) APROVISIONAMENTOS E AJUSTES PATRIMONIAIS      ;-0000000009073840,79
200505;61348538;BCO FICSA S.A.                                              ;U;4010;0081900002;(-) OUTRAS DESPESAS OPERACIONAIS                  ;-0000000001549404,02
200505;61348538;BCO FICSA S.A.                                              ;U;4010;0083000003;(-) DESPESAS NAO OPERACIONAIS                     ;-0000000000250669,74
200505;61348538;BCO FICSA S.A.                                              ;U;4010;0083100006;(-) PREJUIZOS EM TRANSACOES COM VALORES E BENS    ;-0000000000166048,36
200505;61348538;BCO FICSA S.A.                                              ;U;4010;0083900000;(-) OUTRAS DESPESAS NAO OPERACIONAIS              ;-0000000000084621,38
200505;61348538;BCO FICSA S.A.                                              ;U;4010;0089000007;(-) APURACAO DE RESULTADO                         ; 0000000001049810,85
200505;61348538;BCO FICSA S.A.                                              ;U;4010;0089400009;(-) IMPOSTO DE RENDA                              ; 0000000001049810,85
200505;61348538;BCO FICSA S.A.                                              ;U;4010;0090000003;COMPENSACAO                                       ; 0000001075491600,56
200505;61348538;BCO FICSA S.A.                                              ;U;4010;0090100006;COOBRIGACOES E RISCOS EM GARANTIAS PRESTADAS      ; 0000000022616156,83
200505;61348538;BCO FICSA S.A.                                              ;U;4010;0090300002;TITULOS E VALORES MOBILIARIOS                     ; 0000000049581433,44
200505;61348538;BCO FICSA S.A.                                              ;U;4010;0090400005;CUSTODIA DE VALORES                               ; 0000000316189497,81
200505;61348538;BCO FICSA S.A.                                              ;U;4010;0090500008;COBRANCA                                          ; 0000000293802822,56
200505;61348538;BCO FICSA S.A.                                              ;U;4010;0090600001;NEGOCIACAO E INTERMEDIACAO DE VALORES             ; 0000000025983431,48
200505;61348538;BCO FICSA S.A.                                              ;U;4010;0090900000;CONTROLE                                          ; 0000000223750300,52
200505;61348538;BCO FICSA S.A.                                              ;U;4010;0091000002;CLASSIFICACAO DA CARTEIRA DE CREDITOS             ; 0000000143567957,92
200505;61348538;BCO FICSA S.A.                                              ;U;4010;0091100005;OPERACOES DE CREDITOS E ARRENDAMENTO MERCANTIL    ; 0000000143567957,92
200505;61348538;BCO FICSA S.A.                                              ;U;4010;0099999995;TOTAL GERAL DO PASSIVO                            ; 0000001265308898,24
200505;61383170;LLOYDS TSB BANK PLC                                         ;B;4010;0010000007;CIRCULANTE E REALIZAVEL A LONGO PRAZO             ; 0000000261124305,73
200505;61383170;LLOYDS TSB BANK PLC                                         ;B;4010;0013000004;TITULOS E VAL. MOB. E INST. FINANC. DERIVATIVOS   ; 0000000062268410,68
200505;61383170;LLOYDS TSB BANK PLC                                         ;B;4010;0013100007;LIVRES                                            ; 0000000062268410,68
200505;61383170;LLOYDS TSB BANK PLC                                         ;B;4010;0014000003;RELACOES INTERFINANCEIRAS                         ; 0000000000694925,81
200505;61383170;LLOYDS TSB BANK PLC                                         ;B;4010;0014200009;CREDITOS VINCULADOS                               ; 0000000000694925,81
200505;61383170;LLOYDS TSB BANK PLC                                         ;B;4010;0018000009;OUTROS CREDITOS                                   ; 0000000198160969,24
200505;61383170;LLOYDS TSB BANK PLC                                         ;B;4010;0018800003;DIVERSOS                                          ; 0000000198160969,24
200505;61383170;LLOYDS TSB BANK PLC                                         ;B;4010;0020000004;PERMANENTE                                        ; 0000000000075219,46
200505;61383170;LLOYDS TSB BANK PLC                                         ;B;4010;0022000002;IMOBILIZADO DE USO                                ; 0000000000075219,46
200505;61383170;LLOYDS TSB BANK PLC                                         ;B;4010;0022900009;OUTROS                                            ; 0000000000075219,46
200505;61383170;LLOYDS TSB BANK PLC                                         ;B;4010;0030000001;COMPENSACAO                                       ; 0000000186474526,91
200505;61383170;LLOYDS TSB BANK PLC                                         ;B;4010;0030100004;COOBRIGACOES E RISCOS EM GARANTIAS PRESTADAS      ; 0000000123989652,68
200505;61383170;LLOYDS TSB BANK PLC                                         ;B;4010;0030300000;TITULOS E VALORES MOBILIARIOS                     ; 0000000062268410,68
200505;61383170;LLOYDS TSB BANK PLC                                         ;B;4010;0030900008;CONTROLE                                          ; 0000000000216463,55
200505;61383170;LLOYDS TSB BANK PLC                                         ;B;4010;0039999993;TOTAL GERAL DO ATIVO                              ; 0000000447674052,10
200505;61383170;LLOYDS TSB BANK PLC                                         ;B;4010;0040000008;CIRCULANTE EXIGIVEL A LONGO PRAZO                 ; 0000000125871867,59
200505;61383170;LLOYDS TSB BANK PLC                                         ;B;4010;0046000002;OBRIGACOES POR EMPRESTIMOS E REPASSES             ; 0000000000215675,62
200505;61383170;LLOYDS TSB BANK PLC                                         ;B;4010;0046100005;EMPRESTIMOS NO PAIS - INSTITUICOES OFICIAIS       ; 0000000000215675,62
200505;61383170;LLOYDS TSB BANK PLC                                         ;B;4010;0049000009;OUTRAS OBRIGACOES                                 ; 0000000125656191,97
200505;61383170;LLOYDS TSB BANK PLC                                         ;B;4010;0049400001;FISCAIS E PREVIDENCIARIAS                         ; 0000000124208123,65
200505;61383170;LLOYDS TSB BANK PLC                                         ;B;4010;0049900006;DIVERSAS                                          ; 0000000001448068,32
200505;61383170;LLOYDS TSB BANK PLC                                         ;B;4010;0060000002;PATRIMONIO LIQUIDO                                ; 0000000142742294,13
200505;61383170;LLOYDS TSB BANK PLC                                         ;B;4010;0061000001;PATRIMONIO LIQUIDO                                ; 0000000142742294,13
200505;61383170;LLOYDS TSB BANK PLC                                         ;B;4010;0061100004;CAPITAL SOCIAL                                    ; 0000000089400986,25
200505;61383170;LLOYDS TSB BANK PLC                                         ;B;4010;0061300000;RESERVAS DE CAPITAL                               ; 0000000000844448,68
200505;61383170;LLOYDS TSB BANK PLC                                         ;B;4010;0061500006;RESERVAS DE LUCROS                                ; 0000000013719057,45
200505;61383170;LLOYDS TSB BANK PLC                                         ;B;4010;0061800005;LUCROS OU PREJUIZOS ACUMULADOS                    ; 0000000038777801,75
200505;61383170;LLOYDS TSB BANK PLC                                         ;B;4010;0070000009;CONTAS DE RESULTADO CREDORAS                      ; 0000000017412484,09
200505;61383170;LLOYDS TSB BANK PLC                                         ;B;4010;0071000008;RECEITAS OPERACIONAIS                             ; 0000000017412484,09
200505;61383170;LLOYDS TSB BANK PLC                                         ;B;4010;0071500003;RENDAS COM TIT. E VAL. MOB. E INST. FINANC. DERIV.; 0000000010365561,20
200505;61383170;LLOYDS TSB BANK PLC                                         ;B;4010;0071900005;OUTRAS RECEITAS OPERACIONAIS                      ; 0000000007046922,89
200505;61383170;LLOYDS TSB BANK PLC                                         ;B;4010;0080000006;(-) CONTAS DE RESULTADO DEVEDORAS                 ;-0000000024827120,62
200505;61383170;LLOYDS TSB BANK PLC                                         ;B;4010;0081000005;(-) DESPESAS OPERACIONAIS                         ;-0000000024725454,93
200505;61383170;LLOYDS TSB BANK PLC                                         ;B;4010;0081100008;(-) DESPESAS DE CAPTACAO                          ;-0000000000009813,80
200505;61383170;LLOYDS TSB BANK PLC                                         ;B;4010;0081700006;(-) DESPESAS ADMINISTRATIVAS                      ;-0000000002058433,54
200505;61383170;LLOYDS TSB BANK PLC                                         ;B;4010;0081800009;(-) APROVISIONAMENTOS E AJUSTES PATRIMONIAIS      ;-0000000000005790,35
200505;61383170;LLOYDS TSB BANK PLC                                         ;B;4010;0081900002;(-) OUTRAS DESPESAS OPERACIONAIS                  ;-0000000022651417,24
200505;61383170;LLOYDS TSB BANK PLC                                         ;B;4010;0083000003;(-) DESPESAS NAO OPERACIONAIS                     ;-0000000000101665,69
200505;61383170;LLOYDS TSB BANK PLC                                         ;B;4010;0083900000;(-) OUTRAS DESPESAS NAO OPERACIONAIS              ;-0000000000101665,69
200505;61383170;LLOYDS TSB BANK PLC                                         ;B;4010;0090000003;COMPENSACAO                                       ; 0000000186474526,91
200505;61383170;LLOYDS TSB BANK PLC                                         ;B;4010;0090100006;COOBRIGACOES E RISCOS EM GARANTIAS PRESTADAS      ; 0000000123989652,68
200505;61383170;LLOYDS TSB BANK PLC                                         ;B;4010;0090300002;TITULOS E VALORES MOBILIARIOS                     ; 0000000062268410,68
200505;61383170;LLOYDS TSB BANK PLC                                         ;B;4010;0090900000;CONTROLE                                          ; 0000000000216463,55
200505;61383170;LLOYDS TSB BANK PLC                                         ;B;4010;0099999995;TOTAL GERAL DO PASSIVO                            ; 0000000447674052,10
200505;61411633;BCO EST SAO PAULO S.A. BANESPA                              ;U;4010;0010000007;CIRCULANTE E REALIZAVEL A LONGO PRAZO             ; 0000031865136713,54
200505;61411633;BCO EST SAO PAULO S.A. BANESPA                              ;U;4010;0011000006;DISPONIBILIDADES                                  ; 0000000390275313,28
200505;61411633;BCO EST SAO PAULO S.A. BANESPA                              ;U;4010;0011100009;CAIXA                                             ; 0000000311222193,70
200505;61411633;BCO EST SAO PAULO S.A. BANESPA                              ;U;4010;0011200002;DEPOSITOS BANCARIOS                               ; 0000000002773334,37
200505;61411633;BCO EST SAO PAULO S.A. BANESPA                              ;U;4010;0011400008;APLICACOES EM OURO                                ; 0000000000756655,16
200505;61411633;BCO EST SAO PAULO S.A. BANESPA                              ;U;4010;0011500001;DISPONIBILIDADES EM MOEDAS ESTRANGEIRAS           ; 0000000075523130,05
200505;61411633;BCO EST SAO PAULO S.A. BANESPA                              ;U;4010;0012000005;APLICACOES INTERFINANCEIRAS DE LIQUIDEZ           ; 0000005731577839,11
200505;61411633;BCO EST SAO PAULO S.A. BANESPA                              ;U;4010;0012200001;APLICACOES EM DEPOSITOS INTERFINANCEIROS          ; 0000005699020512,82
200505;61411633;BCO EST SAO PAULO S.A. BANESPA                              ;U;4010;0012600003;APLICA OES EM MOEDAS ESTRANGEIRAS                 ; 0000000032557326,29
200505;61411633;BCO EST SAO PAULO S.A. BANESPA                              ;U;4010;0013000004;TITULOS E VAL. MOB. E INST. FINANC. DERIVATIVOS   ; 0000010865550101,74
200505;61411633;BCO EST SAO PAULO S.A. BANESPA                              ;U;4010;0013100007;LIVRES                                            ; 0000004444788865,16
200505;61411633;BCO EST SAO PAULO S.A. BANESPA                              ;U;4010;0013200000;VINCULADOS A OPERACOES COMPROMISSADAS             ; 0000004397118555,90
200505;61411633;BCO EST SAO PAULO S.A. BANESPA                              ;U;4010;0013300003;INSTRUMENTOS FINANCEIROS DERIVATIVOS              ; 0000000136271219,70
200505;61411633;BCO EST SAO PAULO S.A. BANESPA                              ;U;4010;0013400006;VINCULADOS AO BANCO CENTRAL                       ; 0000000501150065,58
200505;61411633;BCO EST SAO PAULO S.A. BANESPA                              ;U;4010;0013500009;VINCULADO A AQUIS.ACOES DE EMPRESAS ESTATAIS      ; 0000000039211297,45
200505;61411633;BCO EST SAO PAULO S.A. BANESPA                              ;U;4010;0013600002;VINCULADOS A PRESTACAO DE GARANTIAS               ; 0000000610766250,01
200505;61411633;BCO EST SAO PAULO S.A. BANESPA                              ;U;4010;0013700005;TÍTULOS OBJ. OPER. COMPROMISSADAS COM LIVRE MOV   ; 0000000736243847,94
200505;61411633;BCO EST SAO PAULO S.A. BANESPA                              ;U;4010;0014000003;RELACOES INTERFINANCEIRAS                         ; 0000002552190591,17
200505;61411633;BCO EST SAO PAULO S.A. BANESPA                              ;U;4010;0014100006;DIREITOS JUNTO A PARTIC. DE SISTEMAS DE LIQUIDAÇÃO; 0000000186017696,19
200505;61411633;BCO EST SAO PAULO S.A. BANESPA                              ;U;4010;0014200009;CREDITOS VINCULADOS                               ; 0000002364532585,42
200505;61411633;BCO EST SAO PAULO S.A. BANESPA                              ;U;4010;0014400005;RELACOES COM CORRESPONDENTES                      ; 0000000001640309,56
200505;61411633;BCO EST SAO PAULO S.A. BANESPA                              ;U;4010;0016000001;OPERACOES DE CREDITO                              ; 0000007717533747,01
200505;61411633;BCO EST SAO PAULO S.A. BANESPA                              ;U;4010;0016100004;EMPRESTIMOS E TITULOS DESCONTADOS                 ; 0000004282656723,28
200505;61411633;BCO EST SAO PAULO S.A. BANESPA                              ;U;4010;0016200007;FINANCIAMENTOS                                    ; 0000002043987596,59
200505;61411633;BCO EST SAO PAULO S.A. BANESPA                              ;U;4010;0016300000;FINANCIAMENTOS RURAIS E AGROINDUSTRIAIS           ; 0000001448781887,15
200505;61411633;BCO EST SAO PAULO S.A. BANESPA                              ;U;4010;0016400003;FINANCIAMENTOS IMOBILIARIOS                       ; 0000000414423176,26
200505;61411633;BCO EST SAO PAULO S.A. BANESPA                              ;U;4010;0016600009;FINANCIAMENTOS DE INFRAESTRUTURA E DESENVOLVIMENTO; 0000000035311307,55
200505;61411633;BCO EST SAO PAULO S.A. BANESPA                              ;U;4010;0016900008;(-) PROVISOES PARA OPERACOES DE CREDITO           ;-0000000507626943,82
200505;61411633;BCO EST SAO PAULO S.A. BANESPA                              ;U;4010;0018000009;OUTROS CREDITOS                                   ; 0000004501599637,91
200505;61411633;BCO EST SAO PAULO S.A. BANESPA                              ;U;4010;0018100002;AVAIS E FIANCAS HONRADOS                          ; 0000000000009874,20
200505;61411633;BCO EST SAO PAULO S.A. BANESPA                              ;U;4010;0018200005;CARTEIRA DE CAMBIO                                ; 0000000314590514,38
200505;61411633;BCO EST SAO PAULO S.A. BANESPA                              ;U;4010;0018300008;RENDAS A RECEBER                                  ; 0000000053508298,40
200505;61411633;BCO EST SAO PAULO S.A. BANESPA                              ;U;4010;0018400001;NEGOCIACAO E INTERMEDIACAO DE VALORES             ; 0000000022032577,48
200505;61411633;BCO EST SAO PAULO S.A. BANESPA                              ;U;4010;0018800003;DIVERSOS                                          ; 0000004120053133,36
200505;61411633;BCO EST SAO PAULO S.A. BANESPA                              ;U;4010;0018900006;(-) PROVISOES PARA OUTROS CREDITOS                ;-0000000008594759,91
200505;61411633;BCO EST SAO PAULO S.A. BANESPA                              ;U;4010;0019000008;OUTROS VALORES E BENS                             ; 0000000106409483,32
200505;61411633;BCO EST SAO PAULO S.A. BANESPA                              ;U;4010;0019800002;OUTROS VALORES E BENS                             ; 0000000034972213,20
200505;61411633;BCO EST SAO PAULO S.A. BANESPA                              ;U;4010;0019900005;DESPESAS ANTECIPADAS                              ; 0000000071437270,12
200505;61411633;BCO EST SAO PAULO S.A. BANESPA                              ;U;4010;0020000004;PERMANENTE                                        ; 0000002076631917,24
200505;61411633;BCO EST SAO PAULO S.A. BANESPA                              ;U;4010;0021000003;INVESTIMENTOS                                     ; 0000000771951774,53
200505;61411633;BCO EST SAO PAULO S.A. BANESPA                              ;U;4010;0021100006;INVESTIMENTOS NO EXTERIOR                         ; 0000000260386420,09
200505;61411633;BCO EST SAO PAULO S.A. BANESPA                              ;U;4010;0021200009;PARTICIPACOES EM COLIGADAS E CONTROLADAS NO PAIS  ; 0000000505084727,31
200505;61411633;BCO EST SAO PAULO S.A. BANESPA                              ;U;4010;0021400005;TITULOS PATRIMONIAIS                              ; 0000000003482811,94
200505;61411633;BCO EST SAO PAULO S.A. BANESPA                              ;U;4010;0021500008;ACOES E COTAS                                     ; 0000000002997815,19
200505;61411633;BCO EST SAO PAULO S.A. BANESPA                              ;U;4010;0022000002;IMOBILIZADO DE USO                                ; 0000000464917799,43
200505;61411633;BCO EST SAO PAULO S.A. BANESPA                              ;U;4010;0022200008;IMOBILIZACOES EM CURSO                            ; 0000000007070807,53
200505;61411633;BCO EST SAO PAULO S.A. BANESPA                              ;U;4010;0022300001;IMOVEIS DE USO                                    ; 0000000081139166,99
200505;61411633;BCO EST SAO PAULO S.A. BANESPA                              ;U;4010;0022400004;INSTALACOES, MOVEIS E EQUIPAMENTOS DE USO         ; 0000000103498231,06
200505;61411633;BCO EST SAO PAULO S.A. BANESPA                              ;U;4010;0022900009;OUTROS                                            ; 0000000273209593,85
200505;61411633;BCO EST SAO PAULO S.A. BANESPA                              ;U;4010;0024000000;DIFERIDO                                          ; 0000000839762343,28
200505;61411633;BCO EST SAO PAULO S.A. BANESPA                              ;U;4010;0024100003;GASTOS DE ORGANIZACAO E EXPANSAO                  ; 0000000839762343,28
200505;61411633;BCO EST SAO PAULO S.A. BANESPA                              ;U;4010;0030000001;COMPENSACAO                                       ; 0000144605845019,55
200505;61411633;BCO EST SAO PAULO S.A. BANESPA                              ;U;4010;0030100004;COOBRIGACOES E RISCOS EM GARANTIAS PRESTADAS      ; 0000000513118900,24
200505;61411633;BCO EST SAO PAULO S.A. BANESPA                              ;U;4010;0030300000;TITULOS E VALORES MOBILIARIOS                     ; 0000053942764150,72
200505;61411633;BCO EST SAO PAULO S.A. BANESPA                              ;U;4010;0030400003;CUSTODIA DE VALORES                               ; 0000002685953041,15
200505;61411633;BCO EST SAO PAULO S.A. BANESPA                              ;U;4010;0030500006;COBRANCA                                          ; 0000003130647591,55
200505;61411633;BCO EST SAO PAULO S.A. BANESPA                              ;U;4010;0030600009;NEGOCIACAO E INTERMEDIACAO DE VALORES             ; 0000006714602742,44
200505;61411633;BCO EST SAO PAULO S.A. BANESPA                              ;U;4010;0030800005;CONTRATOS                                         ; 0000000545278893,48
200505;61411633;BCO EST SAO PAULO S.A. BANESPA                              ;U;4010;0030900008;CONTROLE                                          ; 0000068183813285,55
200505;61411633;BCO EST SAO PAULO S.A. BANESPA                              ;U;4010;0031000000;CLASSIFICACAO DA CARTEIRA DE CREDITOS             ; 0000008889666414,42
200505;61411633;BCO EST SAO PAULO S.A. BANESPA                              ;U;4010;0031100003;OPERACOES DE RISCO NIVEL AA                       ; 0000001851946132,42
200505;61411633;BCO EST SAO PAULO S.A. BANESPA                              ;U;4010;0031200006;OPERACOES DE RISCO NIVEL A                        ; 0000005594126749,62
200505;61411633;BCO EST SAO PAULO S.A. BANESPA                              ;U;4010;0031300009;OPERACOES DE RISCO NIVELB                         ; 0000000472426059,64
200505;61411633;BCO EST SAO PAULO S.A. BANESPA                              ;U;4010;0031400002;OPERACOES DE RISCO NIVELC                         ; 0000000149518961,19
200505;61411633;BCO EST SAO PAULO S.A. BANESPA                              ;U;4010;0031500005;OPERACOES DE RISCO NIVEL D                        ; 0000000277528533,10
200505;61411633;BCO EST SAO PAULO S.A. BANESPA                              ;U;4010;0031600008;OPERACOES DE RISCO NIVEL E                        ; 0000000064269089,22
200505;61411633;BCO EST SAO PAULO S.A. BANESPA                              ;U;4010;0031700001;OPERACOES DE RISCO NIVEL F                        ; 0000000062005866,47
200505;61411633;BCO EST SAO PAULO S.A. BANESPA                              ;U;4010;0031800004;OPERACOES DE RISCO NIVEL G                        ; 0000000056135454,84
200505;61411633;BCO EST SAO PAULO S.A. BANESPA                              ;U;4010;0031900007;OPERACOES DE RISCO NIVEL H                        ; 0000000361709567,92
200505;61411633;BCO EST SAO PAULO S.A. BANESPA                              ;U;4010;0039999993;TOTAL GERAL DO ATIVO                              ; 0000178547613650,33
200505;61411633;BCO EST SAO PAULO S.A. BANESPA                              ;U;4010;0040000008;CIRCULANTE EXIGIVEL A LONGO PRAZO                 ; 0000028063661639,31
200505;61411633;BCO EST SAO PAULO S.A. BANESPA                              ;U;4010;0041000007;DEPOSITOS                                         ; 0000011266834414,58
200505;61411633;BCO EST SAO PAULO S.A. BANESPA                              ;U;4010;0041100000;DEPOSITOS A VISTA                                 ; 0000002421882468,45
200505;61411633;BCO EST SAO PAULO S.A. BANESPA                              ;U;4010;0041200003;DEPOSITOS DE POUPANCA                             ; 0000003612486571,87
200505;61411633;BCO EST SAO PAULO S.A. BANESPA                              ;U;4010;0041300006;DEPOSITOS INTERFINANCEIROS                        ; 0000000206790487,83
200505;61411633;BCO EST SAO PAULO S.A. BANESPA                              ;U;4010;0041500002;DEPOSITOS A PRAZO                                 ; 0000004982507650,43
200505;61411633;BCO EST SAO PAULO S.A. BANESPA                              ;U;4010;0041600005;OBRIGACOES P/DEPOS ESPEC E DE FUNDOS E PROGRAMAS  ; 0000000003747405,87
200505;61411633;BCO EST SAO PAULO S.A. BANESPA                              ;U;4010;0041800001;DEPOSITOS EM MOEDAS ESTRANGEIRAS                  ; 0000000000012604,82
200505;61411633;BCO EST SAO PAULO S.A. BANESPA                              ;U;4010;0041900004;OUTROS DEPOSITOS                                  ; 0000000039407225,31
200505;61411633;BCO EST SAO PAULO S.A. BANESPA                              ;U;4010;0042000006;OBRIGACOES POR OPERACOES COMPROMISSADAS           ; 0000005896157817,02
200505;61411633;BCO EST SAO PAULO S.A. BANESPA                              ;U;4010;0042100009;CARTEIRA PROPRIA                                  ; 0000005147362077,28
200505;61411633;BCO EST SAO PAULO S.A. BANESPA                              ;U;4010;0042300005;CARTEIRA LIVRE MOVIMENTACAO                       ; 0000000748795739,74
200505;61411633;BCO EST SAO PAULO S.A. BANESPA                              ;U;4010;0043000005;RECURSOS ACEITES CAMB,LI E HIP.,DEBENT.E SIMILARES; 0000000597151674,04
200505;61411633;BCO EST SAO PAULO S.A. BANESPA                              ;U;4010;0043500000;OBRIGACOES P/TITULOS E VALS.MOBILIARIOS EXTERIOR  ; 0000000597151674,04
200505;61411633;BCO EST SAO PAULO S.A. BANESPA                              ;U;4010;0044000004;RELACOES INTERFINANCEIRAS                         ; 0000000181732684,48
200505;61411633;BCO EST SAO PAULO S.A. BANESPA                              ;U;4010;0044100007;OBRIGAÇÕES JUNTO A PARTIC. DE SIST. DE LIQUIDACÃO ; 0000000175323427,98
200505;61411633;BCO EST SAO PAULO S.A. BANESPA                              ;U;4010;0044400006;RELACOES COM CORRESPONDENTES                      ; 0000000006409256,50
200505;61411633;BCO EST SAO PAULO S.A. BANESPA                              ;U;4010;0045000003;RELACOES INTERDEPENDENCIAS                        ; 0000000132726567,49
200505;61411633;BCO EST SAO PAULO S.A. BANESPA                              ;U;4010;0045100006;RECURSOS EM TRANSITO DE TERCEIROS                 ; 0000000128229266,99
200505;61411633;BCO EST SAO PAULO S.A. BANESPA                              ;U;4010;0045200009;TRANSFERENCIAS INTERNAS DE RECURSOS               ; 0000000004497300,50
200505;61411633;BCO EST SAO PAULO S.A. BANESPA                              ;U;4010;0046000002;OBRIGACOES POR EMPRESTIMOS E REPASSES             ; 0000001576094510,78
200505;61411633;BCO EST SAO PAULO S.A. BANESPA                              ;U;4010;0046300001;EMPRESTIMOS NO EXTERIOR                           ; 0000000620834656,66
200505;61411633;BCO EST SAO PAULO S.A. BANESPA                              ;U;4010;0046400004;REPASSES DO PAIS - INSTITUICOES OFICIAIS          ; 0000000955259854,12
200505;61411633;BCO EST SAO PAULO S.A. BANESPA                              ;U;4010;0047000001;INSTRUMENTOS FINANCEIROS DERIVATIVOS              ; 0000000015517911,92
200505;61411633;BCO EST SAO PAULO S.A. BANESPA                              ;U;4010;0047100004;INSTRUMENTOS FINANCEIROS DERIVATIVOS              ; 0000000015517911,92
200505;61411633;BCO EST SAO PAULO S.A. BANESPA                              ;U;4010;0049000009;OUTRAS OBRIGACOES                                 ; 0000008397446059,00
200505;61411633;BCO EST SAO PAULO S.A. BANESPA                              ;U;4010;0049100002;COBRANCA E ARRECADACAO DE TRIBUTOS E ASSEMELHADOS ; 0000000108133315,96
200505;61411633;BCO EST SAO PAULO S.A. BANESPA                              ;U;4010;0049200005;CARTEIRA DE CAMBIO                                ; 0000000072214444,36
200505;61411633;BCO EST SAO PAULO S.A. BANESPA                              ;U;4010;0049300008;SOCIAIS E ESTATUTARIAS                            ; 0000000075887253,45
200505;61411633;BCO EST SAO PAULO S.A. BANESPA                              ;U;4010;0049400001;FISCAIS E PREVIDENCIARIAS                         ; 0000001770819787,32
200505;61411633;BCO EST SAO PAULO S.A. BANESPA                              ;U;4010;0049500004;NEGOCIACAO E INTERMEDIACAO DE VALORES             ; 0000000009218149,55
200505;61411633;BCO EST SAO PAULO S.A. BANESPA                              ;U;4010;0049600007;RECURSOS PARA DESTINACAO ESPECIFICA               ; 0000000000000373,69
200505;61411633;BCO EST SAO PAULO S.A. BANESPA                              ;U;4010;0049900006;DIVERSAS                                          ; 0000006361172734,67
200505;61411633;BCO EST SAO PAULO S.A. BANESPA                              ;U;4010;0050000005;RESULTADOS DE EXERCICIOS FUTUROS                  ; 0000000018689222,68
200505;61411633;BCO EST SAO PAULO S.A. BANESPA                              ;U;4010;0051000004;RECEITAS DE EXERCICIOS FUTUROS                    ; 0000000018689222,68
200505;61411633;BCO EST SAO PAULO S.A. BANESPA                              ;U;4010;0051100007;RECEITAS DE EXERCICIOS FUTUROS                    ; 0000000018689222,68
200505;61411633;BCO EST SAO PAULO S.A. BANESPA                              ;U;4010;0060000002;PATRIMONIO LIQUIDO                                ; 0000005632207053,62
200505;61411633;BCO EST SAO PAULO S.A. BANESPA                              ;U;4010;0061000001;PATRIMONIO LIQUIDO                                ; 0000005632207053,62
200505;61411633;BCO EST SAO PAULO S.A. BANESPA                              ;U;4010;0061100004;CAPITAL SOCIAL                                    ; 0000002536794330,02
200505;61411633;BCO EST SAO PAULO S.A. BANESPA                              ;U;4010;0061300000;RESERVAS DE CAPITAL                               ; 0000000157083416,84
200505;61411633;BCO EST SAO PAULO S.A. BANESPA                              ;U;4010;0061500006;RESERVAS DE LUCROS                                ; 0000000343944576,04
200505;61411633;BCO EST SAO PAULO S.A. BANESPA                              ;U;4010;0061600009;AJUSTES DE AVALIACAO PATRIMONIAL                  ; 0000000159360117,52
200505;61411633;BCO EST SAO PAULO S.A. BANESPA                              ;U;4010;0061800005;LUCROS OU PREJUIZOS ACUMULADOS                    ; 0000002435024613,20
200505;61411633;BCO EST SAO PAULO S.A. BANESPA                              ;U;4010;0070000009;CONTAS DE RESULTADO CREDORAS                      ; 0000005265827675,58
200505;61411633;BCO EST SAO PAULO S.A. BANESPA                              ;U;4010;0071000008;RECEITAS OPERACIONAIS                             ; 0000005236326232,12
200505;61411633;BCO EST SAO PAULO S.A. BANESPA                              ;U;4010;0071100001;RENDAS DE OPERACOES DE CREDITO                    ; 0000001051229097,00
200505;61411633;BCO EST SAO PAULO S.A. BANESPA                              ;U;4010;0071300007;RENDAS DE CAMBIO                                  ; 0000000024042217,16
200505;61411633;BCO EST SAO PAULO S.A. BANESPA                              ;U;4010;0071400000;RENDAS DE APLICACOES INTERFINANCEIRAS DE LIQUIDEZ ; 0000000347380051,61
200505;61411633;BCO EST SAO PAULO S.A. BANESPA                              ;U;4010;0071500003;RENDAS COM TIT. E VAL. MOB. E INST. FINANC. DERIV.; 0000002086487065,96
200505;61411633;BCO EST SAO PAULO S.A. BANESPA                              ;U;4010;0071700009;RENDAS DE PRESTACAO DE SERVICOS                   ; 0000000569972484,24
200505;61411633;BCO EST SAO PAULO S.A. BANESPA                              ;U;4010;0071800002;RENDAS DE PARTICIPACOES                           ; 0000000059822111,27
200505;61411633;BCO EST SAO PAULO S.A. BANESPA                              ;U;4010;0071900005;OUTRAS RECEITAS OPERACIONAIS                      ; 0000001097393204,88
200505;61411633;BCO EST SAO PAULO S.A. BANESPA                              ;U;4010;0073000006;RECEITAS NAO OPERACIONAIS                         ; 0000000027137972,79
200505;61411633;BCO EST SAO PAULO S.A. BANESPA                              ;U;4010;0073100009;LUCROS EM TRANSACOES COM VALORES E BENS           ; 0000000001730168,56
200505;61411633;BCO EST SAO PAULO S.A. BANESPA                              ;U;4010;0073900003;OUTRAS RECEITAS NAO OPERACIONAIS                  ; 0000000025407804,23
200505;61411633;BCO EST SAO PAULO S.A. BANESPA                              ;U;4010;0078000001;RATEIO DE RESULTADOS INTERNOS                     ; 0000000002363470,67
200505;61411633;BCO EST SAO PAULO S.A. BANESPA                              ;U;4010;0078100004;RATEIO DE RESULTADOS INTERNOS                     ; 0000000002363470,67
200505;61411633;BCO EST SAO PAULO S.A. BANESPA                              ;U;4010;0080000006;(-) CONTAS DE RESULTADO DEVEDORAS                 ;-0000005038616960,41
200505;61411633;BCO EST SAO PAULO S.A. BANESPA                              ;U;4010;0081000005;(-) DESPESAS OPERACIONAIS                         ;-0000005022254117,88
200505;61411633;BCO EST SAO PAULO S.A. BANESPA                              ;U;4010;0081100008;(-) DESPESAS DE CAPTACAO                          ;-0000000873421769,44
200505;61411633;BCO EST SAO PAULO S.A. BANESPA                              ;U;4010;0081200001;(-) DESP DE OBRIGACOES POR EMPRESTIMOS E REPASSES ;-0000000045056823,18
200505;61411633;BCO EST SAO PAULO S.A. BANESPA                              ;U;4010;0081400007;(-) DESPESAS DE CAMBIO                            ;-0000000038931085,40
200505;61411633;BCO EST SAO PAULO S.A. BANESPA                              ;U;4010;0081500000;(-) DESP. COM TIT. E VAL. MOB. E INST. FIN. DERIV.;-0000001354731623,23
200505;61411633;BCO EST SAO PAULO S.A. BANESPA                              ;U;4010;0081600003;(-) DESPESAS DE PARTICIPACOES                     ;-0000000057405669,67
200505;61411633;BCO EST SAO PAULO S.A. BANESPA                              ;U;4010;0081700006;(-) DESPESAS ADMINISTRATIVAS                      ;-0000001108559370,61
200505;61411633;BCO EST SAO PAULO S.A. BANESPA                              ;U;4010;0081800009;(-) APROVISIONAMENTOS E AJUSTES PATRIMONIAIS      ;-0000000330538065,79
200505;61411633;BCO EST SAO PAULO S.A. BANESPA                              ;U;4010;0081900002;(-) OUTRAS DESPESAS OPERACIONAIS                  ;-0000001213609710,56
200505;61411633;BCO EST SAO PAULO S.A. BANESPA                              ;U;4010;0083000003;(-) DESPESAS NAO OPERACIONAIS                     ;-0000000075032933,55
200505;61411633;BCO EST SAO PAULO S.A. BANESPA                              ;U;4010;0083100006;(-) PREJUIZOS EM TRANSACOES COM VALORES E BENS    ;-0000000004773787,65
200505;61411633;BCO EST SAO PAULO S.A. BANESPA                              ;U;4010;0083900000;(-) OUTRAS DESPESAS NAO OPERACIONAIS              ;-0000000070259145,90
200505;61411633;BCO EST SAO PAULO S.A. BANESPA                              ;U;4010;0088000008;(-) RATEIO DE RESULTADOS INTERNOS                 ;-0000000002363470,67
200505;61411633;BCO EST SAO PAULO S.A. BANESPA                              ;U;4010;0088100001;(-) RATEIO DE RESULTADOS INTERNOS                 ;-0000000002363470,67
200505;61411633;BCO EST SAO PAULO S.A. BANESPA                              ;U;4010;0089000007;(-) APURACAO DE RESULTADO                         ; 0000000061033561,69
200505;61411633;BCO EST SAO PAULO S.A. BANESPA                              ;U;4010;0089400009;(-) IMPOSTO DE RENDA                              ; 0000000108149561,69
200505;61411633;BCO EST SAO PAULO S.A. BANESPA                              ;U;4010;0089700008;(-) PARTICIPACOES NO LUCRO                        ;-0000000047116000,00
200505;61411633;BCO EST SAO PAULO S.A. BANESPA                              ;U;4010;0090000003;COMPENSACAO                                       ; 0000144605845019,55
200505;61411633;BCO EST SAO PAULO S.A. BANESPA                              ;U;4010;0090100006;COOBRIGACOES E RISCOS EM GARANTIAS PRESTADAS      ; 0000000513118900,24
200505;61411633;BCO EST SAO PAULO S.A. BANESPA                              ;U;4010;0090300002;TITULOS E VALORES MOBILIARIOS                     ; 0000053942764150,72
200505;61411633;BCO EST SAO PAULO S.A. BANESPA                              ;U;4010;0090400005;CUSTODIA DE VALORES                               ; 0000002685953041,15
200505;61411633;BCO EST SAO PAULO S.A. BANESPA                              ;U;4010;0090500008;COBRANCA                                          ; 0000003130647591,55
200505;61411633;BCO EST SAO PAULO S.A. BANESPA                              ;U;4010;0090600001;NEGOCIACAO E INTERMEDIACAO DE VALORES             ; 0000006714602742,44
200505;61411633;BCO EST SAO PAULO S.A. BANESPA                              ;U;4010;0090800007;CONTRATOS                                         ; 0000000545278893,48
200505;61411633;BCO EST SAO PAULO S.A. BANESPA                              ;U;4010;0090900000;CONTROLE                                          ; 0000068183813285,55
200505;61411633;BCO EST SAO PAULO S.A. BANESPA                              ;U;4010;0091000002;CLASSIFICACAO DA CARTEIRA DE CREDITOS             ; 0000008889666414,42
200505;61411633;BCO EST SAO PAULO S.A. BANESPA                              ;U;4010;0091100005;OPERACOES DE CREDITOS E ARRENDAMENTO MERCANTIL    ; 0000008889666414,42
200505;61411633;BCO EST SAO PAULO S.A. BANESPA                              ;U;4010;0099999995;TOTAL GERAL DO PASSIVO                            ; 0000178547613650,33
200505;61472676;BCO SANTANDER BRASIL S.A.                                   ;U;4010;0010000007;CIRCULANTE E REALIZAVEL A LONGO PRAZO             ; 0000038023501448,69
200505;61472676;BCO SANTANDER BRASIL S.A.                                   ;U;4010;0011000006;DISPONIBILIDADES                                  ; 0000000210846531,06
200505;61472676;BCO SANTANDER BRASIL S.A.                                   ;U;4010;0011100009;CAIXA                                             ; 0000000057949253,74
200505;61472676;BCO SANTANDER BRASIL S.A.                                   ;U;4010;0011200002;DEPOSITOS BANCARIOS                               ; 0000000002213386,30
200505;61472676;BCO SANTANDER BRASIL S.A.                                   ;U;4010;0011500001;DISPONIBILIDADES EM MOEDAS ESTRANGEIRAS           ; 0000000150683891,02
200505;61472676;BCO SANTANDER BRASIL S.A.                                   ;U;4010;0012000005;APLICACOES INTERFINANCEIRAS DE LIQUIDEZ           ; 0000010651581154,30
200505;61472676;BCO SANTANDER BRASIL S.A.                                   ;U;4010;0012100008;APLICACOES EM OPERACOES COMPROMISSADAS            ; 0000009850110223,18
200505;61472676;BCO SANTANDER BRASIL S.A.                                   ;U;4010;0012200001;APLICACOES EM DEPOSITOS INTERFINANCEIROS          ; 0000000664273371,98
200505;61472676;BCO SANTANDER BRASIL S.A.                                   ;U;4010;0012600003;APLICA OES EM MOEDAS ESTRANGEIRAS                 ; 0000000137197559,14
200505;61472676;BCO SANTANDER BRASIL S.A.                                   ;U;4010;0013000004;TITULOS E VAL. MOB. E INST. FINANC. DERIVATIVOS   ; 0000012378667753,43
200505;61472676;BCO SANTANDER BRASIL S.A.                                   ;U;4010;0013100007;LIVRES                                            ; 0000004127304730,68
200505;61472676;BCO SANTANDER BRASIL S.A.                                   ;U;4010;0013200000;VINCULADOS A OPERACOES COMPROMISSADAS             ; 0000003612959374,95
200505;61472676;BCO SANTANDER BRASIL S.A.                                   ;U;4010;0013300003;INSTRUMENTOS FINANCEIROS DERIVATIVOS              ; 0000001010208595,26
200505;61472676;BCO SANTANDER BRASIL S.A.                                   ;U;4010;0013400006;VINCULADOS AO BANCO CENTRAL                       ; 0000001860030402,68
200505;61472676;BCO SANTANDER BRASIL S.A.                                   ;U;4010;0013500009;VINCULADO A AQUIS.ACOES DE EMPRESAS ESTATAIS      ; 0000000029028670,01
200505;61472676;BCO SANTANDER BRASIL S.A.                                   ;U;4010;0013600002;VINCULADOS A PRESTACAO DE GARANTIAS               ; 0000001739135979,85
200505;61472676;BCO SANTANDER BRASIL S.A.                                   ;U;4010;0014000003;RELACOES INTERFINANCEIRAS                         ; 0000001149212583,59
200505;61472676;BCO SANTANDER BRASIL S.A.                                   ;U;4010;0014100006;DIREITOS JUNTO A PARTIC. DE SISTEMAS DE LIQUIDAÇÃO; 0000000103712544,67
200505;61472676;BCO SANTANDER BRASIL S.A.                                   ;U;4010;0014200009;CREDITOS VINCULADOS                               ; 0000001044159617,53
200505;61472676;BCO SANTANDER BRASIL S.A.                                   ;U;4010;0014400005;RELACOES COM CORRESPONDENTES                      ; 0000000001340421,39
200505;61472676;BCO SANTANDER BRASIL S.A.                                   ;U;4010;0015000002;RELACOES INTERDEPENDENCIAS                        ; 0000000000007846,18
200505;61472676;BCO SANTANDER BRASIL S.A.                                   ;U;4010;0015200008;TRANSFERENCIAS INTERNAS DE RECURSOS               ; 0000000000007846,18
200505;61472676;BCO SANTANDER BRASIL S.A.                                   ;U;4010;0016000001;OPERACOES DE CREDITO                              ; 0000007713330606,29
200505;61472676;BCO SANTANDER BRASIL S.A.                                   ;U;4010;0016100004;EMPRESTIMOS E TITULOS DESCONTADOS                 ; 0000004041314189,27
200505;61472676;BCO SANTANDER BRASIL S.A.                                   ;U;4010;0016200007;FINANCIAMENTOS                                    ; 0000003264605928,71
200505;61472676;BCO SANTANDER BRASIL S.A.                                   ;U;4010;0016300000;FINANCIAMENTOS RURAIS E AGROINDUSTRIAIS           ; 0000000276763380,31
200505;61472676;BCO SANTANDER BRASIL S.A.                                   ;U;4010;0016400003;FINANCIAMENTOS IMOBILIARIOS                       ; 0000000324920527,41
200505;61472676;BCO SANTANDER BRASIL S.A.                                   ;U;4010;0016500006;FINANCIAMENTOS DE TITULOS E VALORES MOBILIARIOS   ; 0000000023479036,96
200505;61472676;BCO SANTANDER BRASIL S.A.                                   ;U;4010;0016900008;(-) PROVISOES PARA OPERACOES DE CREDITO           ;-0000000217752456,37
200505;61472676;BCO SANTANDER BRASIL S.A.                                   ;U;4010;0018000009;OUTROS CREDITOS                                   ; 0000005849727535,71
200505;61472676;BCO SANTANDER BRASIL S.A.                                   ;U;4010;0018200005;CARTEIRA DE CAMBIO                                ; 0000004696570307,32
200505;61472676;BCO SANTANDER BRASIL S.A.                                   ;U;4010;0018300008;RENDAS A RECEBER                                  ; 0000000040169572,41
200505;61472676;BCO SANTANDER BRASIL S.A.                                   ;U;4010;0018400001;NEGOCIACAO E INTERMEDIACAO DE VALORES             ; 0000000114657923,24
200505;61472676;BCO SANTANDER BRASIL S.A.                                   ;U;4010;0018800003;DIVERSOS                                          ; 0000001047484993,58
200505;61472676;BCO SANTANDER BRASIL S.A.                                   ;U;4010;0018900006;(-) PROVISOES PARA OUTROS CREDITOS                ;-0000000049155260,84
200505;61472676;BCO SANTANDER BRASIL S.A.                                   ;U;4010;0019000008;OUTROS VALORES E BENS                             ; 0000000070127438,13
200505;61472676;BCO SANTANDER BRASIL S.A.                                   ;U;4010;0019800002;OUTROS VALORES E BENS                             ; 0000000000843689,82
200505;61472676;BCO SANTANDER BRASIL S.A.                                   ;U;4010;0019900005;DESPESAS ANTECIPADAS                              ; 0000000069283748,31
200505;61472676;BCO SANTANDER BRASIL S.A.                                   ;U;4010;0020000004;PERMANENTE                                        ; 0000001172108064,21
200505;61472676;BCO SANTANDER BRASIL S.A.                                   ;U;4010;0021000003;INVESTIMENTOS                                     ; 0000000736983131,17
200505;61472676;BCO SANTANDER BRASIL S.A.                                   ;U;4010;0021100006;INVESTIMENTOS NO EXTERIOR                         ; 0000000224822030,19
200505;61472676;BCO SANTANDER BRASIL S.A.                                   ;U;4010;0021200009;PARTICIPACOES EM COLIGADAS E CONTROLADAS NO PAIS  ; 0000000497184028,65
200505;61472676;BCO SANTANDER BRASIL S.A.                                   ;U;4010;0021400005;TITULOS PATRIMONIAIS                              ; 0000000004382132,74
200505;61472676;BCO SANTANDER BRASIL S.A.                                   ;U;4010;0021500008;ACOES E COTAS                                     ; 0000000009966527,78
200505;61472676;BCO SANTANDER BRASIL S.A.                                   ;U;4010;0021900000;OUTROS INVESTIMENTOS                              ; 0000000000628411,81
200505;61472676;BCO SANTANDER BRASIL S.A.                                   ;U;4010;0022000002;IMOBILIZADO DE USO                                ; 0000000122218619,32
200505;61472676;BCO SANTANDER BRASIL S.A.                                   ;U;4010;0022200008;IMOBILIZACOES EM CURSO                            ; 0000000002062419,61
200505;61472676;BCO SANTANDER BRASIL S.A.                                   ;U;4010;0022300001;IMOVEIS DE USO                                    ; 0000000030046260,40
200505;61472676;BCO SANTANDER BRASIL S.A.                                   ;U;4010;0022400004;INSTALACOES, MOVEIS E EQUIPAMENTOS DE USO         ; 0000000041522510,24
200505;61472676;BCO SANTANDER BRASIL S.A.                                   ;U;4010;0022900009;OUTROS                                            ; 0000000048587429,07
200505;61472676;BCO SANTANDER BRASIL S.A.                                   ;U;4010;0024000000;DIFERIDO                                          ; 0000000312906313,72
200505;61472676;BCO SANTANDER BRASIL S.A.                                   ;U;4010;0024100003;GASTOS DE ORGANIZACAO E EXPANSAO                  ; 0000000312906313,72
200505;61472676;BCO SANTANDER BRASIL S.A.                                   ;U;4010;0030000001;COMPENSACAO                                       ; 0000417212910571,56
200505;61472676;BCO SANTANDER BRASIL S.A.                                   ;U;4010;0030100004;COOBRIGACOES E RISCOS EM GARANTIAS PRESTADAS      ; 0000004069771703,34
200505;61472676;BCO SANTANDER BRASIL S.A.                                   ;U;4010;0030300000;TITULOS E VALORES MOBILIARIOS                     ; 0000027554875539,90
200505;61472676;BCO SANTANDER BRASIL S.A.                                   ;U;4010;0030400003;CUSTODIA DE VALORES                               ; 0000182485825931,57
200505;61472676;BCO SANTANDER BRASIL S.A.                                   ;U;4010;0030500006;COBRANCA                                          ; 0000022026437761,64
200505;61472676;BCO SANTANDER BRASIL S.A.                                   ;U;4010;0030600009;NEGOCIACAO E INTERMEDIACAO DE VALORES             ; 0000064190260670,02
200505;61472676;BCO SANTANDER BRASIL S.A.                                   ;U;4010;0030800005;CONTRATOS                                         ; 0000045689383975,89
200505;61472676;BCO SANTANDER BRASIL S.A.                                   ;U;4010;0030900008;CONTROLE                                          ; 0000061668442120,92
200505;61472676;BCO SANTANDER BRASIL S.A.                                   ;U;4010;0031000000;CLASSIFICACAO DA CARTEIRA DE CREDITOS             ; 0000009527912868,28
200505;61472676;BCO SANTANDER BRASIL S.A.                                   ;U;4010;0031100003;OPERACOES DE RISCO NIVEL AA                       ; 0000005481568491,11
200505;61472676;BCO SANTANDER BRASIL S.A.                                   ;U;4010;0031200006;OPERACOES DE RISCO NIVEL A                        ; 0000003307709638,43
200505;61472676;BCO SANTANDER BRASIL S.A.                                   ;U;4010;0031300009;OPERACOES DE RISCO NIVELB                         ; 0000000266413059,13
200505;61472676;BCO SANTANDER BRASIL S.A.                                   ;U;4010;0031400002;OPERACOES DE RISCO NIVELC                         ; 0000000112089167,27
200505;61472676;BCO SANTANDER BRASIL S.A.                                   ;U;4010;0031500005;OPERACOES DE RISCO NIVEL D                        ; 0000000081838047,61
200505;61472676;BCO SANTANDER BRASIL S.A.                                   ;U;4010;0031600008;OPERACOES DE RISCO NIVEL E                        ; 0000000032679665,29
200505;61472676;BCO SANTANDER BRASIL S.A.                                   ;U;4010;0031700001;OPERACOES DE RISCO NIVEL F                        ; 0000000026150798,96
200505;61472676;BCO SANTANDER BRASIL S.A.                                   ;U;4010;0031800004;OPERACOES DE RISCO NIVEL G                        ; 0000000020595853,96
200505;61472676;BCO SANTANDER BRASIL S.A.                                   ;U;4010;0031900007;OPERACOES DE RISCO NIVEL H                        ; 0000000198868146,52
200505;61472676;BCO SANTANDER BRASIL S.A.                                   ;U;4010;0039999993;TOTAL GERAL DO ATIVO                              ; 0000456408520084,46
200505;61472676;BCO SANTANDER BRASIL S.A.                                   ;U;4010;0040000008;CIRCULANTE EXIGIVEL A LONGO PRAZO                 ; 0000037563355989,01
200505;61472676;BCO SANTANDER BRASIL S.A.                                   ;U;4010;0041000007;DEPOSITOS                                         ; 0000015798370768,47
200505;61472676;BCO SANTANDER BRASIL S.A.                                   ;U;4010;0041100000;DEPOSITOS A VISTA                                 ; 0000000553385852,40
200505;61472676;BCO SANTANDER BRASIL S.A.                                   ;U;4010;0041200003;DEPOSITOS DE POUPANCA                             ; 0000000345396339,60
200505;61472676;BCO SANTANDER BRASIL S.A.                                   ;U;4010;0041300006;DEPOSITOS INTERFINANCEIROS                        ; 0000004778200891,71
200505;61472676;BCO SANTANDER BRASIL S.A.                                   ;U;4010;0041500002;DEPOSITOS A PRAZO                                 ; 0000010109014869,80
200505;61472676;BCO SANTANDER BRASIL S.A.                                   ;U;4010;0041900004;OUTROS DEPOSITOS                                  ; 0000000012372814,96
200505;61472676;BCO SANTANDER BRASIL S.A.                                   ;U;4010;0042000006;OBRIGACOES POR OPERACOES COMPROMISSADAS           ; 0000012062968006,24
200505;61472676;BCO SANTANDER BRASIL S.A.                                   ;U;4010;0042100009;CARTEIRA PROPRIA                                  ; 0000003560824180,32
200505;61472676;BCO SANTANDER BRASIL S.A.                                   ;U;4010;0042200002;CARTEIRA DE TERCEIROS                             ; 0000007157216047,38
200505;61472676;BCO SANTANDER BRASIL S.A.                                   ;U;4010;0042300005;CARTEIRA LIVRE MOVIMENTACAO                       ; 0000001344927778,54
200505;61472676;BCO SANTANDER BRASIL S.A.                                   ;U;4010;0044000004;RELACOES INTERFINANCEIRAS                         ; 0000000073392585,83
200505;61472676;BCO SANTANDER BRASIL S.A.                                   ;U;4010;0044100007;OBRIGAÇÕES JUNTO A PARTIC. DE SIST. DE LIQUIDACÃO ; 0000000073373030,11
200505;61472676;BCO SANTANDER BRASIL S.A.                                   ;U;4010;0044400006;RELACOES COM CORRESPONDENTES                      ; 0000000000019555,72
200505;61472676;BCO SANTANDER BRASIL S.A.                                   ;U;4010;0045000003;RELACOES INTERDEPENDENCIAS                        ; 0000000492772483,92
200505;61472676;BCO SANTANDER BRASIL S.A.                                   ;U;4010;0045100006;RECURSOS EM TRANSITO DE TERCEIROS                 ; 0000000492540732,95
200505;61472676;BCO SANTANDER BRASIL S.A.                                   ;U;4010;0045200009;TRANSFERENCIAS INTERNAS DE RECURSOS               ; 0000000000231750,97
200505;61472676;BCO SANTANDER BRASIL S.A.                                   ;U;4010;0046000002;OBRIGACOES POR EMPRESTIMOS E REPASSES             ; 0000002985019219,06
200505;61472676;BCO SANTANDER BRASIL S.A.                                   ;U;4010;0046300001;EMPRESTIMOS NO EXTERIOR                           ; 0000002029429940,37
200505;61472676;BCO SANTANDER BRASIL S.A.                                   ;U;4010;0046400004;REPASSES DO PAIS - INSTITUICOES OFICIAIS          ; 0000000955589278,69
200505;61472676;BCO SANTANDER BRASIL S.A.                                   ;U;4010;0047000001;INSTRUMENTOS FINANCEIROS DERIVATIVOS              ; 0000000643828697,12
200505;61472676;BCO SANTANDER BRASIL S.A.                                   ;U;4010;0047100004;INSTRUMENTOS FINANCEIROS DERIVATIVOS              ; 0000000643828697,12
200505;61472676;BCO SANTANDER BRASIL S.A.                                   ;U;4010;0049000009;OUTRAS OBRIGACOES                                 ; 0000005507004228,37
200505;61472676;BCO SANTANDER BRASIL S.A.                                   ;U;4010;0049100002;COBRANCA E ARRECADACAO DE TRIBUTOS E ASSEMELHADOS ; 0000000070091165,15
200505;61472676;BCO SANTANDER BRASIL S.A.                                   ;U;4010;0049200005;CARTEIRA DE CAMBIO                                ; 0000003741806077,00
200505;61472676;BCO SANTANDER BRASIL S.A.                                   ;U;4010;0049300008;SOCIAIS E ESTATUTARIAS                            ; 0000000091626660,02
200505;61472676;BCO SANTANDER BRASIL S.A.                                   ;U;4010;0049400001;FISCAIS E PREVIDENCIARIAS                         ; 0000000428579075,80
200505;61472676;BCO SANTANDER BRASIL S.A.                                   ;U;4010;0049500004;NEGOCIACAO E INTERMEDIACAO DE VALORES             ; 0000000139725054,46
200505;61472676;BCO SANTANDER BRASIL S.A.                                   ;U;4010;0049900006;DIVERSAS                                          ; 0000001035176195,94
200505;61472676;BCO SANTANDER BRASIL S.A.                                   ;U;4010;0050000005;RESULTADOS DE EXERCICIOS FUTUROS                  ; 0000000016304978,78
200505;61472676;BCO SANTANDER BRASIL S.A.                                   ;U;4010;0051000004;RECEITAS DE EXERCICIOS FUTUROS                    ; 0000000016304978,78
200505;61472676;BCO SANTANDER BRASIL S.A.                                   ;U;4010;0051100007;RECEITAS DE EXERCICIOS FUTUROS                    ; 0000000016304978,78
200505;61472676;BCO SANTANDER BRASIL S.A.                                   ;U;4010;0060000002;PATRIMONIO LIQUIDO                                ; 0000001472731714,25
200505;61472676;BCO SANTANDER BRASIL S.A.                                   ;U;4010;0061000001;PATRIMONIO LIQUIDO                                ; 0000001472731714,25
200505;61472676;BCO SANTANDER BRASIL S.A.                                   ;U;4010;0061100004;CAPITAL SOCIAL                                    ; 0000001248228042,89
200505;61472676;BCO SANTANDER BRASIL S.A.                                   ;U;4010;0061300000;RESERVAS DE CAPITAL                               ; 0000000017353905,61
200505;61472676;BCO SANTANDER BRASIL S.A.                                   ;U;4010;0061500006;RESERVAS DE LUCROS                                ; 0000000066418719,69
200505;61472676;BCO SANTANDER BRASIL S.A.                                   ;U;4010;0061600009;AJUSTES DE AVALIACAO PATRIMONIAL                  ; 0000000060247550,41
200505;61472676;BCO SANTANDER BRASIL S.A.                                   ;U;4010;0061800005;LUCROS OU PREJUIZOS ACUMULADOS                    ; 0000000080483495,65
200505;61472676;BCO SANTANDER BRASIL S.A.                                   ;U;4010;0070000009;CONTAS DE RESULTADO CREDORAS                      ; 0000008248208001,58
200505;61472676;BCO SANTANDER BRASIL S.A.                                   ;U;4010;0071000008;RECEITAS OPERACIONAIS                             ; 0000008239045110,56
200505;61472676;BCO SANTANDER BRASIL S.A.                                   ;U;4010;0071100001;RENDAS DE OPERACOES DE CREDITO                    ; 0000000821058007,93
200505;61472676;BCO SANTANDER BRASIL S.A.                                   ;U;4010;0071300007;RENDAS DE CAMBIO                                  ; 0000000121423583,35
200505;61472676;BCO SANTANDER BRASIL S.A.                                   ;U;4010;0071400000;RENDAS DE APLICACOES INTERFINANCEIRAS DE LIQUIDEZ ; 0000000669888509,84
200505;61472676;BCO SANTANDER BRASIL S.A.                                   ;U;4010;0071500003;RENDAS COM TIT. E VAL. MOB. E INST. FINANC. DERIV.; 0000006145932349,90
200505;61472676;BCO SANTANDER BRASIL S.A.                                   ;U;4010;0071700009;RENDAS DE PRESTACAO DE SERVICOS                   ; 0000000194287382,36
200505;61472676;BCO SANTANDER BRASIL S.A.                                   ;U;4010;0071800002;RENDAS DE PARTICIPACOES                           ; 0000000054136107,44
200505;61472676;BCO SANTANDER BRASIL S.A.                                   ;U;4010;0071900005;OUTRAS RECEITAS OPERACIONAIS                      ; 0000000232319169,74
200505;61472676;BCO SANTANDER BRASIL S.A.                                   ;U;4010;0073000006;RECEITAS NAO OPERACIONAIS                         ; 0000000009162891,02
200505;61472676;BCO SANTANDER BRASIL S.A.                                   ;U;4010;0073100009;LUCROS EM TRANSACOES COM VALORES E BENS           ; 0000000000617715,29
200505;61472676;BCO SANTANDER BRASIL S.A.                                   ;U;4010;0073900003;OUTRAS RECEITAS NAO OPERACIONAIS                  ; 0000000008545175,73
200505;61472676;BCO SANTANDER BRASIL S.A.                                   ;U;4010;0080000006;(-) CONTAS DE RESULTADO DEVEDORAS                 ;-0000008104991170,72
200505;61472676;BCO SANTANDER BRASIL S.A.                                   ;U;4010;0081000005;(-) DESPESAS OPERACIONAIS                         ;-0000007960956470,06
200505;61472676;BCO SANTANDER BRASIL S.A.                                   ;U;4010;0081100008;(-) DESPESAS DE CAPTACAO                          ;-0000001752059519,40
200505;61472676;BCO SANTANDER BRASIL S.A.                                   ;U;4010;0081200001;(-) DESP DE OBRIGACOES POR EMPRESTIMOS E REPASSES ;-0000000054789855,37
200505;61472676;BCO SANTANDER BRASIL S.A.                                   ;U;4010;0081400007;(-) DESPESAS DE CAMBIO                            ;-0000000055280175,04
200505;61472676;BCO SANTANDER BRASIL S.A.                                   ;U;4010;0081500000;(-) DESP. COM TIT. E VAL. MOB. E INST. FIN. DERIV.;-0000005053319702,71
200505;61472676;BCO SANTANDER BRASIL S.A.                                   ;U;4010;0081600003;(-) DESPESAS DE PARTICIPACOES                     ;-0000000103656042,34
200505;61472676;BCO SANTANDER BRASIL S.A.                                   ;U;4010;0081700006;(-) DESPESAS ADMINISTRATIVAS                      ;-0000000419095929,38
200505;61472676;BCO SANTANDER BRASIL S.A.                                   ;U;4010;0081800009;(-) APROVISIONAMENTOS E AJUSTES PATRIMONIAIS      ;-0000000137164151,38
200505;61472676;BCO SANTANDER BRASIL S.A.                                   ;U;4010;0081900002;(-) OUTRAS DESPESAS OPERACIONAIS                  ;-0000000385591094,44
200505;61472676;BCO SANTANDER BRASIL S.A.                                   ;U;4010;0083000003;(-) DESPESAS NAO OPERACIONAIS                     ;-0000000018328914,57
200505;61472676;BCO SANTANDER BRASIL S.A.                                   ;U;4010;0083100006;(-) PREJUIZOS EM TRANSACOES COM VALORES E BENS    ;-0000000001118944,47
200505;61472676;BCO SANTANDER BRASIL S.A.                                   ;U;4010;0083900000;(-) OUTRAS DESPESAS NAO OPERACIONAIS              ;-0000000017209970,10
200505;61472676;BCO SANTANDER BRASIL S.A.                                   ;U;4010;0089000007;(-) APURACAO DE RESULTADO                         ;-0000000125705786,09
200505;61472676;BCO SANTANDER BRASIL S.A.                                   ;U;4010;0089400009;(-) IMPOSTO DE RENDA                              ;-0000000118259786,09
200505;61472676;BCO SANTANDER BRASIL S.A.                                   ;U;4010;0089700008;(-) PARTICIPACOES NO LUCRO                        ;-0000000007446000,00
200505;61472676;BCO SANTANDER BRASIL S.A.                                   ;U;4010;0090000003;COMPENSACAO                                       ; 0000417212910571,56
200505;61472676;BCO SANTANDER BRASIL S.A.                                   ;U;4010;0090100006;COOBRIGACOES E RISCOS EM GARANTIAS PRESTADAS      ; 0000004069771703,34
200505;61472676;BCO SANTANDER BRASIL S.A.                                   ;U;4010;0090300002;TITULOS E VALORES MOBILIARIOS                     ; 0000027554875539,90
200505;61472676;BCO SANTANDER BRASIL S.A.                                   ;U;4010;0090400005;CUSTODIA DE VALORES                               ; 0000182485825931,57
200505;61472676;BCO SANTANDER BRASIL S.A.                                   ;U;4010;0090500008;COBRANCA                                          ; 0000022026437761,64
200505;61472676;BCO SANTANDER BRASIL S.A.                                   ;U;4010;0090600001;NEGOCIACAO E INTERMEDIACAO DE VALORES             ; 0000064190260670,02
200505;61472676;BCO SANTANDER BRASIL S.A.                                   ;U;4010;0090800007;CONTRATOS                                         ; 0000045689383975,89
200505;61472676;BCO SANTANDER BRASIL S.A.                                   ;U;4010;0090900000;CONTROLE                                          ; 0000061668442120,92
200505;61472676;BCO SANTANDER BRASIL S.A.                                   ;U;4010;0091000002;CLASSIFICACAO DA CARTEIRA DE CREDITOS             ; 0000009527912868,28
200505;61472676;BCO SANTANDER BRASIL S.A.                                   ;U;4010;0091100005;OPERACOES DE CREDITOS E ARRENDAMENTO MERCANTIL    ; 0000009527912868,28
200505;61472676;BCO SANTANDER BRASIL S.A.                                   ;U;4010;0099999995;TOTAL GERAL DO PASSIVO                            ; 0000456408520084,46
200505;61533584;BCO SOCIETE GENERALE BRASIL                                 ;U;4010;0010000007;CIRCULANTE E REALIZAVEL A LONGO PRAZO             ; 0000000986862559,53
200505;61533584;BCO SOCIETE GENERALE BRASIL                                 ;U;4010;0011000006;DISPONIBILIDADES                                  ; 0000000002653299,92
200505;61533584;BCO SOCIETE GENERALE BRASIL                                 ;U;4010;0011100009;CAIXA                                             ; 0000000000008806,51
200505;61533584;BCO SOCIETE GENERALE BRASIL                                 ;U;4010;0011300005;RESERVAS LIVRES                                   ; 0000000000897868,34
200505;61533584;BCO SOCIETE GENERALE BRASIL                                 ;U;4010;0011500001;DISPONIBILIDADES EM MOEDAS ESTRANGEIRAS           ; 0000000001746625,07
200505;61533584;BCO SOCIETE GENERALE BRASIL                                 ;U;4010;0012000005;APLICACOES INTERFINANCEIRAS DE LIQUIDEZ           ; 0000000024557240,60
200505;61533584;BCO SOCIETE GENERALE BRASIL                                 ;U;4010;0012100008;APLICACOES EM OPERACOES COMPROMISSADAS            ; 0000000004999249,31
200505;61533584;BCO SOCIETE GENERALE BRASIL                                 ;U;4010;0012200001;APLICACOES EM DEPOSITOS INTERFINANCEIROS          ; 0000000015232591,29
200505;61533584;BCO SOCIETE GENERALE BRASIL                                 ;U;4010;0012600003;APLICA OES EM MOEDAS ESTRANGEIRAS                 ; 0000000004325400,00
200505;61533584;BCO SOCIETE GENERALE BRASIL                                 ;U;4010;0013000004;TITULOS E VAL. MOB. E INST. FINANC. DERIVATIVOS   ; 0000000526749596,52
200505;61533584;BCO SOCIETE GENERALE BRASIL                                 ;U;4010;0013100007;LIVRES                                            ; 0000000271944645,92
200505;61533584;BCO SOCIETE GENERALE BRASIL                                 ;U;4010;0013200000;VINCULADOS A OPERACOES COMPROMISSADAS             ; 0000000215483403,87
200505;61533584;BCO SOCIETE GENERALE BRASIL                                 ;U;4010;0013300003;INSTRUMENTOS FINANCEIROS DERIVATIVOS              ; 0000000005369147,71
200505;61533584;BCO SOCIETE GENERALE BRASIL                                 ;U;4010;0013600002;VINCULADOS A PRESTACAO DE GARANTIAS               ; 0000000033952399,02
200505;61533584;BCO SOCIETE GENERALE BRASIL                                 ;U;4010;0014000003;RELACOES INTERFINANCEIRAS                         ; 0000000000006312,51
200505;61533584;BCO SOCIETE GENERALE BRASIL                                 ;U;4010;0014100006;DIREITOS JUNTO A PARTIC. DE SISTEMAS DE LIQUIDAÇÃO; 0000000000000614,48
200505;61533584;BCO SOCIETE GENERALE BRASIL                                 ;U;4010;0014200009;CREDITOS VINCULADOS                               ; 0000000000005698,03
200505;61533584;BCO SOCIETE GENERALE BRASIL                                 ;U;4010;0016000001;OPERACOES DE CREDITO                              ; 0000000280911088,98
200505;61533584;BCO SOCIETE GENERALE BRASIL                                 ;U;4010;0016100004;EMPRESTIMOS E TITULOS DESCONTADOS                 ; 0000000094857788,67
200505;61533584;BCO SOCIETE GENERALE BRASIL                                 ;U;4010;0016200007;FINANCIAMENTOS                                    ; 0000000186053300,31
200505;61533584;BCO SOCIETE GENERALE BRASIL                                 ;U;4010;0018000009;OUTROS CREDITOS                                   ; 0000000149702151,93
200505;61533584;BCO SOCIETE GENERALE BRASIL                                 ;U;4010;0018200005;CARTEIRA DE CAMBIO                                ; 0000000128393079,90
200505;61533584;BCO SOCIETE GENERALE BRASIL                                 ;U;4010;0018300008;RENDAS A RECEBER                                  ; 0000000000476201,42
200505;61533584;BCO SOCIETE GENERALE BRASIL                                 ;U;4010;0018800003;DIVERSOS                                          ; 0000000021109061,75
200505;61533584;BCO SOCIETE GENERALE BRASIL                                 ;U;4010;0018900006;(-) PROVISOES PARA OUTROS CREDITOS                ;-0000000000276191,14
200505;61533584;BCO SOCIETE GENERALE BRASIL                                 ;U;4010;0019000008;OUTROS VALORES E BENS                             ; 0000000002282869,07
200505;61533584;BCO SOCIETE GENERALE BRASIL                                 ;U;4010;0019800002;OUTROS VALORES E BENS                             ; 0000000002243100,00
200505;61533584;BCO SOCIETE GENERALE BRASIL                                 ;U;4010;0019900005;DESPESAS ANTECIPADAS                              ; 0000000000039769,07
200505;61533584;BCO SOCIETE GENERALE BRASIL                                 ;U;4010;0020000004;PERMANENTE                                        ; 0000000023880398,42
200505;61533584;BCO SOCIETE GENERALE BRASIL                                 ;U;4010;0021000003;INVESTIMENTOS                                     ; 0000000021504902,04
200505;61533584;BCO SOCIETE GENERALE BRASIL                                 ;U;4010;0021200009;PARTICIPACOES EM COLIGADAS E CONTROLADAS NO PAIS  ; 0000000019146168,45
200505;61533584;BCO SOCIETE GENERALE BRASIL                                 ;U;4010;0021400005;TITULOS PATRIMONIAIS                              ; 0000000000021113,18
200505;61533584;BCO SOCIETE GENERALE BRASIL                                 ;U;4010;0021500008;ACOES E COTAS                                     ; 0000000002312251,16
200505;61533584;BCO SOCIETE GENERALE BRASIL                                 ;U;4010;0021900000;OUTROS INVESTIMENTOS                              ; 0000000000025369,25
200505;61533584;BCO SOCIETE GENERALE BRASIL                                 ;U;4010;0022000002;IMOBILIZADO DE USO                                ; 0000000002336513,01
200505;61533584;BCO SOCIETE GENERALE BRASIL                                 ;U;4010;0022400004;INSTALACOES, MOVEIS E EQUIPAMENTOS DE USO         ; 0000000000420660,52
200505;61533584;BCO SOCIETE GENERALE BRASIL                                 ;U;4010;0022900009;OUTROS                                            ; 0000000001915852,49
200505;61533584;BCO SOCIETE GENERALE BRASIL                                 ;U;4010;0024000000;DIFERIDO                                          ; 0000000000038983,37
200505;61533584;BCO SOCIETE GENERALE BRASIL                                 ;U;4010;0024100003;GASTOS DE ORGANIZACAO E EXPANSAO                  ; 0000000000038983,37
200505;61533584;BCO SOCIETE GENERALE BRASIL                                 ;U;4010;0030000001;COMPENSACAO                                       ; 0000003817030645,32
200505;61533584;BCO SOCIETE GENERALE BRASIL                                 ;U;4010;0030100004;COOBRIGACOES E RISCOS EM GARANTIAS PRESTADAS      ; 0000000085220746,82
200505;61533584;BCO SOCIETE GENERALE BRASIL                                 ;U;4010;0030300000;TITULOS E VALORES MOBILIARIOS                     ; 0000001042760897,62
200505;61533584;BCO SOCIETE GENERALE BRASIL                                 ;U;4010;0030400003;CUSTODIA DE VALORES                               ; 0000000677289906,39
200505;61533584;BCO SOCIETE GENERALE BRASIL                                 ;U;4010;0030500006;COBRANCA                                          ; 0000000112453451,20
200505;61533584;BCO SOCIETE GENERALE BRASIL                                 ;U;4010;0030600009;NEGOCIACAO E INTERMEDIACAO DE VALORES             ; 0000000415035108,70
200505;61533584;BCO SOCIETE GENERALE BRASIL                                 ;U;4010;0030900008;CONTROLE                                          ; 0000001080035413,64
200505;61533584;BCO SOCIETE GENERALE BRASIL                                 ;U;4010;0031000000;CLASSIFICACAO DA CARTEIRA DE CREDITOS             ; 0000000404235120,95
200505;61533584;BCO SOCIETE GENERALE BRASIL                                 ;U;4010;0031100003;OPERACOES DE RISCO NIVEL AA                       ; 0000000384405873,53
200505;61533584;BCO SOCIETE GENERALE BRASIL                                 ;U;4010;0031300009;OPERACOES DE RISCO NIVELB                         ; 0000000015934314,37
200505;61533584;BCO SOCIETE GENERALE BRASIL                                 ;U;4010;0031400002;OPERACOES DE RISCO NIVELC                         ; 0000000003894933,05
200505;61533584;BCO SOCIETE GENERALE BRASIL                                 ;U;4010;0039999993;TOTAL GERAL DO ATIVO                              ; 0000004827773603,27
200505;61533584;BCO SOCIETE GENERALE BRASIL                                 ;U;4010;0040000008;CIRCULANTE EXIGIVEL A LONGO PRAZO                 ; 0000000771133351,13
200505;61533584;BCO SOCIETE GENERALE BRASIL                                 ;U;4010;0041000007;DEPOSITOS                                         ; 0000000168610913,01
200505;61533584;BCO SOCIETE GENERALE BRASIL                                 ;U;4010;0041100000;DEPOSITOS A VISTA                                 ; 0000000000243464,43
200505;61533584;BCO SOCIETE GENERALE BRASIL                                 ;U;4010;0041300006;DEPOSITOS INTERFINANCEIROS                        ; 0000000038440786,61
200505;61533584;BCO SOCIETE GENERALE BRASIL                                 ;U;4010;0041500002;DEPOSITOS A PRAZO                                 ; 0000000129926661,97
200505;61533584;BCO SOCIETE GENERALE BRASIL                                 ;U;4010;0042000006;OBRIGACOES POR OPERACOES COMPROMISSADAS           ; 0000000214999513,12
200505;61533584;BCO SOCIETE GENERALE BRASIL                                 ;U;4010;0042100009;CARTEIRA PROPRIA                                  ; 0000000214999513,12
200505;61533584;BCO SOCIETE GENERALE BRASIL                                 ;U;4010;0044000004;RELACOES INTERFINANCEIRAS                         ; 0000000000034083,80
200505;61533584;BCO SOCIETE GENERALE BRASIL                                 ;U;4010;0044100007;OBRIGAÇÕES JUNTO A PARTIC. DE SIST. DE LIQUIDACÃO ; 0000000000034083,80
200505;61533584;BCO SOCIETE GENERALE BRASIL                                 ;U;4010;0045000003;RELACOES INTERDEPENDENCIAS                        ; 0000000010816126,94
200505;61533584;BCO SOCIETE GENERALE BRASIL                                 ;U;4010;0045100006;RECURSOS EM TRANSITO DE TERCEIROS                 ; 0000000010816126,94
200505;61533584;BCO SOCIETE GENERALE BRASIL                                 ;U;4010;0046000002;OBRIGACOES POR EMPRESTIMOS E REPASSES             ; 0000000306360604,39
200505;61533584;BCO SOCIETE GENERALE BRASIL                                 ;U;4010;0046300001;EMPRESTIMOS NO EXTERIOR                           ; 0000000294043816,02
200505;61533584;BCO SOCIETE GENERALE BRASIL                                 ;U;4010;0046600000;REPASSES DO EXTERIOR                              ; 0000000012316788,37
200505;61533584;BCO SOCIETE GENERALE BRASIL                                 ;U;4010;0047000001;INSTRUMENTOS FINANCEIROS DERIVATIVOS              ; 0000000005175750,50
200505;61533584;BCO SOCIETE GENERALE BRASIL                                 ;U;4010;0047100004;INSTRUMENTOS FINANCEIROS DERIVATIVOS              ; 0000000005175750,50
200505;61533584;BCO SOCIETE GENERALE BRASIL                                 ;U;4010;0049000009;OUTRAS OBRIGACOES                                 ; 0000000065136359,37
200505;61533584;BCO SOCIETE GENERALE BRASIL                                 ;U;4010;0049100002;COBRANCA E ARRECADACAO DE TRIBUTOS E ASSEMELHADOS ; 0000000000000939,87
200505;61533584;BCO SOCIETE GENERALE BRASIL                                 ;U;4010;0049200005;CARTEIRA DE CAMBIO                                ; 0000000016233212,05
200505;61533584;BCO SOCIETE GENERALE BRASIL                                 ;U;4010;0049400001;FISCAIS E PREVIDENCIARIAS                         ; 0000000039722761,15
200505;61533584;BCO SOCIETE GENERALE BRASIL                                 ;U;4010;0049500004;NEGOCIACAO E INTERMEDIACAO DE VALORES             ; 0000000000605633,15
200505;61533584;BCO SOCIETE GENERALE BRASIL                                 ;U;4010;0049900006;DIVERSAS                                          ; 0000000008573813,15
200505;61533584;BCO SOCIETE GENERALE BRASIL                                 ;U;4010;0050000005;RESULTADOS DE EXERCICIOS FUTUROS                  ; 0000000001310600,00
200505;61533584;BCO SOCIETE GENERALE BRASIL                                 ;U;4010;0051000004;RECEITAS DE EXERCICIOS FUTUROS                    ; 0000000001310600,00
200505;61533584;BCO SOCIETE GENERALE BRASIL                                 ;U;4010;0051100007;RECEITAS DE EXERCICIOS FUTUROS                    ; 0000000001310600,00
200505;61533584;BCO SOCIETE GENERALE BRASIL                                 ;U;4010;0060000002;PATRIMONIO LIQUIDO                                ; 0000000266018086,85
200505;61533584;BCO SOCIETE GENERALE BRASIL                                 ;U;4010;0061000001;PATRIMONIO LIQUIDO                                ; 0000000266018086,85
200505;61533584;BCO SOCIETE GENERALE BRASIL                                 ;U;4010;0061100004;CAPITAL SOCIAL                                    ; 0000000319770569,10
200505;61533584;BCO SOCIETE GENERALE BRASIL                                 ;U;4010;0061300000;RESERVAS DE CAPITAL                               ; 0000000004681474,47
200505;61533584;BCO SOCIETE GENERALE BRASIL                                 ;U;4010;0061800005;LUCROS OU PREJUIZOS ACUMULADOS                    ;-0000000058433956,72
200505;61533584;BCO SOCIETE GENERALE BRASIL                                 ;U;4010;0070000009;CONTAS DE RESULTADO CREDORAS                      ; 0000000180121454,47
200505;61533584;BCO SOCIETE GENERALE BRASIL                                 ;U;4010;0071000008;RECEITAS OPERACIONAIS                             ; 0000000179932662,82
200505;61533584;BCO SOCIETE GENERALE BRASIL                                 ;U;4010;0071100001;RENDAS DE OPERACOES DE CREDITO                    ; 0000000006785778,73
200505;61533584;BCO SOCIETE GENERALE BRASIL                                 ;U;4010;0071300007;RENDAS DE CAMBIO                                  ; 0000000074073054,25
200505;61533584;BCO SOCIETE GENERALE BRASIL                                 ;U;4010;0071400000;RENDAS DE APLICACOES INTERFINANCEIRAS DE LIQUIDEZ ; 0000000000982739,55
200505;61533584;BCO SOCIETE GENERALE BRASIL                                 ;U;4010;0071500003;RENDAS COM TIT. E VAL. MOB. E INST. FINANC. DERIV.; 0000000054159865,09
200505;61533584;BCO SOCIETE GENERALE BRASIL                                 ;U;4010;0071700009;RENDAS DE PRESTACAO DE SERVICOS                   ; 0000000005098882,79
200505;61533584;BCO SOCIETE GENERALE BRASIL                                 ;U;4010;0071800002;RENDAS DE PARTICIPACOES                           ; 0000000000727367,44
200505;61533584;BCO SOCIETE GENERALE BRASIL                                 ;U;4010;0071900005;OUTRAS RECEITAS OPERACIONAIS                      ; 0000000038104974,97
200505;61533584;BCO SOCIETE GENERALE BRASIL                                 ;U;4010;0073000006;RECEITAS NAO OPERACIONAIS                         ; 0000000000188791,65
200505;61533584;BCO SOCIETE GENERALE BRASIL                                 ;U;4010;0073100009;LUCROS EM TRANSACOES COM VALORES E BENS           ; 0000000000047821,65
200505;61533584;BCO SOCIETE GENERALE BRASIL                                 ;U;4010;0073900003;OUTRAS RECEITAS NAO OPERACIONAIS                  ; 0000000000140970,00
200505;61533584;BCO SOCIETE GENERALE BRASIL                                 ;U;4010;0080000006;(-) CONTAS DE RESULTADO DEVEDORAS                 ;-0000000207840534,50
200505;61533584;BCO SOCIETE GENERALE BRASIL                                 ;U;4010;0081000005;(-) DESPESAS OPERACIONAIS                         ;-0000000207818003,26
200505;61533584;BCO SOCIETE GENERALE BRASIL                                 ;U;4010;0081100008;(-) DESPESAS DE CAPTACAO                          ;-0000000017669959,03
200505;61533584;BCO SOCIETE GENERALE BRASIL                                 ;U;4010;0081200001;(-) DESP DE OBRIGACOES POR EMPRESTIMOS E REPASSES ;-0000000006870927,89
200505;61533584;BCO SOCIETE GENERALE BRASIL                                 ;U;4010;0081400007;(-) DESPESAS DE CAMBIO                            ;-0000000081950889,40
200505;61533584;BCO SOCIETE GENERALE BRASIL                                 ;U;4010;0081500000;(-) DESP. COM TIT. E VAL. MOB. E INST. FIN. DERIV.;-0000000061200872,59
200505;61533584;BCO SOCIETE GENERALE BRASIL                                 ;U;4010;0081700006;(-) DESPESAS ADMINISTRATIVAS                      ;-0000000014428338,70
200505;61533584;BCO SOCIETE GENERALE BRASIL                                 ;U;4010;0081800009;(-) APROVISIONAMENTOS E AJUSTES PATRIMONIAIS      ;-0000000002792638,38
200505;61533584;BCO SOCIETE GENERALE BRASIL                                 ;U;4010;0081900002;(-) OUTRAS DESPESAS OPERACIONAIS                  ;-0000000022904377,27
200505;61533584;BCO SOCIETE GENERALE BRASIL                                 ;U;4010;0083000003;(-) DESPESAS NAO OPERACIONAIS                     ;-0000000000022531,24
200505;61533584;BCO SOCIETE GENERALE BRASIL                                 ;U;4010;0083100006;(-) PREJUIZOS EM TRANSACOES COM VALORES E BENS    ;-0000000000017031,24
200505;61533584;BCO SOCIETE GENERALE BRASIL                                 ;U;4010;0083900000;(-) OUTRAS DESPESAS NAO OPERACIONAIS              ;-0000000000005500,00
200505;61533584;BCO SOCIETE GENERALE BRASIL                                 ;U;4010;0090000003;COMPENSACAO                                       ; 0000003817030645,32
200505;61533584;BCO SOCIETE GENERALE BRASIL                                 ;U;4010;0090100006;COOBRIGACOES E RISCOS EM GARANTIAS PRESTADAS      ; 0000000085220746,82
200505;61533584;BCO SOCIETE GENERALE BRASIL                                 ;U;4010;0090300002;TITULOS E VALORES MOBILIARIOS                     ; 0000001042760897,62
200505;61533584;BCO SOCIETE GENERALE BRASIL                                 ;U;4010;0090400005;CUSTODIA DE VALORES                               ; 0000000677289906,39
200505;61533584;BCO SOCIETE GENERALE BRASIL                                 ;U;4010;0090500008;COBRANCA                                          ; 0000000112453451,20
200505;61533584;BCO SOCIETE GENERALE BRASIL                                 ;U;4010;0090600001;NEGOCIACAO E INTERMEDIACAO DE VALORES             ; 0000000415035108,70
200505;61533584;BCO SOCIETE GENERALE BRASIL                                 ;U;4010;0090900000;CONTROLE                                          ; 0000001080035413,64
200505;61533584;BCO SOCIETE GENERALE BRASIL                                 ;U;4010;0091000002;CLASSIFICACAO DA CARTEIRA DE CREDITOS             ; 0000000404235120,95
200505;61533584;BCO SOCIETE GENERALE BRASIL                                 ;U;4010;0091100005;OPERACOES DE CREDITOS E ARRENDAMENTO MERCANTIL    ; 0000000404235120,95
200505;61533584;BCO SOCIETE GENERALE BRASIL                                 ;U;4010;0099999995;TOTAL GERAL DO PASSIVO                            ; 0000004827773603,27
200505;61820817;BCO PAULISTA S.A.                                           ;B;4010;0010000007;CIRCULANTE E REALIZAVEL A LONGO PRAZO             ; 0000000471510244,38
200505;61820817;BCO PAULISTA S.A.                                           ;B;4010;0011000006;DISPONIBILIDADES                                  ; 0000000000722233,53
200505;61820817;BCO PAULISTA S.A.                                           ;B;4010;0011100009;CAIXA                                             ; 0000000000332175,20
200505;61820817;BCO PAULISTA S.A.                                           ;B;4010;0011400008;APLICACOES EM OURO                                ; 0000000000154289,50
200505;61820817;BCO PAULISTA S.A.                                           ;B;4010;0011500001;DISPONIBILIDADES EM MOEDAS ESTRANGEIRAS           ; 0000000000235768,83
200505;61820817;BCO PAULISTA S.A.                                           ;B;4010;0012000005;APLICACOES INTERFINANCEIRAS DE LIQUIDEZ           ; 0000000029924821,31
200505;61820817;BCO PAULISTA S.A.                                           ;B;4010;0012100008;APLICACOES EM OPERACOES COMPROMISSADAS            ; 0000000028098341,09
200505;61820817;BCO PAULISTA S.A.                                           ;B;4010;0012200001;APLICACOES EM DEPOSITOS INTERFINANCEIROS          ; 0000000000240500,22
200505;61820817;BCO PAULISTA S.A.                                           ;B;4010;0012600003;APLICA OES EM MOEDAS ESTRANGEIRAS                 ; 0000000001585980,00
200505;61820817;BCO PAULISTA S.A.                                           ;B;4010;0013000004;TITULOS E VAL. MOB. E INST. FINANC. DERIVATIVOS   ; 0000000088411546,74
200505;61820817;BCO PAULISTA S.A.                                           ;B;4010;0013100007;LIVRES                                            ; 0000000034599395,03
200505;61820817;BCO PAULISTA S.A.                                           ;B;4010;0013200000;VINCULADOS A OPERACOES COMPROMISSADAS             ; 0000000044039812,96
200505;61820817;BCO PAULISTA S.A.                                           ;B;4010;0013600002;VINCULADOS A PRESTACAO DE GARANTIAS               ; 0000000009772338,75
200505;61820817;BCO PAULISTA S.A.                                           ;B;4010;0014000003;RELACOES INTERFINANCEIRAS                         ; 0000000001068630,21
200505;61820817;BCO PAULISTA S.A.                                           ;B;4010;0014100006;DIREITOS JUNTO A PARTIC. DE SISTEMAS DE LIQUIDAÇÃO; 0000000000200822,41
200505;61820817;BCO PAULISTA S.A.                                           ;B;4010;0014200009;CREDITOS VINCULADOS                               ; 0000000000867807,80
200505;61820817;BCO PAULISTA S.A.                                           ;B;4010;0016000001;OPERACOES DE CREDITO                              ; 0000000088628316,79
200505;61820817;BCO PAULISTA S.A.                                           ;B;4010;0016100004;EMPRESTIMOS E TITULOS DESCONTADOS                 ; 0000000086514643,20
200505;61820817;BCO PAULISTA S.A.                                           ;B;4010;0016200007;FINANCIAMENTOS                                    ; 0000000001323090,96
200505;61820817;BCO PAULISTA S.A.                                           ;B;4010;0016300000;FINANCIAMENTOS RURAIS E AGROINDUSTRIAIS           ; 0000000004196016,18
200505;61820817;BCO PAULISTA S.A.                                           ;B;4010;0016900008;(-) PROVISOES PARA OPERACOES DE CREDITO           ;-0000000003405433,55
200505;61820817;BCO PAULISTA S.A.                                           ;B;4010;0018000009;OUTROS CREDITOS                                   ; 0000000262155875,27
200505;61820817;BCO PAULISTA S.A.                                           ;B;4010;0018100002;AVAIS E FIANCAS HONRADOS                          ; 0000000000000043,11
200505;61820817;BCO PAULISTA S.A.                                           ;B;4010;0018200005;CARTEIRA DE CAMBIO                                ; 0000000257641704,55
200505;61820817;BCO PAULISTA S.A.                                           ;B;4010;0018300008;RENDAS A RECEBER                                  ; 0000000000553568,94
200505;61820817;BCO PAULISTA S.A.                                           ;B;4010;0018400001;NEGOCIACAO E INTERMEDIACAO DE VALORES             ; 0000000000015000,00
200505;61820817;BCO PAULISTA S.A.                                           ;B;4010;0018800003;DIVERSOS                                          ; 0000000004297433,70
200505;61820817;BCO PAULISTA S.A.                                           ;B;4010;0018900006;(-) PROVISOES PARA OUTROS CREDITOS                ;-0000000000351875,03
200505;61820817;BCO PAULISTA S.A.                                           ;B;4010;0019000008;OUTROS VALORES E BENS                             ; 0000000000598820,53
200505;61820817;BCO PAULISTA S.A.                                           ;B;4010;0019800002;OUTROS VALORES E BENS                             ; 0000000000598820,53
200505;61820817;BCO PAULISTA S.A.                                           ;B;4010;0020000004;PERMANENTE                                        ; 0000000025916224,72
200505;61820817;BCO PAULISTA S.A.                                           ;B;4010;0021000003;INVESTIMENTOS                                     ; 0000000023447963,42
200505;61820817;BCO PAULISTA S.A.                                           ;B;4010;0021200009;PARTICIPACOES EM COLIGADAS E CONTROLADAS NO PAIS  ; 0000000022768832,06
200505;61820817;BCO PAULISTA S.A.                                           ;B;4010;0021300002;INVESTIMENTOS POR INCENTIVOS FISCAIS              ; 0000000000015513,55
200505;61820817;BCO PAULISTA S.A.                                           ;B;4010;0021400005;TITULOS PATRIMONIAIS                              ; 0000000000214663,19
200505;61820817;BCO PAULISTA S.A.                                           ;B;4010;0021500008;ACOES E COTAS                                     ; 0000000000401047,80
200505;61820817;BCO PAULISTA S.A.                                           ;B;4010;0021900000;OUTROS INVESTIMENTOS                              ; 0000000000047906,82
200505;61820817;BCO PAULISTA S.A.                                           ;B;4010;0022000002;IMOBILIZADO DE USO                                ; 0000000002468261,30
200505;61820817;BCO PAULISTA S.A.                                           ;B;4010;0022300001;IMOVEIS DE USO                                    ; 0000000001264023,24
200505;61820817;BCO PAULISTA S.A.                                           ;B;4010;0022400004;INSTALACOES, MOVEIS E EQUIPAMENTOS DE USO         ; 0000000000285937,71
200505;61820817;BCO PAULISTA S.A.                                           ;B;4010;0022900009;OUTROS                                            ; 0000000000918300,35
200505;61820817;BCO PAULISTA S.A.                                           ;B;4010;0030000001;COMPENSACAO                                       ; 0000006111070269,34
200505;61820817;BCO PAULISTA S.A.                                           ;B;4010;0030100004;COOBRIGACOES E RISCOS EM GARANTIAS PRESTADAS      ; 0000000017419240,01
200505;61820817;BCO PAULISTA S.A.                                           ;B;4010;0030300000;TITULOS E VALORES MOBILIARIOS                     ; 0000000155025651,91
200505;61820817;BCO PAULISTA S.A.                                           ;B;4010;0030400003;CUSTODIA DE VALORES                               ; 0000000261362782,47
200505;61820817;BCO PAULISTA S.A.                                           ;B;4010;0030500006;COBRANCA                                          ; 0000000127216291,19
200505;61820817;BCO PAULISTA S.A.                                           ;B;4010;0030600009;NEGOCIACAO E INTERMEDIACAO DE VALORES             ; 0000000011359592,02
200505;61820817;BCO PAULISTA S.A.                                           ;B;4010;0030900008;CONTROLE                                          ; 0000005432283341,04
200505;61820817;BCO PAULISTA S.A.                                           ;B;4010;0031000000;CLASSIFICACAO DA CARTEIRA DE CREDITOS             ; 0000000106403370,70
200505;61820817;BCO PAULISTA S.A.                                           ;B;4010;0031200006;OPERACOES DE RISCO NIVEL A                        ; 0000000004204939,51
200505;61820817;BCO PAULISTA S.A.                                           ;B;4010;0031300009;OPERACOES DE RISCO NIVELB                         ; 0000000047089837,51
200505;61820817;BCO PAULISTA S.A.                                           ;B;4010;0031400002;OPERACOES DE RISCO NIVELC                         ; 0000000050840920,61
200505;61820817;BCO PAULISTA S.A.                                           ;B;4010;0031500005;OPERACOES DE RISCO NIVEL D                        ; 0000000003414872,80
200505;61820817;BCO PAULISTA S.A.                                           ;B;4010;0031600008;OPERACOES DE RISCO NIVEL E                        ; 0000000000071431,45
200505;61820817;BCO PAULISTA S.A.                                           ;B;4010;0031700001;OPERACOES DE RISCO NIVEL F                        ; 0000000000388959,93
200505;61820817;BCO PAULISTA S.A.                                           ;B;4010;0031800004;OPERACOES DE RISCO NIVEL G                        ; 0000000000163568,84
200505;61820817;BCO PAULISTA S.A.                                           ;B;4010;0031900007;OPERACOES DE RISCO NIVEL H                        ; 0000000000228840,05
200505;61820817;BCO PAULISTA S.A.                                           ;B;4010;0039999993;TOTAL GERAL DO ATIVO                              ; 0000006608496738,44
200505;61820817;BCO PAULISTA S.A.                                           ;B;4010;0040000008;CIRCULANTE EXIGIVEL A LONGO PRAZO                 ; 0000000454815315,39
200505;61820817;BCO PAULISTA S.A.                                           ;B;4010;0041000007;DEPOSITOS                                         ; 0000000125146631,65
200505;61820817;BCO PAULISTA S.A.                                           ;B;4010;0041100000;DEPOSITOS A VISTA                                 ; 0000000014935708,86
200505;61820817;BCO PAULISTA S.A.                                           ;B;4010;0041300006;DEPOSITOS INTERFINANCEIROS                        ; 0000000021379000,00
200505;61820817;BCO PAULISTA S.A.                                           ;B;4010;0041500002;DEPOSITOS A PRAZO                                 ; 0000000088684612,58
200505;61820817;BCO PAULISTA S.A.                                           ;B;4010;0041900004;OUTROS DEPOSITOS                                  ; 0000000000147310,21
200505;61820817;BCO PAULISTA S.A.                                           ;B;4010;0042000006;OBRIGACOES POR OPERACOES COMPROMISSADAS           ; 0000000048980744,74
200505;61820817;BCO PAULISTA S.A.                                           ;B;4010;0042100009;CARTEIRA PROPRIA                                  ; 0000000043981457,51
200505;61820817;BCO PAULISTA S.A.                                           ;B;4010;0042200002;CARTEIRA DE TERCEIROS                             ; 0000000004999287,23
200505;61820817;BCO PAULISTA S.A.                                           ;B;4010;0044000004;RELACOES INTERFINANCEIRAS                         ; 0000000000129051,95
200505;61820817;BCO PAULISTA S.A.                                           ;B;4010;0044100007;OBRIGAÇÕES JUNTO A PARTIC. DE SIST. DE LIQUIDACÃO ; 0000000000129051,95
200505;61820817;BCO PAULISTA S.A.                                           ;B;4010;0045000003;RELACOES INTERDEPENDENCIAS                        ; 0000000000025000,00
200505;61820817;BCO PAULISTA S.A.                                           ;B;4010;0045100006;RECURSOS EM TRANSITO DE TERCEIROS                 ; 0000000000025000,00
200505;61820817;BCO PAULISTA S.A.                                           ;B;4010;0046000002;OBRIGACOES POR EMPRESTIMOS E REPASSES             ; 0000000021979785,98
200505;61820817;BCO PAULISTA S.A.                                           ;B;4010;0046300001;EMPRESTIMOS NO EXTERIOR                           ; 0000000015723817,18
200505;61820817;BCO PAULISTA S.A.                                           ;B;4010;0046400004;REPASSES DO PAIS - INSTITUICOES OFICIAIS          ; 0000000000037031,65
200505;61820817;BCO PAULISTA S.A.                                           ;B;4010;0046600000;REPASSES DO EXTERIOR                              ; 0000000006218937,15
200505;61820817;BCO PAULISTA S.A.                                           ;B;4010;0047000001;INSTRUMENTOS FINANCEIROS DERIVATIVOS              ; 0000000000003867,64
200505;61820817;BCO PAULISTA S.A.                                           ;B;4010;0047100004;INSTRUMENTOS FINANCEIROS DERIVATIVOS              ; 0000000000003867,64
200505;61820817;BCO PAULISTA S.A.                                           ;B;4010;0049000009;OUTRAS OBRIGACOES                                 ; 0000000258550233,43
200505;61820817;BCO PAULISTA S.A.                                           ;B;4010;0049100002;COBRANCA E ARRECADACAO DE TRIBUTOS E ASSEMELHADOS ; 0000000000084823,56
200505;61820817;BCO PAULISTA S.A.                                           ;B;4010;0049200005;CARTEIRA DE CAMBIO                                ; 0000000250706688,40
200505;61820817;BCO PAULISTA S.A.                                           ;B;4010;0049400001;FISCAIS E PREVIDENCIARIAS                         ; 0000000005544974,25
200505;61820817;BCO PAULISTA S.A.                                           ;B;4010;0049900006;DIVERSAS                                          ; 0000000002213747,22
200505;61820817;BCO PAULISTA S.A.                                           ;B;4010;0060000002;PATRIMONIO LIQUIDO                                ; 0000000040677215,83
200505;61820817;BCO PAULISTA S.A.                                           ;B;4010;0061000001;PATRIMONIO LIQUIDO                                ; 0000000040677215,83
200505;61820817;BCO PAULISTA S.A.                                           ;B;4010;0061100004;CAPITAL SOCIAL                                    ; 0000000031000000,00
200505;61820817;BCO PAULISTA S.A.                                           ;B;4010;0061300000;RESERVAS DE CAPITAL                               ; 0000000000098951,07
200505;61820817;BCO PAULISTA S.A.                                           ;B;4010;0061500006;RESERVAS DE LUCROS                                ; 0000000001067059,46
200505;61820817;BCO PAULISTA S.A.                                           ;B;4010;0061800005;LUCROS OU PREJUIZOS ACUMULADOS                    ; 0000000008511205,30
200505;61820817;BCO PAULISTA S.A.                                           ;B;4010;0070000009;CONTAS DE RESULTADO CREDORAS                      ; 0000000032501714,10
200505;61820817;BCO PAULISTA S.A.                                           ;B;4010;0071000008;RECEITAS OPERACIONAIS                             ; 0000000032495774,94
200505;61820817;BCO PAULISTA S.A.                                           ;B;4010;0071100001;RENDAS DE OPERACOES DE CREDITO                    ; 0000000009394403,67
200505;61820817;BCO PAULISTA S.A.                                           ;B;4010;0071300007;RENDAS DE CAMBIO                                  ; 0000000010147086,50
200505;61820817;BCO PAULISTA S.A.                                           ;B;4010;0071400000;RENDAS DE APLICACOES INTERFINANCEIRAS DE LIQUIDEZ ; 0000000001971193,30
200505;61820817;BCO PAULISTA S.A.                                           ;B;4010;0071500003;RENDAS COM TIT. E VAL. MOB. E INST. FINANC. DERIV.; 0000000006663546,46
200505;61820817;BCO PAULISTA S.A.                                           ;B;4010;0071700009;RENDAS DE PRESTACAO DE SERVICOS                   ; 0000000002415732,53
200505;61820817;BCO PAULISTA S.A.                                           ;B;4010;0071800002;RENDAS DE PARTICIPACOES                           ; 0000000001124420,98
200505;61820817;BCO PAULISTA S.A.                                           ;B;4010;0071900005;OUTRAS RECEITAS OPERACIONAIS                      ; 0000000000779391,50
200505;61820817;BCO PAULISTA S.A.                                           ;B;4010;0073000006;RECEITAS NAO OPERACIONAIS                         ; 0000000000005939,16
200505;61820817;BCO PAULISTA S.A.                                           ;B;4010;0073100009;LUCROS EM TRANSACOES COM VALORES E BENS           ; 0000000000005939,16
200505;61820817;BCO PAULISTA S.A.                                           ;B;4010;0080000006;(-) CONTAS DE RESULTADO DEVEDORAS                 ;-0000000030567776,22
200505;61820817;BCO PAULISTA S.A.                                           ;B;4010;0081000005;(-) DESPESAS OPERACIONAIS                         ;-0000000029934494,77
200505;61820817;BCO PAULISTA S.A.                                           ;B;4010;0081100008;(-) DESPESAS DE CAPTACAO                          ;-0000000011197588,88
200505;61820817;BCO PAULISTA S.A.                                           ;B;4010;0081200001;(-) DESP DE OBRIGACOES POR EMPRESTIMOS E REPASSES ;-0000000000235207,95
200505;61820817;BCO PAULISTA S.A.                                           ;B;4010;0081400007;(-) DESPESAS DE CAMBIO                            ;-0000000009442891,96
200505;61820817;BCO PAULISTA S.A.                                           ;B;4010;0081500000;(-) DESP. COM TIT. E VAL. MOB. E INST. FIN. DERIV.;-0000000000060849,86
200505;61820817;BCO PAULISTA S.A.                                           ;B;4010;0081700006;(-) DESPESAS ADMINISTRATIVAS                      ;-0000000007077734,49
200505;61820817;BCO PAULISTA S.A.                                           ;B;4010;0081800009;(-) APROVISIONAMENTOS E AJUSTES PATRIMONIAIS      ;-0000000000578989,47
200505;61820817;BCO PAULISTA S.A.                                           ;B;4010;0081900002;(-) OUTRAS DESPESAS OPERACIONAIS                  ;-0000000001341232,16
200505;61820817;BCO PAULISTA S.A.                                           ;B;4010;0089000007;(-) APURACAO DE RESULTADO                         ;-0000000000633281,45
200505;61820817;BCO PAULISTA S.A.                                           ;B;4010;0089400009;(-) IMPOSTO DE RENDA                              ;-0000000000540052,80
200505;61820817;BCO PAULISTA S.A.                                           ;B;4010;0089700008;(-) PARTICIPACOES NO LUCRO                        ;-0000000000093228,65
200505;61820817;BCO PAULISTA S.A.                                           ;B;4010;0090000003;COMPENSACAO                                       ; 0000006111070269,34
200505;61820817;BCO PAULISTA S.A.                                           ;B;4010;0090100006;COOBRIGACOES E RISCOS EM GARANTIAS PRESTADAS      ; 0000000017419240,01
200505;61820817;BCO PAULISTA S.A.                                           ;B;4010;0090300002;TITULOS E VALORES MOBILIARIOS                     ; 0000000155025651,91
200505;61820817;BCO PAULISTA S.A.                                           ;B;4010;0090400005;CUSTODIA DE VALORES                               ; 0000000261362782,47
200505;61820817;BCO PAULISTA S.A.                                           ;B;4010;0090500008;COBRANCA                                          ; 0000000127216291,19
200505;61820817;BCO PAULISTA S.A.                                           ;B;4010;0090600001;NEGOCIACAO E INTERMEDIACAO DE VALORES             ; 0000000011359592,02
200505;61820817;BCO PAULISTA S.A.                                           ;B;4010;0090900000;CONTROLE                                          ; 0000005432283341,04
200505;61820817;BCO PAULISTA S.A.                                           ;B;4010;0091000002;CLASSIFICACAO DA CARTEIRA DE CREDITOS             ; 0000000106403370,70
200505;61820817;BCO PAULISTA S.A.                                           ;B;4010;0091100005;OPERACOES DE CREDITOS E ARRENDAMENTO MERCANTIL    ; 0000000106403370,70
200505;61820817;BCO PAULISTA S.A.                                           ;B;4010;0099999995;TOTAL GERAL DO PASSIVO                            ; 0000006608496738,44
200505;62073200;MERRILL LYNCH BI                                            ;I;4010;0010000007;CIRCULANTE E REALIZAVEL A LONGO PRAZO             ; 0000000208549428,21
200505;62073200;MERRILL LYNCH BI                                            ;I;4010;0011000006;DISPONIBILIDADES                                  ; 0000000000068276,23
200505;62073200;MERRILL LYNCH BI                                            ;I;4010;0011100009;CAIXA                                             ; 0000000000000549,54
200505;62073200;MERRILL LYNCH BI                                            ;I;4010;0011200002;DEPOSITOS BANCARIOS                               ; 0000000000067726,69
200505;62073200;MERRILL LYNCH BI                                            ;I;4010;0012000005;APLICACOES INTERFINANCEIRAS DE LIQUIDEZ           ; 0000000027798200,32
200505;62073200;MERRILL LYNCH BI                                            ;I;4010;0012100008;APLICACOES EM OPERACOES COMPROMISSADAS            ; 0000000027798200,32
200505;62073200;MERRILL LYNCH BI                                            ;I;4010;0013000004;TITULOS E VAL. MOB. E INST. FINANC. DERIVATIVOS   ; 0000000155651121,17
200505;62073200;MERRILL LYNCH BI                                            ;I;4010;0013100007;LIVRES                                            ; 0000000017749137,29
200505;62073200;MERRILL LYNCH BI                                            ;I;4010;0013200000;VINCULADOS A OPERACOES COMPROMISSADAS             ; 0000000083231878,81
200505;62073200;MERRILL LYNCH BI                                            ;I;4010;0013300003;INSTRUMENTOS FINANCEIROS DERIVATIVOS              ; 0000000029739249,55
200505;62073200;MERRILL LYNCH BI                                            ;I;4010;0013600002;VINCULADOS A PRESTACAO DE GARANTIAS               ; 0000000024930855,52
200505;62073200;MERRILL LYNCH BI                                            ;I;4010;0014000003;RELACOES INTERFINANCEIRAS                         ; 0000000000026174,36
200505;62073200;MERRILL LYNCH BI                                            ;I;4010;0014400005;RELACOES COM CORRESPONDENTES                      ; 0000000000026174,36
200505;62073200;MERRILL LYNCH BI                                            ;I;4010;0018000009;OUTROS CREDITOS                                   ; 0000000024996674,67
200505;62073200;MERRILL LYNCH BI                                            ;I;4010;0018300008;RENDAS A RECEBER                                  ; 0000000014912249,19
200505;62073200;MERRILL LYNCH BI                                            ;I;4010;0018800003;DIVERSOS                                          ; 0000000010084425,48
200505;62073200;MERRILL LYNCH BI                                            ;I;4010;0019000008;OUTROS VALORES E BENS                             ; 0000000000008981,46
200505;62073200;MERRILL LYNCH BI                                            ;I;4010;0019900005;DESPESAS ANTECIPADAS                              ; 0000000000008981,46
200505;62073200;MERRILL LYNCH BI                                            ;I;4010;0020000004;PERMANENTE                                        ; 0000000078749569,13
200505;62073200;MERRILL LYNCH BI                                            ;I;4010;0021000003;INVESTIMENTOS                                     ; 0000000065965051,94
200505;62073200;MERRILL LYNCH BI                                            ;I;4010;0021200009;PARTICIPACOES EM COLIGADAS E CONTROLADAS NO PAIS  ; 0000000063370686,86
200505;62073200;MERRILL LYNCH BI                                            ;I;4010;0021400005;TITULOS PATRIMONIAIS                              ; 0000000002594365,08
200505;62073200;MERRILL LYNCH BI                                            ;I;4010;0022000002;IMOBILIZADO DE USO                                ; 0000000009672228,14
200505;62073200;MERRILL LYNCH BI                                            ;I;4010;0022400004;INSTALACOES, MOVEIS E EQUIPAMENTOS DE USO         ; 0000000005195994,16
200505;62073200;MERRILL LYNCH BI                                            ;I;4010;0022900009;OUTROS                                            ; 0000000004476233,98
200505;62073200;MERRILL LYNCH BI                                            ;I;4010;0024000000;DIFERIDO                                          ; 0000000003112289,05
200505;62073200;MERRILL LYNCH BI                                            ;I;4010;0024100003;GASTOS DE ORGANIZACAO E EXPANSAO                  ; 0000000003112289,05
200505;62073200;MERRILL LYNCH BI                                            ;I;4010;0030000001;COMPENSACAO                                       ; 0000002693675258,29
200505;62073200;MERRILL LYNCH BI                                            ;I;4010;0030300000;TITULOS E VALORES MOBILIARIOS                     ; 0000000281562992,29
200505;62073200;MERRILL LYNCH BI                                            ;I;4010;0030400003;CUSTODIA DE VALORES                               ; 0000000082994979,06
200505;62073200;MERRILL LYNCH BI                                            ;I;4010;0030600009;NEGOCIACAO E INTERMEDIACAO DE VALORES             ; 0000002327014400,59
200505;62073200;MERRILL LYNCH BI                                            ;I;4010;0030900008;CONTROLE                                          ; 0000000002102886,35
200505;62073200;MERRILL LYNCH BI                                            ;I;4010;0039999993;TOTAL GERAL DO ATIVO                              ; 0000002980974255,63
200505;62073200;MERRILL LYNCH BI                                            ;I;4010;0040000008;CIRCULANTE EXIGIVEL A LONGO PRAZO                 ; 0000000160451650,44
200505;62073200;MERRILL LYNCH BI                                            ;I;4010;0041000007;DEPOSITOS                                         ; 0000000024714766,30
200505;62073200;MERRILL LYNCH BI                                            ;I;4010;0041500002;DEPOSITOS A PRAZO                                 ; 0000000024714766,30
200505;62073200;MERRILL LYNCH BI                                            ;I;4010;0042000006;OBRIGACOES POR OPERACOES COMPROMISSADAS           ; 0000000082178823,50
200505;62073200;MERRILL LYNCH BI                                            ;I;4010;0042100009;CARTEIRA PROPRIA                                  ; 0000000082178823,50
200505;62073200;MERRILL LYNCH BI                                            ;I;4010;0047000001;INSTRUMENTOS FINANCEIROS DERIVATIVOS              ; 0000000027767170,48
200505;62073200;MERRILL LYNCH BI                                            ;I;4010;0047100004;INSTRUMENTOS FINANCEIROS DERIVATIVOS              ; 0000000027767170,48
200505;62073200;MERRILL LYNCH BI                                            ;I;4010;0049000009;OUTRAS OBRIGACOES                                 ; 0000000025790890,16
200505;62073200;MERRILL LYNCH BI                                            ;I;4010;0049300008;SOCIAIS E ESTATUTARIAS                            ; 0000000008822466,70
200505;62073200;MERRILL LYNCH BI                                            ;I;4010;0049400001;FISCAIS E PREVIDENCIARIAS                         ; 0000000007297113,31
200505;62073200;MERRILL LYNCH BI                                            ;I;4010;0049500004;NEGOCIACAO E INTERMEDIACAO DE VALORES             ; 0000000006042433,27
200505;62073200;MERRILL LYNCH BI                                            ;I;4010;0049900006;DIVERSAS                                          ; 0000000003628876,88
200505;62073200;MERRILL LYNCH BI                                            ;I;4010;0060000002;PATRIMONIO LIQUIDO                                ; 0000000103304902,15
200505;62073200;MERRILL LYNCH BI                                            ;I;4010;0061000001;PATRIMONIO LIQUIDO                                ; 0000000103304902,15
200505;62073200;MERRILL LYNCH BI                                            ;I;4010;0061100004;CAPITAL SOCIAL                                    ; 0000000051905196,61
200505;62073200;MERRILL LYNCH BI                                            ;I;4010;0061300000;RESERVAS DE CAPITAL                               ; 0000000003320100,19
200505;62073200;MERRILL LYNCH BI                                            ;I;4010;0061500006;RESERVAS DE LUCROS                                ; 0000000007068839,54
200505;62073200;MERRILL LYNCH BI                                            ;I;4010;0061800005;LUCROS OU PREJUIZOS ACUMULADOS                    ; 0000000041010765,81
200505;62073200;MERRILL LYNCH BI                                            ;I;4010;0070000009;CONTAS DE RESULTADO CREDORAS                      ; 0000000130702221,88
200505;62073200;MERRILL LYNCH BI                                            ;I;4010;0071000008;RECEITAS OPERACIONAIS                             ; 0000000130702221,88
200505;62073200;MERRILL LYNCH BI                                            ;I;4010;0071400000;RENDAS DE APLICACOES INTERFINANCEIRAS DE LIQUIDEZ ; 0000000001601169,99
200505;62073200;MERRILL LYNCH BI                                            ;I;4010;0071500003;RENDAS COM TIT. E VAL. MOB. E INST. FINANC. DERIV.; 0000000078176782,34
200505;62073200;MERRILL LYNCH BI                                            ;I;4010;0071700009;RENDAS DE PRESTACAO DE SERVICOS                   ; 0000000034325297,76
200505;62073200;MERRILL LYNCH BI                                            ;I;4010;0071800002;RENDAS DE PARTICIPACOES                           ; 0000000016468005,16
200505;62073200;MERRILL LYNCH BI                                            ;I;4010;0071900005;OUTRAS RECEITAS OPERACIONAIS                      ; 0000000000130966,63
200505;62073200;MERRILL LYNCH BI                                            ;I;4010;0080000006;(-) CONTAS DE RESULTADO DEVEDORAS                 ;-0000000107159777,13
200505;62073200;MERRILL LYNCH BI                                            ;I;4010;0081000005;(-) DESPESAS OPERACIONAIS                         ;-0000000101591201,72
200505;62073200;MERRILL LYNCH BI                                            ;I;4010;0081100008;(-) DESPESAS DE CAPTACAO                          ;-0000000006433506,58
200505;62073200;MERRILL LYNCH BI                                            ;I;4010;0081200001;(-) DESP DE OBRIGACOES POR EMPRESTIMOS E REPASSES ;-0000000000023502,50
200505;62073200;MERRILL LYNCH BI                                            ;I;4010;0081500000;(-) DESP. COM TIT. E VAL. MOB. E INST. FIN. DERIV.;-0000000069320382,73
200505;62073200;MERRILL LYNCH BI                                            ;I;4010;0081700006;(-) DESPESAS ADMINISTRATIVAS                      ;-0000000022938760,26
200505;62073200;MERRILL LYNCH BI                                            ;I;4010;0081800009;(-) APROVISIONAMENTOS E AJUSTES PATRIMONIAIS      ;-0000000000734386,94
200505;62073200;MERRILL LYNCH BI                                            ;I;4010;0081900002;(-) OUTRAS DESPESAS OPERACIONAIS                  ;-0000000002140662,71
200505;62073200;MERRILL LYNCH BI                                            ;I;4010;0083000003;(-) DESPESAS NAO OPERACIONAIS                     ;-0000000002684059,03
200505;62073200;MERRILL LYNCH BI                                            ;I;4010;0083100006;(-) PREJUIZOS EM TRANSACOES COM VALORES E BENS    ;-0000000002684059,03
200505;62073200;MERRILL LYNCH BI                                            ;I;4010;0089000007;(-) APURACAO DE RESULTADO                         ;-0000000002884516,38
200505;62073200;MERRILL LYNCH BI                                            ;I;4010;0089400009;(-) IMPOSTO DE RENDA                              ;-0000000002884516,38
200505;62073200;MERRILL LYNCH BI                                            ;I;4010;0090000003;COMPENSACAO                                       ; 0000002693675258,29
200505;62073200;MERRILL LYNCH BI                                            ;I;4010;0090300002;TITULOS E VALORES MOBILIARIOS                     ; 0000000281562992,29
200505;62073200;MERRILL LYNCH BI                                            ;I;4010;0090400005;CUSTODIA DE VALORES                               ; 0000000082994979,06
200505;62073200;MERRILL LYNCH BI                                            ;I;4010;0090600001;NEGOCIACAO E INTERMEDIACAO DE VALORES             ; 0000002327014400,59
200505;62073200;MERRILL LYNCH BI                                            ;I;4010;0090900000;CONTROLE                                          ; 0000000002102886,35
200505;62073200;MERRILL LYNCH BI                                            ;I;4010;0099999995;TOTAL GERAL DO PASSIVO                            ; 0000002980974255,63
200505;62136254;BCO CRUZEIRO DO SUL S.A.                                    ;U;4010;0010000007;CIRCULANTE E REALIZAVEL A LONGO PRAZO             ; 0000004021271446,02
200505;62136254;BCO CRUZEIRO DO SUL S.A.                                    ;U;4010;0011000006;DISPONIBILIDADES                                  ; 0000000000812310,04
200505;62136254;BCO CRUZEIRO DO SUL S.A.                                    ;U;4010;0011100009;CAIXA                                             ; 0000000000466215,40
200505;62136254;BCO CRUZEIRO DO SUL S.A.                                    ;U;4010;0011300005;RESERVAS LIVRES                                   ; 0000000000105794,64
200505;62136254;BCO CRUZEIRO DO SUL S.A.                                    ;U;4010;0011500001;DISPONIBILIDADES EM MOEDAS ESTRANGEIRAS           ; 0000000000240300,00
200505;62136254;BCO CRUZEIRO DO SUL S.A.                                    ;U;4010;0012000005;APLICACOES INTERFINANCEIRAS DE LIQUIDEZ           ; 0000001202241532,19
200505;62136254;BCO CRUZEIRO DO SUL S.A.                                    ;U;4010;0012100008;APLICACOES EM OPERACOES COMPROMISSADAS            ; 0000001172135417,33
200505;62136254;BCO CRUZEIRO DO SUL S.A.                                    ;U;4010;0012200001;APLICACOES EM DEPOSITOS INTERFINANCEIROS          ; 0000000030106114,86
200505;62136254;BCO CRUZEIRO DO SUL S.A.                                    ;U;4010;0013000004;TITULOS E VAL. MOB. E INST. FINANC. DERIVATIVOS   ; 0000002574689306,93
200505;62136254;BCO CRUZEIRO DO SUL S.A.                                    ;U;4010;0013100007;LIVRES                                            ; 0000000292547744,57
200505;62136254;BCO CRUZEIRO DO SUL S.A.                                    ;U;4010;0013200000;VINCULADOS A OPERACOES COMPROMISSADAS             ; 0000002160657403,89
200505;62136254;BCO CRUZEIRO DO SUL S.A.                                    ;U;4010;0013300003;INSTRUMENTOS FINANCEIROS DERIVATIVOS              ; 0000000106485352,31
200505;62136254;BCO CRUZEIRO DO SUL S.A.                                    ;U;4010;0013500009;VINCULADO A AQUIS.ACOES DE EMPRESAS ESTATAIS      ; 0000000000011472,76
200505;62136254;BCO CRUZEIRO DO SUL S.A.                                    ;U;4010;0013600002;VINCULADOS A PRESTACAO DE GARANTIAS               ; 0000000014987333,40
200505;62136254;BCO CRUZEIRO DO SUL S.A.                                    ;U;4010;0014000003;RELACOES INTERFINANCEIRAS                         ; 0000000003819541,38
200505;62136254;BCO CRUZEIRO DO SUL S.A.                                    ;U;4010;0014100006;DIREITOS JUNTO A PARTIC. DE SISTEMAS DE LIQUIDAÇÃO; 0000000003519831,09
200505;62136254;BCO CRUZEIRO DO SUL S.A.                                    ;U;4010;0014200009;CREDITOS VINCULADOS                               ; 0000000000124426,68
200505;62136254;BCO CRUZEIRO DO SUL S.A.                                    ;U;4010;0014400005;RELACOES COM CORRESPONDENTES                      ; 0000000000175283,61
200505;62136254;BCO CRUZEIRO DO SUL S.A.                                    ;U;4010;0016000001;OPERACOES DE CREDITO                              ; 0000000174269772,06
200505;62136254;BCO CRUZEIRO DO SUL S.A.                                    ;U;4010;0016100004;EMPRESTIMOS E TITULOS DESCONTADOS                 ; 0000000178630940,27
200505;62136254;BCO CRUZEIRO DO SUL S.A.                                    ;U;4010;0016200007;FINANCIAMENTOS                                    ; 0000000004445865,59
200505;62136254;BCO CRUZEIRO DO SUL S.A.                                    ;U;4010;0016900008;(-) PROVISOES PARA OPERACOES DE CREDITO           ;-0000000008807033,80
200505;62136254;BCO CRUZEIRO DO SUL S.A.                                    ;U;4010;0018000009;OUTROS CREDITOS                                   ; 0000000052019814,98
200505;62136254;BCO CRUZEIRO DO SUL S.A.                                    ;U;4010;0018100002;AVAIS E FIANCAS HONRADOS                          ; 0000000000007121,76
200505;62136254;BCO CRUZEIRO DO SUL S.A.                                    ;U;4010;0018300008;RENDAS A RECEBER                                  ; 0000000000017754,46
200505;62136254;BCO CRUZEIRO DO SUL S.A.                                    ;U;4010;0018800003;DIVERSOS                                          ; 0000000052002060,52
200505;62136254;BCO CRUZEIRO DO SUL S.A.                                    ;U;4010;0018900006;(-) PROVISOES PARA OUTROS CREDITOS                ;-0000000000007121,76
200505;62136254;BCO CRUZEIRO DO SUL S.A.                                    ;U;4010;0019000008;OUTROS VALORES E BENS                             ; 0000000013419168,44
200505;62136254;BCO CRUZEIRO DO SUL S.A.                                    ;U;4010;0019900005;DESPESAS ANTECIPADAS                              ; 0000000013419168,44
200505;62136254;BCO CRUZEIRO DO SUL S.A.                                    ;U;4010;0020000004;PERMANENTE                                        ; 0000000064430250,37
200505;62136254;BCO CRUZEIRO DO SUL S.A.                                    ;U;4010;0021000003;INVESTIMENTOS                                     ; 0000000053359178,15
200505;62136254;BCO CRUZEIRO DO SUL S.A.                                    ;U;4010;0021200009;PARTICIPACOES EM COLIGADAS E CONTROLADAS NO PAIS  ; 0000000046161401,95
200505;62136254;BCO CRUZEIRO DO SUL S.A.                                    ;U;4010;0021400005;TITULOS PATRIMONIAIS                              ; 0000000007197776,20
200505;62136254;BCO CRUZEIRO DO SUL S.A.                                    ;U;4010;0022000002;IMOBILIZADO DE USO                                ; 0000000009678088,15
200505;62136254;BCO CRUZEIRO DO SUL S.A.                                    ;U;4010;0022400004;INSTALACOES, MOVEIS E EQUIPAMENTOS DE USO         ; 0000000002728198,12
200505;62136254;BCO CRUZEIRO DO SUL S.A.                                    ;U;4010;0022900009;OUTROS                                            ; 0000000006949890,03
200505;62136254;BCO CRUZEIRO DO SUL S.A.                                    ;U;4010;0024000000;DIFERIDO                                          ; 0000000001392984,07
200505;62136254;BCO CRUZEIRO DO SUL S.A.                                    ;U;4010;0024100003;GASTOS DE ORGANIZACAO E EXPANSAO                  ; 0000000001392984,07
200505;62136254;BCO CRUZEIRO DO SUL S.A.                                    ;U;4010;0030000001;COMPENSACAO                                       ; 0000008768085722,31
200505;62136254;BCO CRUZEIRO DO SUL S.A.                                    ;U;4010;0030100004;COOBRIGACOES E RISCOS EM GARANTIAS PRESTADAS      ; 0000000210728733,82
200505;62136254;BCO CRUZEIRO DO SUL S.A.                                    ;U;4010;0030300000;TITULOS E VALORES MOBILIARIOS                     ; 0000004936407909,24
200505;62136254;BCO CRUZEIRO DO SUL S.A.                                    ;U;4010;0030400003;CUSTODIA DE VALORES                               ; 0000000902706633,32
200505;62136254;BCO CRUZEIRO DO SUL S.A.                                    ;U;4010;0030500006;COBRANCA                                          ; 0000000054830484,59
200505;62136254;BCO CRUZEIRO DO SUL S.A.                                    ;U;4010;0030600009;NEGOCIACAO E INTERMEDIACAO DE VALORES             ; 0000001325188852,52
200505;62136254;BCO CRUZEIRO DO SUL S.A.                                    ;U;4010;0030800005;CONTRATOS                                         ; 0000000126638657,74
200505;62136254;BCO CRUZEIRO DO SUL S.A.                                    ;U;4010;0030900008;CONTROLE                                          ; 0000001028500523,46
200505;62136254;BCO CRUZEIRO DO SUL S.A.                                    ;U;4010;0031000000;CLASSIFICACAO DA CARTEIRA DE CREDITOS             ; 0000000183083927,62
200505;62136254;BCO CRUZEIRO DO SUL S.A.                                    ;U;4010;0031200006;OPERACOES DE RISCO NIVEL A                        ; 0000000056137322,69
200505;62136254;BCO CRUZEIRO DO SUL S.A.                                    ;U;4010;0031300009;OPERACOES DE RISCO NIVELB                         ; 0000000045846957,46
200505;62136254;BCO CRUZEIRO DO SUL S.A.                                    ;U;4010;0031400002;OPERACOES DE RISCO NIVELC                         ; 0000000062920524,62
200505;62136254;BCO CRUZEIRO DO SUL S.A.                                    ;U;4010;0031500005;OPERACOES DE RISCO NIVEL D                        ; 0000000012085723,72
200505;62136254;BCO CRUZEIRO DO SUL S.A.                                    ;U;4010;0031600008;OPERACOES DE RISCO NIVEL E                        ; 0000000001592268,37
200505;62136254;BCO CRUZEIRO DO SUL S.A.                                    ;U;4010;0031900007;OPERACOES DE RISCO NIVEL H                        ; 0000000004501130,76
200505;62136254;BCO CRUZEIRO DO SUL S.A.                                    ;U;4010;0039999993;TOTAL GERAL DO ATIVO                              ; 0000012853787418,70
200505;62136254;BCO CRUZEIRO DO SUL S.A.                                    ;U;4010;0040000008;CIRCULANTE EXIGIVEL A LONGO PRAZO                 ; 0000003965209710,61
200505;62136254;BCO CRUZEIRO DO SUL S.A.                                    ;U;4010;0041000007;DEPOSITOS                                         ; 0000000310183977,52
200505;62136254;BCO CRUZEIRO DO SUL S.A.                                    ;U;4010;0041100000;DEPOSITOS A VISTA                                 ; 0000000008783486,05
200505;62136254;BCO CRUZEIRO DO SUL S.A.                                    ;U;4010;0041300006;DEPOSITOS INTERFINANCEIROS                        ; 0000000016952204,89
200505;62136254;BCO CRUZEIRO DO SUL S.A.                                    ;U;4010;0041500002;DEPOSITOS A PRAZO                                 ; 0000000284019360,12
200505;62136254;BCO CRUZEIRO DO SUL S.A.                                    ;U;4010;0041900004;OUTROS DEPOSITOS                                  ; 0000000000428926,46
200505;62136254;BCO CRUZEIRO DO SUL S.A.                                    ;U;4010;0042000006;OBRIGACOES POR OPERACOES COMPROMISSADAS           ; 0000003312319603,62
200505;62136254;BCO CRUZEIRO DO SUL S.A.                                    ;U;4010;0042100009;CARTEIRA PROPRIA                                  ; 0000002141584525,27
200505;62136254;BCO CRUZEIRO DO SUL S.A.                                    ;U;4010;0042200002;CARTEIRA DE TERCEIROS                             ; 0000001170735078,35
200505;62136254;BCO CRUZEIRO DO SUL S.A.                                    ;U;4010;0043000005;RECURSOS ACEITES CAMB,LI E HIP.,DEBENT.E SIMILARES; 0000000181356808,62
200505;62136254;BCO CRUZEIRO DO SUL S.A.                                    ;U;4010;0043500000;OBRIGACOES P/TITULOS E VALS.MOBILIARIOS EXTERIOR  ; 0000000181356808,62
200505;62136254;BCO CRUZEIRO DO SUL S.A.                                    ;U;4010;0044000004;RELACOES INTERFINANCEIRAS                         ; 0000000000605666,02
200505;62136254;BCO CRUZEIRO DO SUL S.A.                                    ;U;4010;0044100007;OBRIGAÇÕES JUNTO A PARTIC. DE SIST. DE LIQUIDACÃO ; 0000000000605666,02
200505;62136254;BCO CRUZEIRO DO SUL S.A.                                    ;U;4010;0046000002;OBRIGACOES POR EMPRESTIMOS E REPASSES             ; 0000000003268607,77
200505;62136254;BCO CRUZEIRO DO SUL S.A.                                    ;U;4010;0046400004;REPASSES DO PAIS - INSTITUICOES OFICIAIS          ; 0000000003268607,77
200505;62136254;BCO CRUZEIRO DO SUL S.A.                                    ;U;4010;0047000001;INSTRUMENTOS FINANCEIROS DERIVATIVOS              ; 0000000105578641,69
200505;62136254;BCO CRUZEIRO DO SUL S.A.                                    ;U;4010;0047100004;INSTRUMENTOS FINANCEIROS DERIVATIVOS              ; 0000000105578641,69
200505;62136254;BCO CRUZEIRO DO SUL S.A.                                    ;U;4010;0049000009;OUTRAS OBRIGACOES                                 ; 0000000051896405,37
200505;62136254;BCO CRUZEIRO DO SUL S.A.                                    ;U;4010;0049100002;COBRANCA E ARRECADACAO DE TRIBUTOS E ASSEMELHADOS ; 0000000000688753,30
200505;62136254;BCO CRUZEIRO DO SUL S.A.                                    ;U;4010;0049300008;SOCIAIS E ESTATUTARIAS                            ; 0000000002497178,05
200505;62136254;BCO CRUZEIRO DO SUL S.A.                                    ;U;4010;0049400001;FISCAIS E PREVIDENCIARIAS                         ; 0000000043518716,01
200505;62136254;BCO CRUZEIRO DO SUL S.A.                                    ;U;4010;0049500004;NEGOCIACAO E INTERMEDIACAO DE VALORES             ; 0000000000115685,33
200505;62136254;BCO CRUZEIRO DO SUL S.A.                                    ;U;4010;0049900006;DIVERSAS                                          ; 0000000005076072,68
200505;62136254;BCO CRUZEIRO DO SUL S.A.                                    ;U;4010;0050000005;RESULTADOS DE EXERCICIOS FUTUROS                  ; 0000000000066860,54
200505;62136254;BCO CRUZEIRO DO SUL S.A.                                    ;U;4010;0051000004;RECEITAS DE EXERCICIOS FUTUROS                    ; 0000000000066860,54
200505;62136254;BCO CRUZEIRO DO SUL S.A.                                    ;U;4010;0051100007;RECEITAS DE EXERCICIOS FUTUROS                    ; 0000000000066860,54
200505;62136254;BCO CRUZEIRO DO SUL S.A.                                    ;U;4010;0060000002;PATRIMONIO LIQUIDO                                ; 0000000101786429,10
200505;62136254;BCO CRUZEIRO DO SUL S.A.                                    ;U;4010;0061000001;PATRIMONIO LIQUIDO                                ; 0000000101786429,10
200505;62136254;BCO CRUZEIRO DO SUL S.A.                                    ;U;4010;0061100004;CAPITAL SOCIAL                                    ; 0000000070000000,00
200505;62136254;BCO CRUZEIRO DO SUL S.A.                                    ;U;4010;0061300000;RESERVAS DE CAPITAL                               ; 0000000002603796,07
200505;62136254;BCO CRUZEIRO DO SUL S.A.                                    ;U;4010;0061400003;RESERVAS DE REAVALIACAO                           ; 0000000006521544,94
200505;62136254;BCO CRUZEIRO DO SUL S.A.                                    ;U;4010;0061500006;RESERVAS DE LUCROS                                ; 0000000002718969,73
200505;62136254;BCO CRUZEIRO DO SUL S.A.                                    ;U;4010;0061600009;AJUSTES DE AVALIACAO PATRIMONIAL                  ; 0000000000552782,23
200505;62136254;BCO CRUZEIRO DO SUL S.A.                                    ;U;4010;0061800005;LUCROS OU PREJUIZOS ACUMULADOS                    ; 0000000019389336,13
200505;62136254;BCO CRUZEIRO DO SUL S.A.                                    ;U;4010;0070000009;CONTAS DE RESULTADO CREDORAS                      ; 0000000380167954,64
200505;62136254;BCO CRUZEIRO DO SUL S.A.                                    ;U;4010;0071000008;RECEITAS OPERACIONAIS                             ; 0000000380046954,64
200505;62136254;BCO CRUZEIRO DO SUL S.A.                                    ;U;4010;0071100001;RENDAS DE OPERACOES DE CREDITO                    ; 0000000097975205,49
200505;62136254;BCO CRUZEIRO DO SUL S.A.                                    ;U;4010;0071400000;RENDAS DE APLICACOES INTERFINANCEIRAS DE LIQUIDEZ ; 0000000100684462,20
200505;62136254;BCO CRUZEIRO DO SUL S.A.                                    ;U;4010;0071500003;RENDAS COM TIT. E VAL. MOB. E INST. FINANC. DERIV.; 0000000151876522,78
200505;62136254;BCO CRUZEIRO DO SUL S.A.                                    ;U;4010;0071700009;RENDAS DE PRESTACAO DE SERVICOS                   ; 0000000009758869,29
200505;62136254;BCO CRUZEIRO DO SUL S.A.                                    ;U;4010;0071800002;RENDAS DE PARTICIPACOES                           ; 0000000000897986,64
200505;62136254;BCO CRUZEIRO DO SUL S.A.                                    ;U;4010;0071900005;OUTRAS RECEITAS OPERACIONAIS                      ; 0000000018853908,24
200505;62136254;BCO CRUZEIRO DO SUL S.A.                                    ;U;4010;0073000006;RECEITAS NAO OPERACIONAIS                         ; 0000000000121000,00
200505;62136254;BCO CRUZEIRO DO SUL S.A.                                    ;U;4010;0073100009;LUCROS EM TRANSACOES COM VALORES E BENS           ; 0000000000121000,00
200505;62136254;BCO CRUZEIRO DO SUL S.A.                                    ;U;4010;0080000006;(-) CONTAS DE RESULTADO DEVEDORAS                 ;-0000000361529258,50
200505;62136254;BCO CRUZEIRO DO SUL S.A.                                    ;U;4010;0081000005;(-) DESPESAS OPERACIONAIS                         ;-0000000351816361,53
200505;62136254;BCO CRUZEIRO DO SUL S.A.                                    ;U;4010;0081100008;(-) DESPESAS DE CAPTACAO                          ;-0000000254533406,81
200505;62136254;BCO CRUZEIRO DO SUL S.A.                                    ;U;4010;0081200001;(-) DESP DE OBRIGACOES POR EMPRESTIMOS E REPASSES ;-0000000001956674,81
200505;62136254;BCO CRUZEIRO DO SUL S.A.                                    ;U;4010;0081500000;(-) DESP. COM TIT. E VAL. MOB. E INST. FIN. DERIV.;-0000000026587754,22
200505;62136254;BCO CRUZEIRO DO SUL S.A.                                    ;U;4010;0081600003;(-) DESPESAS DE PARTICIPACOES                     ;-0000000000992898,45
200505;62136254;BCO CRUZEIRO DO SUL S.A.                                    ;U;4010;0081700006;(-) DESPESAS ADMINISTRATIVAS                      ;-0000000041174709,86
200505;62136254;BCO CRUZEIRO DO SUL S.A.                                    ;U;4010;0081800009;(-) APROVISIONAMENTOS E AJUSTES PATRIMONIAIS      ;-0000000005419353,48
200505;62136254;BCO CRUZEIRO DO SUL S.A.                                    ;U;4010;0081900002;(-) OUTRAS DESPESAS OPERACIONAIS                  ;-0000000021151563,90
200505;62136254;BCO CRUZEIRO DO SUL S.A.                                    ;U;4010;0083000003;(-) DESPESAS NAO OPERACIONAIS                     ;-0000000000000050,00
200505;62136254;BCO CRUZEIRO DO SUL S.A.                                    ;U;4010;0083900000;(-) OUTRAS DESPESAS NAO OPERACIONAIS              ;-0000000000000050,00
200505;62136254;BCO CRUZEIRO DO SUL S.A.                                    ;U;4010;0089000007;(-) APURACAO DE RESULTADO                         ;-0000000009712846,97
200505;62136254;BCO CRUZEIRO DO SUL S.A.                                    ;U;4010;0089400009;(-) IMPOSTO DE RENDA                              ;-0000000009712846,97
200505;62136254;BCO CRUZEIRO DO SUL S.A.                                    ;U;4010;0090000003;COMPENSACAO                                       ; 0000008768085722,31
200505;62136254;BCO CRUZEIRO DO SUL S.A.                                    ;U;4010;0090100006;COOBRIGACOES E RISCOS EM GARANTIAS PRESTADAS      ; 0000000210728733,82
200505;62136254;BCO CRUZEIRO DO SUL S.A.                                    ;U;4010;0090300002;TITULOS E VALORES MOBILIARIOS                     ; 0000004936407909,24
200505;62136254;BCO CRUZEIRO DO SUL S.A.                                    ;U;4010;0090400005;CUSTODIA DE VALORES                               ; 0000000902706633,32
200505;62136254;BCO CRUZEIRO DO SUL S.A.                                    ;U;4010;0090500008;COBRANCA                                          ; 0000000054830484,59
200505;62136254;BCO CRUZEIRO DO SUL S.A.                                    ;U;4010;0090600001;NEGOCIACAO E INTERMEDIACAO DE VALORES             ; 0000001325188852,52
200505;62136254;BCO CRUZEIRO DO SUL S.A.                                    ;U;4010;0090800007;CONTRATOS                                         ; 0000000126638657,74
200505;62136254;BCO CRUZEIRO DO SUL S.A.                                    ;U;4010;0090900000;CONTROLE                                          ; 0000001028500523,46
200505;62136254;BCO CRUZEIRO DO SUL S.A.                                    ;U;4010;0091000002;CLASSIFICACAO DA CARTEIRA DE CREDITOS             ; 0000000183083927,62
200505;62136254;BCO CRUZEIRO DO SUL S.A.                                    ;U;4010;0091100005;OPERACOES DE CREDITOS E ARRENDAMENTO MERCANTIL    ; 0000000183083927,62
200505;62136254;BCO CRUZEIRO DO SUL S.A.                                    ;U;4010;0099999995;TOTAL GERAL DO PASSIVO                            ; 0000012853787418,70
200505;62144175;BCO PINE S.A.                                               ;U;4010;0010000007;CIRCULANTE E REALIZAVEL A LONGO PRAZO             ; 0000000962730103,76
200505;62144175;BCO PINE S.A.                                               ;U;4010;0011000006;DISPONIBILIDADES                                  ; 0000000003876333,53
200505;62144175;BCO PINE S.A.                                               ;U;4010;0011100009;CAIXA                                             ; 0000000000084107,72
200505;62144175;BCO PINE S.A.                                               ;U;4010;0011300005;RESERVAS LIVRES                                   ; 0000000000663914,49
200505;62144175;BCO PINE S.A.                                               ;U;4010;0011500001;DISPONIBILIDADES EM MOEDAS ESTRANGEIRAS           ; 0000000003128311,32
200505;62144175;BCO PINE S.A.                                               ;U;4010;0012000005;APLICACOES INTERFINANCEIRAS DE LIQUIDEZ           ; 0000000039074946,67
200505;62144175;BCO PINE S.A.                                               ;U;4010;0012100008;APLICACOES EM OPERACOES COMPROMISSADAS            ; 0000000011799366,47
200505;62144175;BCO PINE S.A.                                               ;U;4010;0012200001;APLICACOES EM DEPOSITOS INTERFINANCEIROS          ; 0000000027275580,20
200505;62144175;BCO PINE S.A.                                               ;U;4010;0013000004;TITULOS E VAL. MOB. E INST. FINANC. DERIVATIVOS   ; 0000000168765589,77
200505;62144175;BCO PINE S.A.                                               ;U;4010;0013100007;LIVRES                                            ; 0000000126619147,91
200505;62144175;BCO PINE S.A.                                               ;U;4010;0013200000;VINCULADOS A OPERACOES COMPROMISSADAS             ; 0000000036333867,64
200505;62144175;BCO PINE S.A.                                               ;U;4010;0013300003;INSTRUMENTOS FINANCEIROS DERIVATIVOS              ; 0000000002463586,40
200505;62144175;BCO PINE S.A.                                               ;U;4010;0013600002;VINCULADOS A PRESTACAO DE GARANTIAS               ; 0000000003348987,82
200505;62144175;BCO PINE S.A.                                               ;U;4010;0014000003;RELACOES INTERFINANCEIRAS                         ; 0000000001111820,06
200505;62144175;BCO PINE S.A.                                               ;U;4010;0014100006;DIREITOS JUNTO A PARTIC. DE SISTEMAS DE LIQUIDAÇÃO; 0000000001109125,70
200505;62144175;BCO PINE S.A.                                               ;U;4010;0014400005;RELACOES COM CORRESPONDENTES                      ; 0000000000002694,36
200505;62144175;BCO PINE S.A.                                               ;U;4010;0016000001;OPERACOES DE CREDITO                              ; 0000000714749126,18
200505;62144175;BCO PINE S.A.                                               ;U;4010;0016100004;EMPRESTIMOS E TITULOS DESCONTADOS                 ; 0000000550278098,82
200505;62144175;BCO PINE S.A.                                               ;U;4010;0016200007;FINANCIAMENTOS                                    ; 0000000179350964,84
200505;62144175;BCO PINE S.A.                                               ;U;4010;0016900008;(-) PROVISOES PARA OPERACOES DE CREDITO           ;-0000000014879937,48
200505;62144175;BCO PINE S.A.                                               ;U;4010;0018000009;OUTROS CREDITOS                                   ; 0000000028173948,85
200505;62144175;BCO PINE S.A.                                               ;U;4010;0018200005;CARTEIRA DE CAMBIO                                ; 0000000015979899,28
200505;62144175;BCO PINE S.A.                                               ;U;4010;0018300008;RENDAS A RECEBER                                  ; 0000000000467605,96
200505;62144175;BCO PINE S.A.                                               ;U;4010;0018400001;NEGOCIACAO E INTERMEDIACAO DE VALORES             ; 0000000000008923,40
200505;62144175;BCO PINE S.A.                                               ;U;4010;0018800003;DIVERSOS                                          ; 0000000011801371,43
200505;62144175;BCO PINE S.A.                                               ;U;4010;0018900006;(-) PROVISOES PARA OUTROS CREDITOS                ;-0000000000083851,22
200505;62144175;BCO PINE S.A.                                               ;U;4010;0019000008;OUTROS VALORES E BENS                             ; 0000000006978338,70
200505;62144175;BCO PINE S.A.                                               ;U;4010;0019800002;OUTROS VALORES E BENS                             ; 0000000006017753,07
200505;62144175;BCO PINE S.A.                                               ;U;4010;0019900005;DESPESAS ANTECIPADAS                              ; 0000000000960585,63
200505;62144175;BCO PINE S.A.                                               ;U;4010;0020000004;PERMANENTE                                        ; 0000000022879294,38
200505;62144175;BCO PINE S.A.                                               ;U;4010;0021000003;INVESTIMENTOS                                     ; 0000000008720111,85
200505;62144175;BCO PINE S.A.                                               ;U;4010;0021200009;PARTICIPACOES EM COLIGADAS E CONTROLADAS NO PAIS  ; 0000000008380627,54
200505;62144175;BCO PINE S.A.                                               ;U;4010;0021300002;INVESTIMENTOS POR INCENTIVOS FISCAIS              ; 0000000000157379,00
200505;62144175;BCO PINE S.A.                                               ;U;4010;0021400005;TITULOS PATRIMONIAIS                              ; 0000000000182105,31
200505;62144175;BCO PINE S.A.                                               ;U;4010;0022000002;IMOBILIZADO DE USO                                ; 0000000010692622,48
200505;62144175;BCO PINE S.A.                                               ;U;4010;0022300001;IMOVEIS DE USO                                    ; 0000000007228208,22
200505;62144175;BCO PINE S.A.                                               ;U;4010;0022400004;INSTALACOES, MOVEIS E EQUIPAMENTOS DE USO         ; 0000000001182216,59
200505;62144175;BCO PINE S.A.                                               ;U;4010;0022900009;OUTROS                                            ; 0000000002282197,67
200505;62144175;BCO PINE S.A.                                               ;U;4010;0024000000;DIFERIDO                                          ; 0000000003466560,05
200505;62144175;BCO PINE S.A.                                               ;U;4010;0024100003;GASTOS DE ORGANIZACAO E EXPANSAO                  ; 0000000003466560,05
200505;62144175;BCO PINE S.A.                                               ;U;4010;0030000001;COMPENSACAO                                       ; 0000002854660991,46
200505;62144175;BCO PINE S.A.                                               ;U;4010;0030100004;COOBRIGACOES E RISCOS EM GARANTIAS PRESTADAS      ; 0000000079539377,15
200505;62144175;BCO PINE S.A.                                               ;U;4010;0030300000;TITULOS E VALORES MOBILIARIOS                     ; 0000000166459110,37
200505;62144175;BCO PINE S.A.                                               ;U;4010;0030400003;CUSTODIA DE VALORES                               ; 0000000349440196,13
200505;62144175;BCO PINE S.A.                                               ;U;4010;0030500006;COBRANCA                                          ; 0000000136560546,14
200505;62144175;BCO PINE S.A.                                               ;U;4010;0030600009;NEGOCIACAO E INTERMEDIACAO DE VALORES             ; 0000000430933181,37
200505;62144175;BCO PINE S.A.                                               ;U;4010;0030800005;CONTRATOS                                         ; 0000000035447239,24
200505;62144175;BCO PINE S.A.                                               ;U;4010;0030900008;CONTROLE                                          ; 0000000910519287,50
200505;62144175;BCO PINE S.A.                                               ;U;4010;0031000000;CLASSIFICACAO DA CARTEIRA DE CREDITOS             ; 0000000745762053,56
200505;62144175;BCO PINE S.A.                                               ;U;4010;0031100003;OPERACOES DE RISCO NIVEL AA                       ; 0000000245432676,20
200505;62144175;BCO PINE S.A.                                               ;U;4010;0031200006;OPERACOES DE RISCO NIVEL A                        ; 0000000336722053,79
200505;62144175;BCO PINE S.A.                                               ;U;4010;0031300009;OPERACOES DE RISCO NIVELB                         ; 0000000080046329,56
200505;62144175;BCO PINE S.A.                                               ;U;4010;0031400002;OPERACOES DE RISCO NIVELC                         ; 0000000048267954,32
200505;62144175;BCO PINE S.A.                                               ;U;4010;0031500005;OPERACOES DE RISCO NIVEL D                        ; 0000000022769475,54
200505;62144175;BCO PINE S.A.                                               ;U;4010;0031600008;OPERACOES DE RISCO NIVEL E                        ; 0000000003929519,63
200505;62144175;BCO PINE S.A.                                               ;U;4010;0031700001;OPERACOES DE RISCO NIVEL F                        ; 0000000001788884,15
200505;62144175;BCO PINE S.A.                                               ;U;4010;0031800004;OPERACOES DE RISCO NIVEL G                        ; 0000000000410882,72
200505;62144175;BCO PINE S.A.                                               ;U;4010;0031900007;OPERACOES DE RISCO NIVEL H                        ; 0000000006394277,65
200505;62144175;BCO PINE S.A.                                               ;U;4010;0039999993;TOTAL GERAL DO ATIVO                              ; 0000003840270389,60
200505;62144175;BCO PINE S.A.                                               ;U;4010;0040000008;CIRCULANTE EXIGIVEL A LONGO PRAZO                 ; 0000000800332358,40
200505;62144175;BCO PINE S.A.                                               ;U;4010;0041000007;DEPOSITOS                                         ; 0000000413860631,58
200505;62144175;BCO PINE S.A.                                               ;U;4010;0041100000;DEPOSITOS A VISTA                                 ; 0000000035117601,24
200505;62144175;BCO PINE S.A.                                               ;U;4010;0041300006;DEPOSITOS INTERFINANCEIROS                        ; 0000000048441086,32
200505;62144175;BCO PINE S.A.                                               ;U;4010;0041500002;DEPOSITOS A PRAZO                                 ; 0000000330158945,01
200505;62144175;BCO PINE S.A.                                               ;U;4010;0041900004;OUTROS DEPOSITOS                                  ; 0000000000142999,01
200505;62144175;BCO PINE S.A.                                               ;U;4010;0042000006;OBRIGACOES POR OPERACOES COMPROMISSADAS           ; 0000000036326162,69
200505;62144175;BCO PINE S.A.                                               ;U;4010;0042100009;CARTEIRA PROPRIA                                  ; 0000000036326162,69
200505;62144175;BCO PINE S.A.                                               ;U;4010;0043000005;RECURSOS ACEITES CAMB,LI E HIP.,DEBENT.E SIMILARES; 0000000085944630,00
200505;62144175;BCO PINE S.A.                                               ;U;4010;0043500000;OBRIGACOES P/TITULOS E VALS.MOBILIARIOS EXTERIOR  ; 0000000085944630,00
200505;62144175;BCO PINE S.A.                                               ;U;4010;0044000004;RELACOES INTERFINANCEIRAS                         ; 0000000002846706,80
200505;62144175;BCO PINE S.A.                                               ;U;4010;0044100007;OBRIGAÇÕES JUNTO A PARTIC. DE SIST. DE LIQUIDACÃO ; 0000000002846706,80
200505;62144175;BCO PINE S.A.                                               ;U;4010;0045000003;RELACOES INTERDEPENDENCIAS                        ; 0000000000088036,80
200505;62144175;BCO PINE S.A.                                               ;U;4010;0045100006;RECURSOS EM TRANSITO DE TERCEIROS                 ; 0000000000088036,80
200505;62144175;BCO PINE S.A.                                               ;U;4010;0046000002;OBRIGACOES POR EMPRESTIMOS E REPASSES             ; 0000000220562084,02
200505;62144175;BCO PINE S.A.                                               ;U;4010;0046300001;EMPRESTIMOS NO EXTERIOR                           ; 0000000020584939,65
200505;62144175;BCO PINE S.A.                                               ;U;4010;0046400004;REPASSES DO PAIS - INSTITUICOES OFICIAIS          ; 0000000100157802,63
200505;62144175;BCO PINE S.A.                                               ;U;4010;0046600000;REPASSES DO EXTERIOR                              ; 0000000099819341,74
200505;62144175;BCO PINE S.A.                                               ;U;4010;0047000001;INSTRUMENTOS FINANCEIROS DERIVATIVOS              ; 0000000016671913,23
200505;62144175;BCO PINE S.A.                                               ;U;4010;0047100004;INSTRUMENTOS FINANCEIROS DERIVATIVOS              ; 0000000016671913,23
200505;62144175;BCO PINE S.A.                                               ;U;4010;0049000009;OUTRAS OBRIGACOES                                 ; 0000000024032193,28
200505;62144175;BCO PINE S.A.                                               ;U;4010;0049100002;COBRANCA E ARRECADACAO DE TRIBUTOS E ASSEMELHADOS ; 0000000000206355,58
200505;62144175;BCO PINE S.A.                                               ;U;4010;0049200005;CARTEIRA DE CAMBIO                                ; 0000000001462220,15
200505;62144175;BCO PINE S.A.                                               ;U;4010;0049400001;FISCAIS E PREVIDENCIARIAS                         ; 0000000014167772,01
200505;62144175;BCO PINE S.A.                                               ;U;4010;0049900006;DIVERSAS                                          ; 0000000008195845,54
200505;62144175;BCO PINE S.A.                                               ;U;4010;0050000005;RESULTADOS DE EXERCICIOS FUTUROS                  ; 0000000000570014,37
200505;62144175;BCO PINE S.A.                                               ;U;4010;0051000004;RECEITAS DE EXERCICIOS FUTUROS                    ; 0000000000570014,37
200505;62144175;BCO PINE S.A.                                               ;U;4010;0051100007;RECEITAS DE EXERCICIOS FUTUROS                    ; 0000000000570014,37
200505;62144175;BCO PINE S.A.                                               ;U;4010;0060000002;PATRIMONIO LIQUIDO                                ; 0000000167582734,26
200505;62144175;BCO PINE S.A.                                               ;U;4010;0061000001;PATRIMONIO LIQUIDO                                ; 0000000167582734,26
200505;62144175;BCO PINE S.A.                                               ;U;4010;0061100004;CAPITAL SOCIAL                                    ; 0000000115647920,00
200505;62144175;BCO PINE S.A.                                               ;U;4010;0061300000;RESERVAS DE CAPITAL                               ; 0000000000165444,05
200505;62144175;BCO PINE S.A.                                               ;U;4010;0061500006;RESERVAS DE LUCROS                                ; 0000000007111235,51
200505;62144175;BCO PINE S.A.                                               ;U;4010;0061600009;AJUSTES DE AVALIACAO PATRIMONIAL                  ;-0000000000030886,95
200505;62144175;BCO PINE S.A.                                               ;U;4010;0061800005;LUCROS OU PREJUIZOS ACUMULADOS                    ; 0000000044689021,65
200505;62144175;BCO PINE S.A.                                               ;U;4010;0070000009;CONTAS DE RESULTADO CREDORAS                      ; 0000000195247885,99
200505;62144175;BCO PINE S.A.                                               ;U;4010;0071000008;RECEITAS OPERACIONAIS                             ; 0000000195225300,93
200505;62144175;BCO PINE S.A.                                               ;U;4010;0071100001;RENDAS DE OPERACOES DE CREDITO                    ; 0000000114800212,84
200505;62144175;BCO PINE S.A.                                               ;U;4010;0071300007;RENDAS DE CAMBIO                                  ; 0000000033803843,53
200505;62144175;BCO PINE S.A.                                               ;U;4010;0071400000;RENDAS DE APLICACOES INTERFINANCEIRAS DE LIQUIDEZ ; 0000000002308946,68
200505;62144175;BCO PINE S.A.                                               ;U;4010;0071500003;RENDAS COM TIT. E VAL. MOB. E INST. FINANC. DERIV.; 0000000022659760,01
200505;62144175;BCO PINE S.A.                                               ;U;4010;0071700009;RENDAS DE PRESTACAO DE SERVICOS                   ; 0000000010610919,14
200505;62144175;BCO PINE S.A.                                               ;U;4010;0071800002;RENDAS DE PARTICIPACOES                           ; 0000000000341622,19
200505;62144175;BCO PINE S.A.                                               ;U;4010;0071900005;OUTRAS RECEITAS OPERACIONAIS                      ; 0000000010699996,54
200505;62144175;BCO PINE S.A.                                               ;U;4010;0073000006;RECEITAS NAO OPERACIONAIS                         ; 0000000000022585,06
200505;62144175;BCO PINE S.A.                                               ;U;4010;0073100009;LUCROS EM TRANSACOES COM VALORES E BENS           ; 0000000000012185,06
200505;62144175;BCO PINE S.A.                                               ;U;4010;0073900003;OUTRAS RECEITAS NAO OPERACIONAIS                  ; 0000000000010400,00
200505;62144175;BCO PINE S.A.                                               ;U;4010;0080000006;(-) CONTAS DE RESULTADO DEVEDORAS                 ;-0000000178123594,88
200505;62144175;BCO PINE S.A.                                               ;U;4010;0081000005;(-) DESPESAS OPERACIONAIS                         ;-0000000168477605,37
200505;62144175;BCO PINE S.A.                                               ;U;4010;0081100008;(-) DESPESAS DE CAPTACAO                          ;-0000000030137223,98
200505;62144175;BCO PINE S.A.                                               ;U;4010;0081200001;(-) DESP DE OBRIGACOES POR EMPRESTIMOS E REPASSES ;-0000000016721332,05
200505;62144175;BCO PINE S.A.                                               ;U;4010;0081400007;(-) DESPESAS DE CAMBIO                            ;-0000000026128031,40
200505;62144175;BCO PINE S.A.                                               ;U;4010;0081500000;(-) DESP. COM TIT. E VAL. MOB. E INST. FIN. DERIV.;-0000000032844978,38
200505;62144175;BCO PINE S.A.                                               ;U;4010;0081700006;(-) DESPESAS ADMINISTRATIVAS                      ;-0000000041199724,42
200505;62144175;BCO PINE S.A.                                               ;U;4010;0081800009;(-) APROVISIONAMENTOS E AJUSTES PATRIMONIAIS      ;-0000000006766838,52
200505;62144175;BCO PINE S.A.                                               ;U;4010;0081900002;(-) OUTRAS DESPESAS OPERACIONAIS                  ;-0000000014679476,62
200505;62144175;BCO PINE S.A.                                               ;U;4010;0089000007;(-) APURACAO DE RESULTADO                         ;-0000000009645989,51
200505;62144175;BCO PINE S.A.                                               ;U;4010;0089400009;(-) IMPOSTO DE RENDA                              ;-0000000008886446,22
200505;62144175;BCO PINE S.A.                                               ;U;4010;0089700008;(-) PARTICIPACOES NO LUCRO                        ;-0000000000759543,29
200505;62144175;BCO PINE S.A.                                               ;U;4010;0090000003;COMPENSACAO                                       ; 0000002854660991,46
200505;62144175;BCO PINE S.A.                                               ;U;4010;0090100006;COOBRIGACOES E RISCOS EM GARANTIAS PRESTADAS      ; 0000000079539377,15
200505;62144175;BCO PINE S.A.                                               ;U;4010;0090300002;TITULOS E VALORES MOBILIARIOS                     ; 0000000166459110,37
200505;62144175;BCO PINE S.A.                                               ;U;4010;0090400005;CUSTODIA DE VALORES                               ; 0000000349440196,13
200505;62144175;BCO PINE S.A.                                               ;U;4010;0090500008;COBRANCA                                          ; 0000000136560546,14
200505;62144175;BCO PINE S.A.                                               ;U;4010;0090600001;NEGOCIACAO E INTERMEDIACAO DE VALORES             ; 0000000430933181,37
200505;62144175;BCO PINE S.A.                                               ;U;4010;0090800007;CONTRATOS                                         ; 0000000035447239,24
200505;62144175;BCO PINE S.A.                                               ;U;4010;0090900000;CONTROLE                                          ; 0000000910519287,50
200505;62144175;BCO PINE S.A.                                               ;U;4010;0091000002;CLASSIFICACAO DA CARTEIRA DE CREDITOS             ; 0000000745762053,56
200505;62144175;BCO PINE S.A.                                               ;U;4010;0091100005;OPERACOES DE CREDITOS E ARRENDAMENTO MERCANTIL    ; 0000000745762053,56
200505;62144175;BCO PINE S.A.                                               ;U;4010;0099999995;TOTAL GERAL DO PASSIVO                            ; 0000003840270389,60
200505;62153721;BCO PORTO SEGURO S.A.                                       ;U;4010;0010000007;CIRCULANTE E REALIZAVEL A LONGO PRAZO             ; 0000000005726706,05
200505;62153721;BCO PORTO SEGURO S.A.                                       ;U;4010;0011000006;DISPONIBILIDADES                                  ; 0000000000232972,79
200505;62153721;BCO PORTO SEGURO S.A.                                       ;U;4010;0011100009;CAIXA                                             ; 0000000000001718,22
200505;62153721;BCO PORTO SEGURO S.A.                                       ;U;4010;0011200002;DEPOSITOS BANCARIOS                               ; 0000000000231254,57
200505;62153721;BCO PORTO SEGURO S.A.                                       ;U;4010;0013000004;TITULOS E VAL. MOB. E INST. FINANC. DERIVATIVOS   ; 0000000004343591,35
200505;62153721;BCO PORTO SEGURO S.A.                                       ;U;4010;0013100007;LIVRES                                            ; 0000000004343591,35
200505;62153721;BCO PORTO SEGURO S.A.                                       ;U;4010;0018000009;OUTROS CREDITOS                                   ; 0000000001150141,91
200505;62153721;BCO PORTO SEGURO S.A.                                       ;U;4010;0018400001;NEGOCIACAO E INTERMEDIACAO DE VALORES             ; 0000000000551022,60
200505;62153721;BCO PORTO SEGURO S.A.                                       ;U;4010;0018800003;DIVERSOS                                          ; 0000000000599119,31
200505;62153721;BCO PORTO SEGURO S.A.                                       ;U;4010;0020000004;PERMANENTE                                        ; 0000000005586451,20
200505;62153721;BCO PORTO SEGURO S.A.                                       ;U;4010;0021000003;INVESTIMENTOS                                     ; 0000000005584054,05
200505;62153721;BCO PORTO SEGURO S.A.                                       ;U;4010;0021200009;PARTICIPACOES EM COLIGADAS E CONTROLADAS NO PAIS  ; 0000000005373018,50
200505;62153721;BCO PORTO SEGURO S.A.                                       ;U;4010;0021400005;TITULOS PATRIMONIAIS                              ; 0000000000211035,55
200505;62153721;BCO PORTO SEGURO S.A.                                       ;U;4010;0022000002;IMOBILIZADO DE USO                                ; 0000000000002397,15
200505;62153721;BCO PORTO SEGURO S.A.                                       ;U;4010;0022400004;INSTALACOES, MOVEIS E EQUIPAMENTOS DE USO         ; 0000000000000149,85
200505;62153721;BCO PORTO SEGURO S.A.                                       ;U;4010;0022900009;OUTROS                                            ; 0000000000002247,30
200505;62153721;BCO PORTO SEGURO S.A.                                       ;U;4010;0030000001;COMPENSACAO                                       ; 0000000030235511,48
200505;62153721;BCO PORTO SEGURO S.A.                                       ;U;4010;0030300000;TITULOS E VALORES MOBILIARIOS                     ; 0000000008687182,70
200505;62153721;BCO PORTO SEGURO S.A.                                       ;U;4010;0030400003;CUSTODIA DE VALORES                               ; 0000000020726721,93
200505;62153721;BCO PORTO SEGURO S.A.                                       ;U;4010;0030900008;CONTROLE                                          ; 0000000000821606,85
200505;62153721;BCO PORTO SEGURO S.A.                                       ;U;4010;0039999993;TOTAL GERAL DO ATIVO                              ; 0000000041548668,73
200505;62153721;BCO PORTO SEGURO S.A.                                       ;U;4010;0040000008;CIRCULANTE EXIGIVEL A LONGO PRAZO                 ; 0000000000806176,34
200505;62153721;BCO PORTO SEGURO S.A.                                       ;U;4010;0049000009;OUTRAS OBRIGACOES                                 ; 0000000000806176,34
200505;62153721;BCO PORTO SEGURO S.A.                                       ;U;4010;0049400001;FISCAIS E PREVIDENCIARIAS                         ; 0000000000343020,22
200505;62153721;BCO PORTO SEGURO S.A.                                       ;U;4010;0049500004;NEGOCIACAO E INTERMEDIACAO DE VALORES             ; 0000000000018028,53
200505;62153721;BCO PORTO SEGURO S.A.                                       ;U;4010;0049900006;DIVERSAS                                          ; 0000000000445127,59
200505;62153721;BCO PORTO SEGURO S.A.                                       ;U;4010;0060000002;PATRIMONIO LIQUIDO                                ; 0000000010431787,56
200505;62153721;BCO PORTO SEGURO S.A.                                       ;U;4010;0061000001;PATRIMONIO LIQUIDO                                ; 0000000010431787,56
200505;62153721;BCO PORTO SEGURO S.A.                                       ;U;4010;0061100004;CAPITAL SOCIAL                                    ; 0000000009731587,09
200505;62153721;BCO PORTO SEGURO S.A.                                       ;U;4010;0061300000;RESERVAS DE CAPITAL                               ; 0000000000172066,55
200505;62153721;BCO PORTO SEGURO S.A.                                       ;U;4010;0061500006;RESERVAS DE LUCROS                                ; 0000000000026780,16
200505;62153721;BCO PORTO SEGURO S.A.                                       ;U;4010;0061600009;AJUSTES DE AVALIACAO PATRIMONIAL                  ;-0000000000007469,19
200505;62153721;BCO PORTO SEGURO S.A.                                       ;U;4010;0061800005;LUCROS OU PREJUIZOS ACUMULADOS                    ; 0000000000508822,95
200505;62153721;BCO PORTO SEGURO S.A.                                       ;U;4010;0070000009;CONTAS DE RESULTADO CREDORAS                      ; 0000000000412471,42
200505;62153721;BCO PORTO SEGURO S.A.                                       ;U;4010;0071000008;RECEITAS OPERACIONAIS                             ; 0000000000412471,42
200505;62153721;BCO PORTO SEGURO S.A.                                       ;U;4010;0071500003;RENDAS COM TIT. E VAL. MOB. E INST. FINANC. DERIV.; 0000000000398602,33
200505;62153721;BCO PORTO SEGURO S.A.                                       ;U;4010;0071900005;OUTRAS RECEITAS OPERACIONAIS                      ; 0000000000013869,09
200505;62153721;BCO PORTO SEGURO S.A.                                       ;U;4010;0080000006;(-) CONTAS DE RESULTADO DEVEDORAS                 ;-0000000000337278,07
200505;62153721;BCO PORTO SEGURO S.A.                                       ;U;4010;0081000005;(-) DESPESAS OPERACIONAIS                         ;-0000000000319799,75
200505;62153721;BCO PORTO SEGURO S.A.                                       ;U;4010;0081100008;(-) DESPESAS DE CAPTACAO                          ;-0000000000019544,95
200505;62153721;BCO PORTO SEGURO S.A.                                       ;U;4010;0081500000;(-) DESP. COM TIT. E VAL. MOB. E INST. FIN. DERIV.;-0000000000000099,94
200505;62153721;BCO PORTO SEGURO S.A.                                       ;U;4010;0081600003;(-) DESPESAS DE PARTICIPACOES                     ;-0000000000011365,90
200505;62153721;BCO PORTO SEGURO S.A.                                       ;U;4010;0081700006;(-) DESPESAS ADMINISTRATIVAS                      ;-0000000000261774,30
200505;62153721;BCO PORTO SEGURO S.A.                                       ;U;4010;0081800009;(-) APROVISIONAMENTOS E AJUSTES PATRIMONIAIS      ;-0000000000003670,07
200505;62153721;BCO PORTO SEGURO S.A.                                       ;U;4010;0081900002;(-) OUTRAS DESPESAS OPERACIONAIS                  ;-0000000000023344,59
200505;62153721;BCO PORTO SEGURO S.A.                                       ;U;4010;0089000007;(-) APURACAO DE RESULTADO                         ;-0000000000017478,32
200505;62153721;BCO PORTO SEGURO S.A.                                       ;U;4010;0089400009;(-) IMPOSTO DE RENDA                              ;-0000000000017478,32
200505;62153721;BCO PORTO SEGURO S.A.                                       ;U;4010;0090000003;COMPENSACAO                                       ; 0000000030235511,48
200505;62153721;BCO PORTO SEGURO S.A.                                       ;U;4010;0090300002;TITULOS E VALORES MOBILIARIOS                     ; 0000000008687182,70
200505;62153721;BCO PORTO SEGURO S.A.                                       ;U;4010;0090400005;CUSTODIA DE VALORES                               ; 0000000020726721,93
200505;62153721;BCO PORTO SEGURO S.A.                                       ;U;4010;0090900000;CONTROLE                                          ; 0000000000821606,85
200505;62153721;BCO PORTO SEGURO S.A.                                       ;U;4010;0099999995;TOTAL GERAL DO PASSIVO                            ; 0000000041548668,73
200505;62232889;BCO DAYCOVAL S.A                                            ;U;4010;0010000007;CIRCULANTE E REALIZAVEL A LONGO PRAZO             ; 0000001203416017,30
200505;62232889;BCO DAYCOVAL S.A                                            ;U;4010;0011000006;DISPONIBILIDADES                                  ; 0000000006212472,14
200505;62232889;BCO DAYCOVAL S.A                                            ;U;4010;0011100009;CAIXA                                             ; 0000000000140015,60
200505;62232889;BCO DAYCOVAL S.A                                            ;U;4010;0011300005;RESERVAS LIVRES                                   ; 0000000002352297,48
200505;62232889;BCO DAYCOVAL S.A                                            ;U;4010;0011500001;DISPONIBILIDADES EM MOEDAS ESTRANGEIRAS           ; 0000000003720159,06
200505;62232889;BCO DAYCOVAL S.A                                            ;U;4010;0012000005;APLICACOES INTERFINANCEIRAS DE LIQUIDEZ           ; 0000000140470349,19
200505;62232889;BCO DAYCOVAL S.A                                            ;U;4010;0012100008;APLICACOES EM OPERACOES COMPROMISSADAS            ; 0000000124999043,53
200505;62232889;BCO DAYCOVAL S.A                                            ;U;4010;0012200001;APLICACOES EM DEPOSITOS INTERFINANCEIROS          ; 0000000010653884,73
200505;62232889;BCO DAYCOVAL S.A                                            ;U;4010;0012600003;APLICA OES EM MOEDAS ESTRANGEIRAS                 ; 0000000004817420,93
200505;62232889;BCO DAYCOVAL S.A                                            ;U;4010;0013000004;TITULOS E VAL. MOB. E INST. FINANC. DERIVATIVOS   ; 0000000307125986,69
200505;62232889;BCO DAYCOVAL S.A                                            ;U;4010;0013100007;LIVRES                                            ; 0000000221238123,85
200505;62232889;BCO DAYCOVAL S.A                                            ;U;4010;0013200000;VINCULADOS A OPERACOES COMPROMISSADAS             ; 0000000026824355,14
200505;62232889;BCO DAYCOVAL S.A                                            ;U;4010;0013300003;INSTRUMENTOS FINANCEIROS DERIVATIVOS              ; 0000000034096780,57
200505;62232889;BCO DAYCOVAL S.A                                            ;U;4010;0013600002;VINCULADOS A PRESTACAO DE GARANTIAS               ; 0000000024966727,13
200505;62232889;BCO DAYCOVAL S.A                                            ;U;4010;0014000003;RELACOES INTERFINANCEIRAS                         ; 0000000004597947,64
200505;62232889;BCO DAYCOVAL S.A                                            ;U;4010;0014100006;DIREITOS JUNTO A PARTIC. DE SISTEMAS DE LIQUIDAÇÃO; 0000000001937265,99
200505;62232889;BCO DAYCOVAL S.A                                            ;U;4010;0014200009;CREDITOS VINCULADOS                               ; 0000000000198392,89
200505;62232889;BCO DAYCOVAL S.A                                            ;U;4010;0014400005;RELACOES COM CORRESPONDENTES                      ; 0000000002462288,76
200505;62232889;BCO DAYCOVAL S.A                                            ;U;4010;0016000001;OPERACOES DE CREDITO                              ; 0000000681856156,48
200505;62232889;BCO DAYCOVAL S.A                                            ;U;4010;0016100004;EMPRESTIMOS E TITULOS DESCONTADOS                 ; 0000000675959410,95
200505;62232889;BCO DAYCOVAL S.A                                            ;U;4010;0016200007;FINANCIAMENTOS                                    ; 0000000026750209,25
200505;62232889;BCO DAYCOVAL S.A                                            ;U;4010;0016900008;(-) PROVISOES PARA OPERACOES DE CREDITO           ;-0000000020853463,72
200505;62232889;BCO DAYCOVAL S.A                                            ;U;4010;0018000009;OUTROS CREDITOS                                   ; 0000000062785364,62
200505;62232889;BCO DAYCOVAL S.A                                            ;U;4010;0018200005;CARTEIRA DE CAMBIO                                ; 0000000017518024,63
200505;62232889;BCO DAYCOVAL S.A                                            ;U;4010;0018300008;RENDAS A RECEBER                                  ; 0000000000027361,55
200505;62232889;BCO DAYCOVAL S.A                                            ;U;4010;0018400001;NEGOCIACAO E INTERMEDIACAO DE VALORES             ; 0000000005373106,03
200505;62232889;BCO DAYCOVAL S.A                                            ;U;4010;0018800003;DIVERSOS                                          ; 0000000039866872,41
200505;62232889;BCO DAYCOVAL S.A                                            ;U;4010;0019000008;OUTROS VALORES E BENS                             ; 0000000000367740,54
200505;62232889;BCO DAYCOVAL S.A                                            ;U;4010;0019800002;OUTROS VALORES E BENS                             ; 0000000000345082,40
200505;62232889;BCO DAYCOVAL S.A                                            ;U;4010;0019900005;DESPESAS ANTECIPADAS                              ; 0000000000022658,14
200505;62232889;BCO DAYCOVAL S.A                                            ;U;4010;0020000004;PERMANENTE                                        ; 0000000070625824,21
200505;62232889;BCO DAYCOVAL S.A                                            ;U;4010;0021000003;INVESTIMENTOS                                     ; 0000000069031343,06
200505;62232889;BCO DAYCOVAL S.A                                            ;U;4010;0021200009;PARTICIPACOES EM COLIGADAS E CONTROLADAS NO PAIS  ; 0000000068166239,84
200505;62232889;BCO DAYCOVAL S.A                                            ;U;4010;0021300002;INVESTIMENTOS POR INCENTIVOS FISCAIS              ; 0000000000500988,42
200505;62232889;BCO DAYCOVAL S.A                                            ;U;4010;0021400005;TITULOS PATRIMONIAIS                              ; 0000000000364114,80
200505;62232889;BCO DAYCOVAL S.A                                            ;U;4010;0022000002;IMOBILIZADO DE USO                                ; 0000000001481097,88
200505;62232889;BCO DAYCOVAL S.A                                            ;U;4010;0022300001;IMOVEIS DE USO                                    ; 0000000000066768,23
200505;62232889;BCO DAYCOVAL S.A                                            ;U;4010;0022400004;INSTALACOES, MOVEIS E EQUIPAMENTOS DE USO         ; 0000000000266188,71
200505;62232889;BCO DAYCOVAL S.A                                            ;U;4010;0022900009;OUTROS                                            ; 0000000001148140,94
200505;62232889;BCO DAYCOVAL S.A                                            ;U;4010;0024000000;DIFERIDO                                          ; 0000000000113383,27
200505;62232889;BCO DAYCOVAL S.A                                            ;U;4010;0024100003;GASTOS DE ORGANIZACAO E EXPANSAO                  ; 0000000000113383,27
200505;62232889;BCO DAYCOVAL S.A                                            ;U;4010;0030000001;COMPENSACAO                                       ; 0000005273744182,20
200505;62232889;BCO DAYCOVAL S.A                                            ;U;4010;0030100004;COOBRIGACOES E RISCOS EM GARANTIAS PRESTADAS      ; 0000000023816523,22
200505;62232889;BCO DAYCOVAL S.A                                            ;U;4010;0030300000;TITULOS E VALORES MOBILIARIOS                     ; 0000000546725698,98
200505;62232889;BCO DAYCOVAL S.A                                            ;U;4010;0030400003;CUSTODIA DE VALORES                               ; 0000001224174828,98
200505;62232889;BCO DAYCOVAL S.A                                            ;U;4010;0030500006;COBRANCA                                          ; 0000000739932371,08
200505;62232889;BCO DAYCOVAL S.A                                            ;U;4010;0030600009;NEGOCIACAO E INTERMEDIACAO DE VALORES             ; 0000001195654752,21
200505;62232889;BCO DAYCOVAL S.A                                            ;U;4010;0030800005;CONTRATOS                                         ; 0000000041030542,03
200505;62232889;BCO DAYCOVAL S.A                                            ;U;4010;0030900008;CONTROLE                                          ; 0000000787483923,33
200505;62232889;BCO DAYCOVAL S.A                                            ;U;4010;0031000000;CLASSIFICACAO DA CARTEIRA DE CREDITOS             ; 0000000714925542,37
200505;62232889;BCO DAYCOVAL S.A                                            ;U;4010;0031100003;OPERACOES DE RISCO NIVEL AA                       ; 0000000000113945,81
200505;62232889;BCO DAYCOVAL S.A                                            ;U;4010;0031200006;OPERACOES DE RISCO NIVEL A                        ; 0000000110798188,86
200505;62232889;BCO DAYCOVAL S.A                                            ;U;4010;0031300009;OPERACOES DE RISCO NIVELB                         ; 0000000538212048,62
200505;62232889;BCO DAYCOVAL S.A                                            ;U;4010;0031400002;OPERACOES DE RISCO NIVELC                         ; 0000000046173323,86
200505;62232889;BCO DAYCOVAL S.A                                            ;U;4010;0031500005;OPERACOES DE RISCO NIVEL D                        ; 0000000002687537,93
200505;62232889;BCO DAYCOVAL S.A                                            ;U;4010;0031600008;OPERACOES DE RISCO NIVEL E                        ; 0000000000725764,72
200505;62232889;BCO DAYCOVAL S.A                                            ;U;4010;0031700001;OPERACOES DE RISCO NIVEL F                        ; 0000000003702437,15
200505;62232889;BCO DAYCOVAL S.A                                            ;U;4010;0031800004;OPERACOES DE RISCO NIVEL G                        ; 0000000004392824,17
200505;62232889;BCO DAYCOVAL S.A                                            ;U;4010;0031900007;OPERACOES DE RISCO NIVEL H                        ; 0000000008119471,25
200505;62232889;BCO DAYCOVAL S.A                                            ;U;4010;0039999993;TOTAL GERAL DO ATIVO                              ; 0000006547786023,71
200505;62232889;BCO DAYCOVAL S.A                                            ;U;4010;0040000008;CIRCULANTE EXIGIVEL A LONGO PRAZO                 ; 0000000932358953,71
200505;62232889;BCO DAYCOVAL S.A                                            ;U;4010;0041000007;DEPOSITOS                                         ; 0000000642935528,56
200505;62232889;BCO DAYCOVAL S.A                                            ;U;4010;0041100000;DEPOSITOS A VISTA                                 ; 0000000031375421,74
200505;62232889;BCO DAYCOVAL S.A                                            ;U;4010;0041300006;DEPOSITOS INTERFINANCEIROS                        ; 0000000020386199,82
200505;62232889;BCO DAYCOVAL S.A                                            ;U;4010;0041500002;DEPOSITOS A PRAZO                                 ; 0000000591173907,00
200505;62232889;BCO DAYCOVAL S.A                                            ;U;4010;0042000006;OBRIGACOES POR OPERACOES COMPROMISSADAS           ; 0000000026797301,19
200505;62232889;BCO DAYCOVAL S.A                                            ;U;4010;0042100009;CARTEIRA PROPRIA                                  ; 0000000026797301,19
200505;62232889;BCO DAYCOVAL S.A                                            ;U;4010;0044000004;RELACOES INTERFINANCEIRAS                         ; 0000000002351972,47
200505;62232889;BCO DAYCOVAL S.A                                            ;U;4010;0044100007;OBRIGAÇÕES JUNTO A PARTIC. DE SIST. DE LIQUIDACÃO ; 0000000002351972,47
200505;62232889;BCO DAYCOVAL S.A                                            ;U;4010;0045000003;RELACOES INTERDEPENDENCIAS                        ; 0000000001573442,06
200505;62232889;BCO DAYCOVAL S.A                                            ;U;4010;0045100006;RECURSOS EM TRANSITO DE TERCEIROS                 ; 0000000001573442,06
200505;62232889;BCO DAYCOVAL S.A                                            ;U;4010;0046000002;OBRIGACOES POR EMPRESTIMOS E REPASSES             ; 0000000152157383,54
200505;62232889;BCO DAYCOVAL S.A                                            ;U;4010;0046300001;EMPRESTIMOS NO EXTERIOR                           ; 0000000145255165,60
200505;62232889;BCO DAYCOVAL S.A                                            ;U;4010;0046600000;REPASSES DO EXTERIOR                              ; 0000000006902217,94
200505;62232889;BCO DAYCOVAL S.A                                            ;U;4010;0047000001;INSTRUMENTOS FINANCEIROS DERIVATIVOS              ; 0000000005172852,53
200505;62232889;BCO DAYCOVAL S.A                                            ;U;4010;0047100004;INSTRUMENTOS FINANCEIROS DERIVATIVOS              ; 0000000005172852,53
200505;62232889;BCO DAYCOVAL S.A                                            ;U;4010;0049000009;OUTRAS OBRIGACOES                                 ; 0000000101370473,36
200505;62232889;BCO DAYCOVAL S.A                                            ;U;4010;0049100002;COBRANCA E ARRECADACAO DE TRIBUTOS E ASSEMELHADOS ; 0000000000186012,29
200505;62232889;BCO DAYCOVAL S.A                                            ;U;4010;0049200005;CARTEIRA DE CAMBIO                                ; 0000000005975313,19
200505;62232889;BCO DAYCOVAL S.A                                            ;U;4010;0049400001;FISCAIS E PREVIDENCIARIAS                         ; 0000000081026289,49
200505;62232889;BCO DAYCOVAL S.A                                            ;U;4010;0049500004;NEGOCIACAO E INTERMEDIACAO DE VALORES             ; 0000000000503948,55
200505;62232889;BCO DAYCOVAL S.A                                            ;U;4010;0049900006;DIVERSAS                                          ; 0000000013678909,84
200505;62232889;BCO DAYCOVAL S.A                                            ;U;4010;0050000005;RESULTADOS DE EXERCICIOS FUTUROS                  ; 0000000000327329,68
200505;62232889;BCO DAYCOVAL S.A                                            ;U;4010;0051000004;RECEITAS DE EXERCICIOS FUTUROS                    ; 0000000000327329,68
200505;62232889;BCO DAYCOVAL S.A                                            ;U;4010;0051100007;RECEITAS DE EXERCICIOS FUTUROS                    ; 0000000000327329,68
200505;62232889;BCO DAYCOVAL S.A                                            ;U;4010;0060000002;PATRIMONIO LIQUIDO                                ; 0000000333566503,34
200505;62232889;BCO DAYCOVAL S.A                                            ;U;4010;0061000001;PATRIMONIO LIQUIDO                                ; 0000000333566503,34
200505;62232889;BCO DAYCOVAL S.A                                            ;U;4010;0061100004;CAPITAL SOCIAL                                    ; 0000000170909025,72
200505;62232889;BCO DAYCOVAL S.A                                            ;U;4010;0061300000;RESERVAS DE CAPITAL                               ; 0000000000395269,48
200505;62232889;BCO DAYCOVAL S.A                                            ;U;4010;0061400003;RESERVAS DE REAVALIACAO                           ; 0000000002404370,41
200505;62232889;BCO DAYCOVAL S.A                                            ;U;4010;0061500006;RESERVAS DE LUCROS                                ; 0000000024462052,61
200505;62232889;BCO DAYCOVAL S.A                                            ;U;4010;0061600009;AJUSTES DE AVALIACAO PATRIMONIAL                  ;-0000000000309143,75
200505;62232889;BCO DAYCOVAL S.A                                            ;U;4010;0061800005;LUCROS OU PREJUIZOS ACUMULADOS                    ; 0000000135704928,87
200505;62232889;BCO DAYCOVAL S.A                                            ;U;4010;0070000009;CONTAS DE RESULTADO CREDORAS                      ; 0000000277945910,83
200505;62232889;BCO DAYCOVAL S.A                                            ;U;4010;0071000008;RECEITAS OPERACIONAIS                             ; 0000000277874410,83
200505;62232889;BCO DAYCOVAL S.A                                            ;U;4010;0071100001;RENDAS DE OPERACOES DE CREDITO                    ; 0000000092459363,34
200505;62232889;BCO DAYCOVAL S.A                                            ;U;4010;0071300007;RENDAS DE CAMBIO                                  ; 0000000007075414,34
200505;62232889;BCO DAYCOVAL S.A                                            ;U;4010;0071400000;RENDAS DE APLICACOES INTERFINANCEIRAS DE LIQUIDEZ ; 0000000012306668,91
200505;62232889;BCO DAYCOVAL S.A                                            ;U;4010;0071500003;RENDAS COM TIT. E VAL. MOB. E INST. FINANC. DERIV.; 0000000143249244,55
200505;62232889;BCO DAYCOVAL S.A                                            ;U;4010;0071700009;RENDAS DE PRESTACAO DE SERVICOS                   ; 0000000002921580,06
200505;62232889;BCO DAYCOVAL S.A                                            ;U;4010;0071800002;RENDAS DE PARTICIPACOES                           ; 0000000000017616,32
200505;62232889;BCO DAYCOVAL S.A                                            ;U;4010;0071900005;OUTRAS RECEITAS OPERACIONAIS                      ; 0000000019844523,31
200505;62232889;BCO DAYCOVAL S.A                                            ;U;4010;0073000006;RECEITAS NAO OPERACIONAIS                         ; 0000000000071500,00
200505;62232889;BCO DAYCOVAL S.A                                            ;U;4010;0073100009;LUCROS EM TRANSACOES COM VALORES E BENS           ; 0000000000071500,00
200505;62232889;BCO DAYCOVAL S.A                                            ;U;4010;0080000006;(-) CONTAS DE RESULTADO DEVEDORAS                 ;-0000000270156856,05
200505;62232889;BCO DAYCOVAL S.A                                            ;U;4010;0081000005;(-) DESPESAS OPERACIONAIS                         ;-0000000264292136,41
200505;62232889;BCO DAYCOVAL S.A                                            ;U;4010;0081100008;(-) DESPESAS DE CAPTACAO                          ;-0000000039570619,62
200505;62232889;BCO DAYCOVAL S.A                                            ;U;4010;0081200001;(-) DESP DE OBRIGACOES POR EMPRESTIMOS E REPASSES ;-0000000005403620,62
200505;62232889;BCO DAYCOVAL S.A                                            ;U;4010;0081400007;(-) DESPESAS DE CAMBIO                            ;-0000000004516326,01
200505;62232889;BCO DAYCOVAL S.A                                            ;U;4010;0081500000;(-) DESP. COM TIT. E VAL. MOB. E INST. FIN. DERIV.;-0000000183937212,95
200505;62232889;BCO DAYCOVAL S.A                                            ;U;4010;0081600003;(-) DESPESAS DE PARTICIPACOES                     ;-0000000000026142,82
200505;62232889;BCO DAYCOVAL S.A                                            ;U;4010;0081700006;(-) DESPESAS ADMINISTRATIVAS                      ;-0000000019306323,44
200505;62232889;BCO DAYCOVAL S.A                                            ;U;4010;0081800009;(-) APROVISIONAMENTOS E AJUSTES PATRIMONIAIS      ;-0000000003191220,32
200505;62232889;BCO DAYCOVAL S.A                                            ;U;4010;0081900002;(-) OUTRAS DESPESAS OPERACIONAIS                  ;-0000000008340670,63
200505;62232889;BCO DAYCOVAL S.A                                            ;U;4010;0089000007;(-) APURACAO DE RESULTADO                         ;-0000000005864719,64
200505;62232889;BCO DAYCOVAL S.A                                            ;U;4010;0089400009;(-) IMPOSTO DE RENDA                              ;-0000000005864719,64
200505;62232889;BCO DAYCOVAL S.A                                            ;U;4010;0090000003;COMPENSACAO                                       ; 0000005273744182,20
200505;62232889;BCO DAYCOVAL S.A                                            ;U;4010;0090100006;COOBRIGACOES E RISCOS EM GARANTIAS PRESTADAS      ; 0000000023816523,22
200505;62232889;BCO DAYCOVAL S.A                                            ;U;4010;0090300002;TITULOS E VALORES MOBILIARIOS                     ; 0000000546725698,98
200505;62232889;BCO DAYCOVAL S.A                                            ;U;4010;0090400005;CUSTODIA DE VALORES                               ; 0000001224174828,98
200505;62232889;BCO DAYCOVAL S.A                                            ;U;4010;0090500008;COBRANCA                                          ; 0000000739932371,08
200505;62232889;BCO DAYCOVAL S.A                                            ;U;4010;0090600001;NEGOCIACAO E INTERMEDIACAO DE VALORES             ; 0000001195654752,21
200505;62232889;BCO DAYCOVAL S.A                                            ;U;4010;0090800007;CONTRATOS                                         ; 0000000041030542,03
200505;62232889;BCO DAYCOVAL S.A                                            ;U;4010;0090900000;CONTROLE                                          ; 0000000787483923,33
200505;62232889;BCO DAYCOVAL S.A                                            ;U;4010;0091000002;CLASSIFICACAO DA CARTEIRA DE CREDITOS             ; 0000000714925542,37
200505;62232889;BCO DAYCOVAL S.A                                            ;U;4010;0091100005;OPERACOES DE CREDITOS E ARRENDAMENTO MERCANTIL    ; 0000000714925542,37
200505;62232889;BCO DAYCOVAL S.A                                            ;U;4010;0099999995;TOTAL GERAL DO PASSIVO                            ; 0000006547786023,71
200505;62237425;BANCO FIDIS                                                 ;I;4010;0010000007;CIRCULANTE E REALIZAVEL A LONGO PRAZO             ; 0000001337801077,71
200505;62237425;BANCO FIDIS                                                 ;I;4010;0011000006;DISPONIBILIDADES                                  ; 0000000041062250,32
200505;62237425;BANCO FIDIS                                                 ;I;4010;0011100009;CAIXA                                             ; 0000000000000500,00
200505;62237425;BANCO FIDIS                                                 ;I;4010;0011200002;DEPOSITOS BANCARIOS                               ; 0000000041061750,32
200505;62237425;BANCO FIDIS                                                 ;I;4010;0012000005;APLICACOES INTERFINANCEIRAS DE LIQUIDEZ           ; 0000000063500000,00
200505;62237425;BANCO FIDIS                                                 ;I;4010;0012200001;APLICACOES EM DEPOSITOS INTERFINANCEIROS          ; 0000000063500000,00
200505;62237425;BANCO FIDIS                                                 ;I;4010;0013000004;TITULOS E VAL. MOB. E INST. FINANC. DERIVATIVOS   ; 0000000183035710,39
200505;62237425;BANCO FIDIS                                                 ;I;4010;0013100007;LIVRES                                            ; 0000000183035710,39
200505;62237425;BANCO FIDIS                                                 ;I;4010;0016000001;OPERACOES DE CREDITO                              ; 0000000968676659,03
200505;62237425;BANCO FIDIS                                                 ;I;4010;0016100004;EMPRESTIMOS E TITULOS DESCONTADOS                 ; 0000000179988021,95
200505;62237425;BANCO FIDIS                                                 ;I;4010;0016200007;FINANCIAMENTOS                                    ; 0000000812241082,22
200505;62237425;BANCO FIDIS                                                 ;I;4010;0016900008;(-) PROVISOES PARA OPERACOES DE CREDITO           ;-0000000023552445,14
200505;62237425;BANCO FIDIS                                                 ;I;4010;0018000009;OUTROS CREDITOS                                   ; 0000000080925400,69
200505;62237425;BANCO FIDIS                                                 ;I;4010;0018800003;DIVERSOS                                          ; 0000000080925400,69
200505;62237425;BANCO FIDIS                                                 ;I;4010;0019000008;OUTROS VALORES E BENS                             ; 0000000000601057,28
200505;62237425;BANCO FIDIS                                                 ;I;4010;0019800002;OUTROS VALORES E BENS                             ; 0000000000598500,00
200505;62237425;BANCO FIDIS                                                 ;I;4010;0019900005;DESPESAS ANTECIPADAS                              ; 0000000000002557,28
200505;62237425;BANCO FIDIS                                                 ;I;4010;0020000004;PERMANENTE                                        ; 0000000000313974,38
200505;62237425;BANCO FIDIS                                                 ;I;4010;0022000002;IMOBILIZADO DE USO                                ; 0000000000313974,38
200505;62237425;BANCO FIDIS                                                 ;I;4010;0022400004;INSTALACOES, MOVEIS E EQUIPAMENTOS DE USO         ; 0000000000193133,17
200505;62237425;BANCO FIDIS                                                 ;I;4010;0022900009;OUTROS                                            ; 0000000000120841,21
200505;62237425;BANCO FIDIS                                                 ;I;4010;0030000001;COMPENSACAO                                       ; 0000002412914413,36
200505;62237425;BANCO FIDIS                                                 ;I;4010;0030100004;COOBRIGACOES E RISCOS EM GARANTIAS PRESTADAS      ; 0000000000100932,78
200505;62237425;BANCO FIDIS                                                 ;I;4010;0030300000;TITULOS E VALORES MOBILIARIOS                     ; 0000000366071420,78
200505;62237425;BANCO FIDIS                                                 ;I;4010;0030400003;CUSTODIA DE VALORES                               ; 0000001019062386,05
200505;62237425;BANCO FIDIS                                                 ;I;4010;0030900008;CONTROLE                                          ; 0000000035450569,58
200505;62237425;BANCO FIDIS                                                 ;I;4010;0031000000;CLASSIFICACAO DA CARTEIRA DE CREDITOS             ; 0000000992229104,17
200505;62237425;BANCO FIDIS                                                 ;I;4010;0031100003;OPERACOES DE RISCO NIVEL AA                       ; 0000000337002872,39
200505;62237425;BANCO FIDIS                                                 ;I;4010;0031200006;OPERACOES DE RISCO NIVEL A                        ; 0000000185234587,30
200505;62237425;BANCO FIDIS                                                 ;I;4010;0031300009;OPERACOES DE RISCO NIVELB                         ; 0000000365412425,83
200505;62237425;BANCO FIDIS                                                 ;I;4010;0031400002;OPERACOES DE RISCO NIVELC                         ; 0000000061435273,68
200505;62237425;BANCO FIDIS                                                 ;I;4010;0031500005;OPERACOES DE RISCO NIVEL D                        ; 0000000028905394,68
200505;62237425;BANCO FIDIS                                                 ;I;4010;0031900007;OPERACOES DE RISCO NIVEL H                        ; 0000000014238550,29
200505;62237425;BANCO FIDIS                                                 ;I;4010;0039999993;TOTAL GERAL DO ATIVO                              ; 0000003751029465,45
200505;62237425;BANCO FIDIS                                                 ;I;4010;0040000008;CIRCULANTE EXIGIVEL A LONGO PRAZO                 ; 0000000984458330,74
200505;62237425;BANCO FIDIS                                                 ;I;4010;0041000007;DEPOSITOS                                         ; 0000000690435020,17
200505;62237425;BANCO FIDIS                                                 ;I;4010;0041300006;DEPOSITOS INTERFINANCEIROS                        ; 0000000001738768,64
200505;62237425;BANCO FIDIS                                                 ;I;4010;0041500002;DEPOSITOS A PRAZO                                 ; 0000000688696251,53
200505;62237425;BANCO FIDIS                                                 ;I;4010;0046000002;OBRIGACOES POR EMPRESTIMOS E REPASSES             ; 0000000000262900,03
200505;62237425;BANCO FIDIS                                                 ;I;4010;0046400004;REPASSES DO PAIS - INSTITUICOES OFICIAIS          ; 0000000000262900,03
200505;62237425;BANCO FIDIS                                                 ;I;4010;0049000009;OUTRAS OBRIGACOES                                 ; 0000000293760410,54
200505;62237425;BANCO FIDIS                                                 ;I;4010;0049100002;COBRANCA E ARRECADACAO DE TRIBUTOS E ASSEMELHADOS ; 0000000000000128,27
200505;62237425;BANCO FIDIS                                                 ;I;4010;0049300008;SOCIAIS E ESTATUTARIAS                            ; 0000000000021951,28
200505;62237425;BANCO FIDIS                                                 ;I;4010;0049400001;FISCAIS E PREVIDENCIARIAS                         ; 0000000248014403,55
200505;62237425;BANCO FIDIS                                                 ;I;4010;0049900006;DIVERSAS                                          ; 0000000045723927,44
200505;62237425;BANCO FIDIS                                                 ;I;4010;0050000005;RESULTADOS DE EXERCICIOS FUTUROS                  ; 0000000000325965,56
200505;62237425;BANCO FIDIS                                                 ;I;4010;0051000004;RECEITAS DE EXERCICIOS FUTUROS                    ; 0000000000325965,56
200505;62237425;BANCO FIDIS                                                 ;I;4010;0051100007;RECEITAS DE EXERCICIOS FUTUROS                    ; 0000000000325965,56
200505;62237425;BANCO FIDIS                                                 ;I;4010;0060000002;PATRIMONIO LIQUIDO                                ; 0000000330165921,22
200505;62237425;BANCO FIDIS                                                 ;I;4010;0061000001;PATRIMONIO LIQUIDO                                ; 0000000330165921,22
200505;62237425;BANCO FIDIS                                                 ;I;4010;0061100004;CAPITAL SOCIAL                                    ; 0000000116235465,00
200505;62237425;BANCO FIDIS                                                 ;I;4010;0061500006;RESERVAS DE LUCROS                                ; 0000000011873963,33
200505;62237425;BANCO FIDIS                                                 ;I;4010;0061600009;AJUSTES DE AVALIACAO PATRIMONIAL                  ;-0000000001058194,82
200505;62237425;BANCO FIDIS                                                 ;I;4010;0061800005;LUCROS OU PREJUIZOS ACUMULADOS                    ; 0000000203114687,71
200505;62237425;BANCO FIDIS                                                 ;I;4010;0070000009;CONTAS DE RESULTADO CREDORAS                      ; 0000000083544183,71
200505;62237425;BANCO FIDIS                                                 ;I;4010;0071000008;RECEITAS OPERACIONAIS                             ; 0000000081898246,71
200505;62237425;BANCO FIDIS                                                 ;I;4010;0071100001;RENDAS DE OPERACOES DE CREDITO                    ; 0000000046914533,02
200505;62237425;BANCO FIDIS                                                 ;I;4010;0071400000;RENDAS DE APLICACOES INTERFINANCEIRAS DE LIQUIDEZ ; 0000000016734553,75
200505;62237425;BANCO FIDIS                                                 ;I;4010;0071500003;RENDAS COM TIT. E VAL. MOB. E INST. FINANC. DERIV.; 0000000012633539,98
200505;62237425;BANCO FIDIS                                                 ;I;4010;0071700009;RENDAS DE PRESTACAO DE SERVICOS                   ; 0000000000020067,58
200505;62237425;BANCO FIDIS                                                 ;I;4010;0071900005;OUTRAS RECEITAS OPERACIONAIS                      ; 0000000005595552,38
200505;62237425;BANCO FIDIS                                                 ;I;4010;0073000006;RECEITAS NAO OPERACIONAIS                         ; 0000000001645937,00
200505;62237425;BANCO FIDIS                                                 ;I;4010;0073100009;LUCROS EM TRANSACOES COM VALORES E BENS           ; 0000000001279910,00
200505;62237425;BANCO FIDIS                                                 ;I;4010;0073900003;OUTRAS RECEITAS NAO OPERACIONAIS                  ; 0000000000366027,00
200505;62237425;BANCO FIDIS                                                 ;I;4010;0080000006;(-) CONTAS DE RESULTADO DEVEDORAS                 ;-0000000060379349,14
200505;62237425;BANCO FIDIS                                                 ;I;4010;0081000005;(-) DESPESAS OPERACIONAIS                         ;-0000000047465467,46
200505;62237425;BANCO FIDIS                                                 ;I;4010;0081100008;(-) DESPESAS DE CAPTACAO                          ;-0000000026006030,70
200505;62237425;BANCO FIDIS                                                 ;I;4010;0081200001;(-) DESP DE OBRIGACOES POR EMPRESTIMOS E REPASSES ;-0000000000016817,61
200505;62237425;BANCO FIDIS                                                 ;I;4010;0081700006;(-) DESPESAS ADMINISTRATIVAS                      ;-0000000005857020,89
200505;62237425;BANCO FIDIS                                                 ;I;4010;0081800009;(-) APROVISIONAMENTOS E AJUSTES PATRIMONIAIS      ;-0000000004413246,68
200505;62237425;BANCO FIDIS                                                 ;I;4010;0081900002;(-) OUTRAS DESPESAS OPERACIONAIS                  ;-0000000011172351,58
200505;62237425;BANCO FIDIS                                                 ;I;4010;0083000003;(-) DESPESAS NAO OPERACIONAIS                     ;-0000000000013132,41
200505;62237425;BANCO FIDIS                                                 ;I;4010;0083900000;(-) OUTRAS DESPESAS NAO OPERACIONAIS              ;-0000000000013132,41
200505;62237425;BANCO FIDIS                                                 ;I;4010;0089000007;(-) APURACAO DE RESULTADO                         ;-0000000012900749,27
200505;62237425;BANCO FIDIS                                                 ;I;4010;0089400009;(-) IMPOSTO DE RENDA                              ;-0000000012898954,27
200505;62237425;BANCO FIDIS                                                 ;I;4010;0089700008;(-) PARTICIPACOES NO LUCRO                        ;-0000000000001795,00
200505;62237425;BANCO FIDIS                                                 ;I;4010;0090000003;COMPENSACAO                                       ; 0000002412914413,36
200505;62237425;BANCO FIDIS                                                 ;I;4010;0090100006;COOBRIGACOES E RISCOS EM GARANTIAS PRESTADAS      ; 0000000000100932,78
200505;62237425;BANCO FIDIS                                                 ;I;4010;0090300002;TITULOS E VALORES MOBILIARIOS                     ; 0000000366071420,78
200505;62237425;BANCO FIDIS                                                 ;I;4010;0090400005;CUSTODIA DE VALORES                               ; 0000001019062386,05
200505;62237425;BANCO FIDIS                                                 ;I;4010;0090900000;CONTROLE                                          ; 0000000035450569,58
200505;62237425;BANCO FIDIS                                                 ;I;4010;0091000002;CLASSIFICACAO DA CARTEIRA DE CREDITOS             ; 0000000992229104,17
200505;62237425;BANCO FIDIS                                                 ;I;4010;0091100005;OPERACOES DE CREDITOS E ARRENDAMENTO MERCANTIL    ; 0000000992229104,17
200505;62237425;BANCO FIDIS                                                 ;I;4010;0099999995;TOTAL GERAL DO PASSIVO                            ; 0000003751029465,45
200505;62331228;DEUTSCHE BANK S.A.BCO ALEMAO                                ;U;4010;0010000007;CIRCULANTE E REALIZAVEL A LONGO PRAZO             ; 0000002484020038,52
200505;62331228;DEUTSCHE BANK S.A.BCO ALEMAO                                ;U;4010;0011000006;DISPONIBILIDADES                                  ; 0000000000451525,56
200505;62331228;DEUTSCHE BANK S.A.BCO ALEMAO                                ;U;4010;0011500001;DISPONIBILIDADES EM MOEDAS ESTRANGEIRAS           ; 0000000000451525,56
200505;62331228;DEUTSCHE BANK S.A.BCO ALEMAO                                ;U;4010;0012000005;APLICACOES INTERFINANCEIRAS DE LIQUIDEZ           ; 0000000085000156,60
200505;62331228;DEUTSCHE BANK S.A.BCO ALEMAO                                ;U;4010;0012100008;APLICACOES EM OPERACOES COMPROMISSADAS            ; 0000000072899864,07
200505;62331228;DEUTSCHE BANK S.A.BCO ALEMAO                                ;U;4010;0012200001;APLICACOES EM DEPOSITOS INTERFINANCEIROS          ; 0000000003528936,53
200505;62331228;DEUTSCHE BANK S.A.BCO ALEMAO                                ;U;4010;0012600003;APLICA OES EM MOEDAS ESTRANGEIRAS                 ; 0000000008571356,00
200505;62331228;DEUTSCHE BANK S.A.BCO ALEMAO                                ;U;4010;0013000004;TITULOS E VAL. MOB. E INST. FINANC. DERIVATIVOS   ; 0000001776634804,98
200505;62331228;DEUTSCHE BANK S.A.BCO ALEMAO                                ;U;4010;0013100007;LIVRES                                            ; 0000000504376847,51
200505;62331228;DEUTSCHE BANK S.A.BCO ALEMAO                                ;U;4010;0013200000;VINCULADOS A OPERACOES COMPROMISSADAS             ; 0000000059058209,53
200505;62331228;DEUTSCHE BANK S.A.BCO ALEMAO                                ;U;4010;0013300003;INSTRUMENTOS FINANCEIROS DERIVATIVOS              ; 0000000592557419,08
200505;62331228;DEUTSCHE BANK S.A.BCO ALEMAO                                ;U;4010;0013400006;VINCULADOS AO BANCO CENTRAL                       ; 0000000019730657,62
200505;62331228;DEUTSCHE BANK S.A.BCO ALEMAO                                ;U;4010;0013600002;VINCULADOS A PRESTACAO DE GARANTIAS               ; 0000000600911671,24
200505;62331228;DEUTSCHE BANK S.A.BCO ALEMAO                                ;U;4010;0014000003;RELACOES INTERFINANCEIRAS                         ; 0000000000461330,71
200505;62331228;DEUTSCHE BANK S.A.BCO ALEMAO                                ;U;4010;0014100006;DIREITOS JUNTO A PARTIC. DE SISTEMAS DE LIQUIDAÇÃO; 0000000000012292,80
200505;62331228;DEUTSCHE BANK S.A.BCO ALEMAO                                ;U;4010;0014200009;CREDITOS VINCULADOS                               ; 0000000000449037,91
200505;62331228;DEUTSCHE BANK S.A.BCO ALEMAO                                ;U;4010;0015000002;RELACOES INTERDEPENDENCIAS                        ; 0000000095585632,17
200505;62331228;DEUTSCHE BANK S.A.BCO ALEMAO                                ;U;4010;0015200008;TRANSFERENCIAS INTERNAS DE RECURSOS               ; 0000000095585632,17
200505;62331228;DEUTSCHE BANK S.A.BCO ALEMAO                                ;U;4010;0016000001;OPERACOES DE CREDITO                              ; 0000000246260366,34
200505;62331228;DEUTSCHE BANK S.A.BCO ALEMAO                                ;U;4010;0016100004;EMPRESTIMOS E TITULOS DESCONTADOS                 ; 0000000229375484,76
200505;62331228;DEUTSCHE BANK S.A.BCO ALEMAO                                ;U;4010;0016200007;FINANCIAMENTOS                                    ; 0000000017203613,92
200505;62331228;DEUTSCHE BANK S.A.BCO ALEMAO                                ;U;4010;0016900008;(-) PROVISOES PARA OPERACOES DE CREDITO           ;-0000000000318732,34
200505;62331228;DEUTSCHE BANK S.A.BCO ALEMAO                                ;U;4010;0018000009;OUTROS CREDITOS                                   ; 0000000279252485,62
200505;62331228;DEUTSCHE BANK S.A.BCO ALEMAO                                ;U;4010;0018200005;CARTEIRA DE CAMBIO                                ; 0000000115899275,29
200505;62331228;DEUTSCHE BANK S.A.BCO ALEMAO                                ;U;4010;0018300008;RENDAS A RECEBER                                  ; 0000000000931990,68
200505;62331228;DEUTSCHE BANK S.A.BCO ALEMAO                                ;U;4010;0018400001;NEGOCIACAO E INTERMEDIACAO DE VALORES             ; 0000000004936529,88
200505;62331228;DEUTSCHE BANK S.A.BCO ALEMAO                                ;U;4010;0018800003;DIVERSOS                                          ; 0000000162733239,11
200505;62331228;DEUTSCHE BANK S.A.BCO ALEMAO                                ;U;4010;0018900006;(-) PROVISOES PARA OUTROS CREDITOS                ;-0000000005248549,34
200505;62331228;DEUTSCHE BANK S.A.BCO ALEMAO                                ;U;4010;0019000008;OUTROS VALORES E BENS                             ; 0000000000373736,54
200505;62331228;DEUTSCHE BANK S.A.BCO ALEMAO                                ;U;4010;0019900005;DESPESAS ANTECIPADAS                              ; 0000000000373736,54
200505;62331228;DEUTSCHE BANK S.A.BCO ALEMAO                                ;U;4010;0020000004;PERMANENTE                                        ; 0000000226152903,55
200505;62331228;DEUTSCHE BANK S.A.BCO ALEMAO                                ;U;4010;0021000003;INVESTIMENTOS                                     ; 0000000218284803,20
200505;62331228;DEUTSCHE BANK S.A.BCO ALEMAO                                ;U;4010;0021100006;INVESTIMENTOS NO EXTERIOR                         ; 0000000116489420,25
200505;62331228;DEUTSCHE BANK S.A.BCO ALEMAO                                ;U;4010;0021200009;PARTICIPACOES EM COLIGADAS E CONTROLADAS NO PAIS  ; 0000000092997139,83
200505;62331228;DEUTSCHE BANK S.A.BCO ALEMAO                                ;U;4010;0021400005;TITULOS PATRIMONIAIS                              ; 0000000003537671,10
200505;62331228;DEUTSCHE BANK S.A.BCO ALEMAO                                ;U;4010;0021500008;ACOES E COTAS                                     ; 0000000005200528,17
200505;62331228;DEUTSCHE BANK S.A.BCO ALEMAO                                ;U;4010;0021900000;OUTROS INVESTIMENTOS                              ; 0000000000060043,85
200505;62331228;DEUTSCHE BANK S.A.BCO ALEMAO                                ;U;4010;0022000002;IMOBILIZADO DE USO                                ; 0000000005733447,78
200505;62331228;DEUTSCHE BANK S.A.BCO ALEMAO                                ;U;4010;0022200008;IMOBILIZACOES EM CURSO                            ; 0000000000033231,12
200505;62331228;DEUTSCHE BANK S.A.BCO ALEMAO                                ;U;4010;0022400004;INSTALACOES, MOVEIS E EQUIPAMENTOS DE USO         ; 0000000000671709,80
200505;62331228;DEUTSCHE BANK S.A.BCO ALEMAO                                ;U;4010;0022900009;OUTROS                                            ; 0000000005028506,86
200505;62331228;DEUTSCHE BANK S.A.BCO ALEMAO                                ;U;4010;0024000000;DIFERIDO                                          ; 0000000002134652,57
200505;62331228;DEUTSCHE BANK S.A.BCO ALEMAO                                ;U;4010;0024100003;GASTOS DE ORGANIZACAO E EXPANSAO                  ; 0000000002134652,57
200505;62331228;DEUTSCHE BANK S.A.BCO ALEMAO                                ;U;4010;0030000001;COMPENSACAO                                       ; 0000044715401586,49
200505;62331228;DEUTSCHE BANK S.A.BCO ALEMAO                                ;U;4010;0030100004;COOBRIGACOES E RISCOS EM GARANTIAS PRESTADAS      ; 0000000380150833,75
200505;62331228;DEUTSCHE BANK S.A.BCO ALEMAO                                ;U;4010;0030300000;TITULOS E VALORES MOBILIARIOS                     ; 0000002368154771,80
200505;62331228;DEUTSCHE BANK S.A.BCO ALEMAO                                ;U;4010;0030400003;CUSTODIA DE VALORES                               ; 0000002038567396,75
200505;62331228;DEUTSCHE BANK S.A.BCO ALEMAO                                ;U;4010;0030500006;COBRANCA                                          ; 0000000220824756,90
200505;62331228;DEUTSCHE BANK S.A.BCO ALEMAO                                ;U;4010;0030600009;NEGOCIACAO E INTERMEDIACAO DE VALORES             ; 0000036749169109,62
200505;62331228;DEUTSCHE BANK S.A.BCO ALEMAO                                ;U;4010;0030800005;CONTRATOS                                         ; 0000000080279066,50
200505;62331228;DEUTSCHE BANK S.A.BCO ALEMAO                                ;U;4010;0030900008;CONTROLE                                          ; 0000002600983928,09
200505;62331228;DEUTSCHE BANK S.A.BCO ALEMAO                                ;U;4010;0031000000;CLASSIFICACAO DA CARTEIRA DE CREDITOS             ; 0000000277271723,08
200505;62331228;DEUTSCHE BANK S.A.BCO ALEMAO                                ;U;4010;0031100003;OPERACOES DE RISCO NIVEL AA                       ; 0000000208276705,51
200505;62331228;DEUTSCHE BANK S.A.BCO ALEMAO                                ;U;4010;0031200006;OPERACOES DE RISCO NIVEL A                        ; 0000000063746468,23
200505;62331228;DEUTSCHE BANK S.A.BCO ALEMAO                                ;U;4010;0031900007;OPERACOES DE RISCO NIVEL H                        ; 0000000005248549,34
200505;62331228;DEUTSCHE BANK S.A.BCO ALEMAO                                ;U;4010;0039999993;TOTAL GERAL DO ATIVO                              ; 0000047425574528,56
200505;62331228;DEUTSCHE BANK S.A.BCO ALEMAO                                ;U;4010;0040000008;CIRCULANTE EXIGIVEL A LONGO PRAZO                 ; 0000002407629977,61
200505;62331228;DEUTSCHE BANK S.A.BCO ALEMAO                                ;U;4010;0041000007;DEPOSITOS                                         ; 0000000919578088,73
200505;62331228;DEUTSCHE BANK S.A.BCO ALEMAO                                ;U;4010;0041100000;DEPOSITOS A VISTA                                 ; 0000000013427694,30
200505;62331228;DEUTSCHE BANK S.A.BCO ALEMAO                                ;U;4010;0041500002;DEPOSITOS A PRAZO                                 ; 0000000906150394,43
200505;62331228;DEUTSCHE BANK S.A.BCO ALEMAO                                ;U;4010;0042000006;OBRIGACOES POR OPERACOES COMPROMISSADAS           ; 0000000058996065,72
200505;62331228;DEUTSCHE BANK S.A.BCO ALEMAO                                ;U;4010;0042100009;CARTEIRA PROPRIA                                  ; 0000000058996065,72
200505;62331228;DEUTSCHE BANK S.A.BCO ALEMAO                                ;U;4010;0044000004;RELACOES INTERFINANCEIRAS                         ; 0000000000027936,41
200505;62331228;DEUTSCHE BANK S.A.BCO ALEMAO                                ;U;4010;0044100007;OBRIGAÇÕES JUNTO A PARTIC. DE SIST. DE LIQUIDACÃO ; 0000000000027936,41
200505;62331228;DEUTSCHE BANK S.A.BCO ALEMAO                                ;U;4010;0045000003;RELACOES INTERDEPENDENCIAS                        ; 0000000117481860,61
200505;62331228;DEUTSCHE BANK S.A.BCO ALEMAO                                ;U;4010;0045100006;RECURSOS EM TRANSITO DE TERCEIROS                 ; 0000000021896228,44
200505;62331228;DEUTSCHE BANK S.A.BCO ALEMAO                                ;U;4010;0045200009;TRANSFERENCIAS INTERNAS DE RECURSOS               ; 0000000095585632,17
200505;62331228;DEUTSCHE BANK S.A.BCO ALEMAO                                ;U;4010;0046000002;OBRIGACOES POR EMPRESTIMOS E REPASSES             ; 0000000379500639,05
200505;62331228;DEUTSCHE BANK S.A.BCO ALEMAO                                ;U;4010;0046300001;EMPRESTIMOS NO EXTERIOR                           ; 0000000379500639,05
200505;62331228;DEUTSCHE BANK S.A.BCO ALEMAO                                ;U;4010;0047000001;INSTRUMENTOS FINANCEIROS DERIVATIVOS              ; 0000000534955353,82
200505;62331228;DEUTSCHE BANK S.A.BCO ALEMAO                                ;U;4010;0047100004;INSTRUMENTOS FINANCEIROS DERIVATIVOS              ; 0000000534955353,82
200505;62331228;DEUTSCHE BANK S.A.BCO ALEMAO                                ;U;4010;0049000009;OUTRAS OBRIGACOES                                 ; 0000000397090033,27
200505;62331228;DEUTSCHE BANK S.A.BCO ALEMAO                                ;U;4010;0049100002;COBRANCA E ARRECADACAO DE TRIBUTOS E ASSEMELHADOS ; 0000000000000032,33
200505;62331228;DEUTSCHE BANK S.A.BCO ALEMAO                                ;U;4010;0049200005;CARTEIRA DE CAMBIO                                ; 0000000065302006,88
200505;62331228;DEUTSCHE BANK S.A.BCO ALEMAO                                ;U;4010;0049400001;FISCAIS E PREVIDENCIARIAS                         ; 0000000115753527,33
200505;62331228;DEUTSCHE BANK S.A.BCO ALEMAO                                ;U;4010;0049500004;NEGOCIACAO E INTERMEDIACAO DE VALORES             ; 0000000000008305,08
200505;62331228;DEUTSCHE BANK S.A.BCO ALEMAO                                ;U;4010;0049900006;DIVERSAS                                          ; 0000000216026161,65
200505;62331228;DEUTSCHE BANK S.A.BCO ALEMAO                                ;U;4010;0050000005;RESULTADOS DE EXERCICIOS FUTUROS                  ; 0000000000854108,19
200505;62331228;DEUTSCHE BANK S.A.BCO ALEMAO                                ;U;4010;0051000004;RECEITAS DE EXERCICIOS FUTUROS                    ; 0000000000854108,19
200505;62331228;DEUTSCHE BANK S.A.BCO ALEMAO                                ;U;4010;0051100007;RECEITAS DE EXERCICIOS FUTUROS                    ; 0000000000854108,19
200505;62331228;DEUTSCHE BANK S.A.BCO ALEMAO                                ;U;4010;0060000002;PATRIMONIO LIQUIDO                                ; 0000000298039708,16
200505;62331228;DEUTSCHE BANK S.A.BCO ALEMAO                                ;U;4010;0061000001;PATRIMONIO LIQUIDO                                ; 0000000298039708,16
200505;62331228;DEUTSCHE BANK S.A.BCO ALEMAO                                ;U;4010;0061100004;CAPITAL SOCIAL                                    ; 0000000248538240,00
200505;62331228;DEUTSCHE BANK S.A.BCO ALEMAO                                ;U;4010;0061300000;RESERVAS DE CAPITAL                               ; 0000000008179397,60
200505;62331228;DEUTSCHE BANK S.A.BCO ALEMAO                                ;U;4010;0061500006;RESERVAS DE LUCROS                                ; 0000000018648822,90
200505;62331228;DEUTSCHE BANK S.A.BCO ALEMAO                                ;U;4010;0061800005;LUCROS OU PREJUIZOS ACUMULADOS                    ; 0000000022673247,66
200505;62331228;DEUTSCHE BANK S.A.BCO ALEMAO                                ;U;4010;0070000009;CONTAS DE RESULTADO CREDORAS                      ; 0000002717724339,44
200505;62331228;DEUTSCHE BANK S.A.BCO ALEMAO                                ;U;4010;0071000008;RECEITAS OPERACIONAIS                             ; 0000002717705336,86
200505;62331228;DEUTSCHE BANK S.A.BCO ALEMAO                                ;U;4010;0071100001;RENDAS DE OPERACOES DE CREDITO                    ; 0000000041539425,62
200505;62331228;DEUTSCHE BANK S.A.BCO ALEMAO                                ;U;4010;0071300007;RENDAS DE CAMBIO                                  ; 0000000332009584,71
200505;62331228;DEUTSCHE BANK S.A.BCO ALEMAO                                ;U;4010;0071400000;RENDAS DE APLICACOES INTERFINANCEIRAS DE LIQUIDEZ ; 0000000004964335,06
200505;62331228;DEUTSCHE BANK S.A.BCO ALEMAO                                ;U;4010;0071500003;RENDAS COM TIT. E VAL. MOB. E INST. FINANC. DERIV.; 0000002317747055,90
200505;62331228;DEUTSCHE BANK S.A.BCO ALEMAO                                ;U;4010;0071700009;RENDAS DE PRESTACAO DE SERVICOS                   ; 0000000009295671,54
200505;62331228;DEUTSCHE BANK S.A.BCO ALEMAO                                ;U;4010;0071800002;RENDAS DE PARTICIPACOES                           ; 0000000008396661,74
200505;62331228;DEUTSCHE BANK S.A.BCO ALEMAO                                ;U;4010;0071900005;OUTRAS RECEITAS OPERACIONAIS                      ; 0000000003752602,29
200505;62331228;DEUTSCHE BANK S.A.BCO ALEMAO                                ;U;4010;0073000006;RECEITAS NAO OPERACIONAIS                         ; 0000000000019002,58
200505;62331228;DEUTSCHE BANK S.A.BCO ALEMAO                                ;U;4010;0073100009;LUCROS EM TRANSACOES COM VALORES E BENS           ; 0000000000019002,58
200505;62331228;DEUTSCHE BANK S.A.BCO ALEMAO                                ;U;4010;0080000006;(-) CONTAS DE RESULTADO DEVEDORAS                 ;-0000002714075191,33
200505;62331228;DEUTSCHE BANK S.A.BCO ALEMAO                                ;U;4010;0081000005;(-) DESPESAS OPERACIONAIS                         ;-0000002681608805,24
200505;62331228;DEUTSCHE BANK S.A.BCO ALEMAO                                ;U;4010;0081100008;(-) DESPESAS DE CAPTACAO                          ;-0000000082626020,44
200505;62331228;DEUTSCHE BANK S.A.BCO ALEMAO                                ;U;4010;0081200001;(-) DESP DE OBRIGACOES POR EMPRESTIMOS E REPASSES ;-0000000030310929,58
200505;62331228;DEUTSCHE BANK S.A.BCO ALEMAO                                ;U;4010;0081400007;(-) DESPESAS DE CAMBIO                            ;-0000000294485946,10
200505;62331228;DEUTSCHE BANK S.A.BCO ALEMAO                                ;U;4010;0081500000;(-) DESP. COM TIT. E VAL. MOB. E INST. FIN. DERIV.;-0000002215840201,75
200505;62331228;DEUTSCHE BANK S.A.BCO ALEMAO                                ;U;4010;0081600003;(-) DESPESAS DE PARTICIPACOES                     ;-0000000012012909,95
200505;62331228;DEUTSCHE BANK S.A.BCO ALEMAO                                ;U;4010;0081700006;(-) DESPESAS ADMINISTRATIVAS                      ;-0000000041272587,98
200505;62331228;DEUTSCHE BANK S.A.BCO ALEMAO                                ;U;4010;0081800009;(-) APROVISIONAMENTOS E AJUSTES PATRIMONIAIS      ;-0000000001125106,22
200505;62331228;DEUTSCHE BANK S.A.BCO ALEMAO                                ;U;4010;0081900002;(-) OUTRAS DESPESAS OPERACIONAIS                  ;-0000000003935103,22
200505;62331228;DEUTSCHE BANK S.A.BCO ALEMAO                                ;U;4010;0083000003;(-) DESPESAS NAO OPERACIONAIS                     ;-0000000000842905,57
200505;62331228;DEUTSCHE BANK S.A.BCO ALEMAO                                ;U;4010;0083100006;(-) PREJUIZOS EM TRANSACOES COM VALORES E BENS    ;-0000000000793029,48
200505;62331228;DEUTSCHE BANK S.A.BCO ALEMAO                                ;U;4010;0083900000;(-) OUTRAS DESPESAS NAO OPERACIONAIS              ;-0000000000049876,09
200505;62331228;DEUTSCHE BANK S.A.BCO ALEMAO                                ;U;4010;0089000007;(-) APURACAO DE RESULTADO                         ;-0000000031623480,52
200505;62331228;DEUTSCHE BANK S.A.BCO ALEMAO                                ;U;4010;0089400009;(-) IMPOSTO DE RENDA                              ;-0000000031623480,52
200505;62331228;DEUTSCHE BANK S.A.BCO ALEMAO                                ;U;4010;0090000003;COMPENSACAO                                       ; 0000044715401586,49
200505;62331228;DEUTSCHE BANK S.A.BCO ALEMAO                                ;U;4010;0090100006;COOBRIGACOES E RISCOS EM GARANTIAS PRESTADAS      ; 0000000380150833,75
200505;62331228;DEUTSCHE BANK S.A.BCO ALEMAO                                ;U;4010;0090300002;TITULOS E VALORES MOBILIARIOS                     ; 0000002368154771,80
200505;62331228;DEUTSCHE BANK S.A.BCO ALEMAO                                ;U;4010;0090400005;CUSTODIA DE VALORES                               ; 0000002038567396,75
200505;62331228;DEUTSCHE BANK S.A.BCO ALEMAO                                ;U;4010;0090500008;COBRANCA                                          ; 0000000220824756,90
200505;62331228;DEUTSCHE BANK S.A.BCO ALEMAO                                ;U;4010;0090600001;NEGOCIACAO E INTERMEDIACAO DE VALORES             ; 0000036749169109,62
200505;62331228;DEUTSCHE BANK S.A.BCO ALEMAO                                ;U;4010;0090800007;CONTRATOS                                         ; 0000000080279066,50
200505;62331228;DEUTSCHE BANK S.A.BCO ALEMAO                                ;U;4010;0090900000;CONTROLE                                          ; 0000002600983928,09
200505;62331228;DEUTSCHE BANK S.A.BCO ALEMAO                                ;U;4010;0091000002;CLASSIFICACAO DA CARTEIRA DE CREDITOS             ; 0000000277271723,08
200505;62331228;DEUTSCHE BANK S.A.BCO ALEMAO                                ;U;4010;0091100005;OPERACOES DE CREDITOS E ARRENDAMENTO MERCANTIL    ; 0000000277271723,08
200505;62331228;DEUTSCHE BANK S.A.BCO ALEMAO                                ;U;4010;0099999995;TOTAL GERAL DO PASSIVO                            ; 0000047425574528,56
200505;62421979;BCO GE CAPITAL S.A.                                         ;U;4010;0010000007;CIRCULANTE E REALIZAVEL A LONGO PRAZO             ; 0000000419116380,89
200505;62421979;BCO GE CAPITAL S.A.                                         ;U;4010;0011000006;DISPONIBILIDADES                                  ; 0000000000878825,85
200505;62421979;BCO GE CAPITAL S.A.                                         ;U;4010;0011100009;CAIXA                                             ; 0000000000005715,77
200505;62421979;BCO GE CAPITAL S.A.                                         ;U;4010;0011300005;RESERVAS LIVRES                                   ; 0000000000873110,08
200505;62421979;BCO GE CAPITAL S.A.                                         ;U;4010;0012000005;APLICACOES INTERFINANCEIRAS DE LIQUIDEZ           ; 0000000000070161,45
200505;62421979;BCO GE CAPITAL S.A.                                         ;U;4010;0012200001;APLICACOES EM DEPOSITOS INTERFINANCEIROS          ; 0000000000070161,45
200505;62421979;BCO GE CAPITAL S.A.                                         ;U;4010;0013000004;TITULOS E VAL. MOB. E INST. FINANC. DERIVATIVOS   ; 0000000016685853,45
200505;62421979;BCO GE CAPITAL S.A.                                         ;U;4010;0013100007;LIVRES                                            ; 0000000016685853,45
200505;62421979;BCO GE CAPITAL S.A.                                         ;U;4010;0014000003;RELACOES INTERFINANCEIRAS                         ; 0000000001080770,87
200505;62421979;BCO GE CAPITAL S.A.                                         ;U;4010;0014100006;DIREITOS JUNTO A PARTIC. DE SISTEMAS DE LIQUIDAÇÃO; 0000000000008744,95
200505;62421979;BCO GE CAPITAL S.A.                                         ;U;4010;0014200009;CREDITOS VINCULADOS                               ; 0000000000000985,04
200505;62421979;BCO GE CAPITAL S.A.                                         ;U;4010;0014400005;RELACOES COM CORRESPONDENTES                      ; 0000000001071040,88
200505;62421979;BCO GE CAPITAL S.A.                                         ;U;4010;0015000002;RELACOES INTERDEPENDENCIAS                        ; 0000000029080488,20
200505;62421979;BCO GE CAPITAL S.A.                                         ;U;4010;0015200008;TRANSFERENCIAS INTERNAS DE RECURSOS               ; 0000000029080488,20
200505;62421979;BCO GE CAPITAL S.A.                                         ;U;4010;0016000001;OPERACOES DE CREDITO                              ; 0000000327615701,11
200505;62421979;BCO GE CAPITAL S.A.                                         ;U;4010;0016100004;EMPRESTIMOS E TITULOS DESCONTADOS                 ; 0000000150658080,85
200505;62421979;BCO GE CAPITAL S.A.                                         ;U;4010;0016200007;FINANCIAMENTOS                                    ; 0000000219981800,78
200505;62421979;BCO GE CAPITAL S.A.                                         ;U;4010;0016900008;(-) PROVISOES PARA OPERACOES DE CREDITO           ;-0000000043024180,52
200505;62421979;BCO GE CAPITAL S.A.                                         ;U;4010;0018000009;OUTROS CREDITOS                                   ; 0000000043398547,11
200505;62421979;BCO GE CAPITAL S.A.                                         ;U;4010;0018800003;DIVERSOS                                          ; 0000000043560893,92
200505;62421979;BCO GE CAPITAL S.A.                                         ;U;4010;0018900006;(-) PROVISOES PARA OUTROS CREDITOS                ;-0000000000162346,81
200505;62421979;BCO GE CAPITAL S.A.                                         ;U;4010;0019000008;OUTROS VALORES E BENS                             ; 0000000000306032,85
200505;62421979;BCO GE CAPITAL S.A.                                         ;U;4010;0019800002;OUTROS VALORES E BENS                             ; 0000000000007992,05
200505;62421979;BCO GE CAPITAL S.A.                                         ;U;4010;0019900005;DESPESAS ANTECIPADAS                              ; 0000000000298040,80
200505;62421979;BCO GE CAPITAL S.A.                                         ;U;4010;0020000004;PERMANENTE                                        ; 0000000033002587,28
200505;62421979;BCO GE CAPITAL S.A.                                         ;U;4010;0021000003;INVESTIMENTOS                                     ; 0000000000158177,43
200505;62421979;BCO GE CAPITAL S.A.                                         ;U;4010;0021900000;OUTROS INVESTIMENTOS                              ; 0000000000158177,43
200505;62421979;BCO GE CAPITAL S.A.                                         ;U;4010;0022000002;IMOBILIZADO DE USO                                ; 0000000010646916,07
200505;62421979;BCO GE CAPITAL S.A.                                         ;U;4010;0022200008;IMOBILIZACOES EM CURSO                            ; 0000000000000359,98
200505;62421979;BCO GE CAPITAL S.A.                                         ;U;4010;0022400004;INSTALACOES, MOVEIS E EQUIPAMENTOS DE USO         ; 0000000002539869,17
200505;62421979;BCO GE CAPITAL S.A.                                         ;U;4010;0022900009;OUTROS                                            ; 0000000008106686,92
200505;62421979;BCO GE CAPITAL S.A.                                         ;U;4010;0023000001;IMOBILIZADO DE ARRENDAMENTO                       ; 0000000012455982,58
200505;62421979;BCO GE CAPITAL S.A.                                         ;U;4010;0023200007;BENS ARRENDADOS - ARRENDAMENTO FINANCEIRO         ; 0000000012455982,58
200505;62421979;BCO GE CAPITAL S.A.                                         ;U;4010;0024000000;DIFERIDO                                          ; 0000000009741511,20
200505;62421979;BCO GE CAPITAL S.A.                                         ;U;4010;0024100003;GASTOS DE ORGANIZACAO E EXPANSAO                  ; 0000000009741511,20
200505;62421979;BCO GE CAPITAL S.A.                                         ;U;4010;0030000001;COMPENSACAO                                       ; 0000001188800438,93
200505;62421979;BCO GE CAPITAL S.A.                                         ;U;4010;0030300000;TITULOS E VALORES MOBILIARIOS                     ; 0000000033371706,90
200505;62421979;BCO GE CAPITAL S.A.                                         ;U;4010;0030400003;CUSTODIA DE VALORES                               ; 0000000114620892,57
200505;62421979;BCO GE CAPITAL S.A.                                         ;U;4010;0030600009;NEGOCIACAO E INTERMEDIACAO DE VALORES             ; 0000000194304084,69
200505;62421979;BCO GE CAPITAL S.A.                                         ;U;4010;0030900008;CONTROLE                                          ; 0000000431333277,98
200505;62421979;BCO GE CAPITAL S.A.                                         ;U;4010;0031000000;CLASSIFICACAO DA CARTEIRA DE CREDITOS             ; 0000000415170476,79
200505;62421979;BCO GE CAPITAL S.A.                                         ;U;4010;0031100003;OPERACOES DE RISCO NIVEL AA                       ; 0000000012455982,58
200505;62421979;BCO GE CAPITAL S.A.                                         ;U;4010;0031200006;OPERACOES DE RISCO NIVEL A                        ; 0000000283324878,82
200505;62421979;BCO GE CAPITAL S.A.                                         ;U;4010;0031300009;OPERACOES DE RISCO NIVELB                         ; 0000000034516652,86
200505;62421979;BCO GE CAPITAL S.A.                                         ;U;4010;0031400002;OPERACOES DE RISCO NIVELC                         ; 0000000018459228,40
200505;62421979;BCO GE CAPITAL S.A.                                         ;U;4010;0031500005;OPERACOES DE RISCO NIVEL D                        ; 0000000011546202,19
200505;62421979;BCO GE CAPITAL S.A.                                         ;U;4010;0031600008;OPERACOES DE RISCO NIVEL E                        ; 0000000011760889,51
200505;62421979;BCO GE CAPITAL S.A.                                         ;U;4010;0031700001;OPERACOES DE RISCO NIVEL F                        ; 0000000010088381,72
200505;62421979;BCO GE CAPITAL S.A.                                         ;U;4010;0031800004;OPERACOES DE RISCO NIVEL G                        ; 0000000006247930,57
200505;62421979;BCO GE CAPITAL S.A.                                         ;U;4010;0031900007;OPERACOES DE RISCO NIVEL H                        ; 0000000026770330,14
200505;62421979;BCO GE CAPITAL S.A.                                         ;U;4010;0039999993;TOTAL GERAL DO ATIVO                              ; 0000001640919407,10
200505;62421979;BCO GE CAPITAL S.A.                                         ;U;4010;0040000008;CIRCULANTE EXIGIVEL A LONGO PRAZO                 ; 0000000376203902,60
200505;62421979;BCO GE CAPITAL S.A.                                         ;U;4010;0041000007;DEPOSITOS                                         ; 0000000135734405,18
200505;62421979;BCO GE CAPITAL S.A.                                         ;U;4010;0041100000;DEPOSITOS A VISTA                                 ; 0000000000055699,49
200505;62421979;BCO GE CAPITAL S.A.                                         ;U;4010;0041300006;DEPOSITOS INTERFINANCEIROS                        ; 0000000084985149,39
200505;62421979;BCO GE CAPITAL S.A.                                         ;U;4010;0041500002;DEPOSITOS A PRAZO                                 ; 0000000050693556,30
200505;62421979;BCO GE CAPITAL S.A.                                         ;U;4010;0044000004;RELACOES INTERFINANCEIRAS                         ; 0000000000045188,05
200505;62421979;BCO GE CAPITAL S.A.                                         ;U;4010;0044100007;OBRIGAÇÕES JUNTO A PARTIC. DE SIST. DE LIQUIDACÃO ; 0000000000045188,05
200505;62421979;BCO GE CAPITAL S.A.                                         ;U;4010;0045000003;RELACOES INTERDEPENDENCIAS                        ; 0000000029080487,91
200505;62421979;BCO GE CAPITAL S.A.                                         ;U;4010;0045200009;TRANSFERENCIAS INTERNAS DE RECURSOS               ; 0000000029080487,91
200505;62421979;BCO GE CAPITAL S.A.                                         ;U;4010;0046000002;OBRIGACOES POR EMPRESTIMOS E REPASSES             ; 0000000042053840,00
200505;62421979;BCO GE CAPITAL S.A.                                         ;U;4010;0046300001;EMPRESTIMOS NO EXTERIOR                           ; 0000000042053840,00
200505;62421979;BCO GE CAPITAL S.A.                                         ;U;4010;0047000001;INSTRUMENTOS FINANCEIROS DERIVATIVOS              ; 0000000006419045,42
200505;62421979;BCO GE CAPITAL S.A.                                         ;U;4010;0047100004;INSTRUMENTOS FINANCEIROS DERIVATIVOS              ; 0000000006419045,42
200505;62421979;BCO GE CAPITAL S.A.                                         ;U;4010;0049000009;OUTRAS OBRIGACOES                                 ; 0000000162870936,04
200505;62421979;BCO GE CAPITAL S.A.                                         ;U;4010;0049100002;COBRANCA E ARRECADACAO DE TRIBUTOS E ASSEMELHADOS ; 0000000000088221,20
200505;62421979;BCO GE CAPITAL S.A.                                         ;U;4010;0049400001;FISCAIS E PREVIDENCIARIAS                         ; 0000000002904932,11
200505;62421979;BCO GE CAPITAL S.A.                                         ;U;4010;0049900006;DIVERSAS                                          ; 0000000159877782,73
200505;62421979;BCO GE CAPITAL S.A.                                         ;U;4010;0050000005;RESULTADOS DE EXERCICIOS FUTUROS                  ; 0000000000988548,24
200505;62421979;BCO GE CAPITAL S.A.                                         ;U;4010;0051000004;RECEITAS DE EXERCICIOS FUTUROS                    ; 0000000000988548,24
200505;62421979;BCO GE CAPITAL S.A.                                         ;U;4010;0051100007;RECEITAS DE EXERCICIOS FUTUROS                    ; 0000000000988548,24
200505;62421979;BCO GE CAPITAL S.A.                                         ;U;4010;0060000002;PATRIMONIO LIQUIDO                                ; 0000000083074888,16
200505;62421979;BCO GE CAPITAL S.A.                                         ;U;4010;0061000001;PATRIMONIO LIQUIDO                                ; 0000000083074888,16
200505;62421979;BCO GE CAPITAL S.A.                                         ;U;4010;0061100004;CAPITAL SOCIAL                                    ; 0000000263476589,74
200505;62421979;BCO GE CAPITAL S.A.                                         ;U;4010;0061600009;AJUSTES DE AVALIACAO PATRIMONIAL                  ;-0000000000002962,51
200505;62421979;BCO GE CAPITAL S.A.                                         ;U;4010;0061800005;LUCROS OU PREJUIZOS ACUMULADOS                    ;-0000000180398739,07
200505;62421979;BCO GE CAPITAL S.A.                                         ;U;4010;0070000009;CONTAS DE RESULTADO CREDORAS                      ; 0000000113976874,28
200505;62421979;BCO GE CAPITAL S.A.                                         ;U;4010;0071000008;RECEITAS OPERACIONAIS                             ; 0000000113937226,47
200505;62421979;BCO GE CAPITAL S.A.                                         ;U;4010;0071100001;RENDAS DE OPERACOES DE CREDITO                    ; 0000000079202513,87
200505;62421979;BCO GE CAPITAL S.A.                                         ;U;4010;0071200004;RENDAS DE ARRENDAMENTO MERCANTIL                  ; 0000000000698120,02
200505;62421979;BCO GE CAPITAL S.A.                                         ;U;4010;0071400000;RENDAS DE APLICACOES INTERFINANCEIRAS DE LIQUIDEZ ; 0000000001444175,09
200505;62421979;BCO GE CAPITAL S.A.                                         ;U;4010;0071500003;RENDAS COM TIT. E VAL. MOB. E INST. FINANC. DERIV.; 0000000003280966,94
200505;62421979;BCO GE CAPITAL S.A.                                         ;U;4010;0071700009;RENDAS DE PRESTACAO DE SERVICOS                   ; 0000000005670081,28
200505;62421979;BCO GE CAPITAL S.A.                                         ;U;4010;0071900005;OUTRAS RECEITAS OPERACIONAIS                      ; 0000000023641369,27
200505;62421979;BCO GE CAPITAL S.A.                                         ;U;4010;0073000006;RECEITAS NAO OPERACIONAIS                         ; 0000000000039647,81
200505;62421979;BCO GE CAPITAL S.A.                                         ;U;4010;0073900003;OUTRAS RECEITAS NAO OPERACIONAIS                  ; 0000000000039647,81
200505;62421979;BCO GE CAPITAL S.A.                                         ;U;4010;0080000006;(-) CONTAS DE RESULTADO DEVEDORAS                 ;-0000000122125245,11
200505;62421979;BCO GE CAPITAL S.A.                                         ;U;4010;0081000005;(-) DESPESAS OPERACIONAIS                         ;-0000000120080463,98
200505;62421979;BCO GE CAPITAL S.A.                                         ;U;4010;0081100008;(-) DESPESAS DE CAPTACAO                          ;-0000000008433929,77
200505;62421979;BCO GE CAPITAL S.A.                                         ;U;4010;0081200001;(-) DESP DE OBRIGACOES POR EMPRESTIMOS E REPASSES ;-0000000006325493,76
200505;62421979;BCO GE CAPITAL S.A.                                         ;U;4010;0081300004;(-) DESPESAS DE ARRENDAMENTO MERCANTIL            ;-0000000001575369,48
200505;62421979;BCO GE CAPITAL S.A.                                         ;U;4010;0081500000;(-) DESP. COM TIT. E VAL. MOB. E INST. FIN. DERIV.;-0000000019959678,77
200505;62421979;BCO GE CAPITAL S.A.                                         ;U;4010;0081700006;(-) DESPESAS ADMINISTRATIVAS                      ;-0000000047899000,30
200505;62421979;BCO GE CAPITAL S.A.                                         ;U;4010;0081800009;(-) APROVISIONAMENTOS E AJUSTES PATRIMONIAIS      ;-0000000028412758,64
200505;62421979;BCO GE CAPITAL S.A.                                         ;U;4010;0081900002;(-) OUTRAS DESPESAS OPERACIONAIS                  ;-0000000007474233,26
200505;62421979;BCO GE CAPITAL S.A.                                         ;U;4010;0083000003;(-) DESPESAS NAO OPERACIONAIS                     ;-0000000000055754,52
200505;62421979;BCO GE CAPITAL S.A.                                         ;U;4010;0083900000;(-) OUTRAS DESPESAS NAO OPERACIONAIS              ;-0000000000055754,52
200505;62421979;BCO GE CAPITAL S.A.                                         ;U;4010;0089000007;(-) APURACAO DE RESULTADO                         ;-0000000001989026,61
200505;62421979;BCO GE CAPITAL S.A.                                         ;U;4010;0089400009;(-) IMPOSTO DE RENDA                              ;-0000000001989026,61
200505;62421979;BCO GE CAPITAL S.A.                                         ;U;4010;0090000003;COMPENSACAO                                       ; 0000001188800438,93
200505;62421979;BCO GE CAPITAL S.A.                                         ;U;4010;0090300002;TITULOS E VALORES MOBILIARIOS                     ; 0000000033371706,90
200505;62421979;BCO GE CAPITAL S.A.                                         ;U;4010;0090400005;CUSTODIA DE VALORES                               ; 0000000114620892,57
200505;62421979;BCO GE CAPITAL S.A.                                         ;U;4010;0090600001;NEGOCIACAO E INTERMEDIACAO DE VALORES             ; 0000000194304084,69
200505;62421979;BCO GE CAPITAL S.A.                                         ;U;4010;0090900000;CONTROLE                                          ; 0000000431333277,98
200505;62421979;BCO GE CAPITAL S.A.                                         ;U;4010;0091000002;CLASSIFICACAO DA CARTEIRA DE CREDITOS             ; 0000000415170476,79
200505;62421979;BCO GE CAPITAL S.A.                                         ;U;4010;0091100005;OPERACOES DE CREDITOS E ARRENDAMENTO MERCANTIL    ; 0000000415170476,79
200505;62421979;BCO GE CAPITAL S.A.                                         ;U;4010;0099999995;TOTAL GERAL DO PASSIVO                            ; 0000001640919407,10
200505;65435174;BCO DE INVEST TENDENCIA S.A.                                ;I;4010;0010000007;CIRCULANTE E REALIZAVEL A LONGO PRAZO             ; 0000000014683546,67
200505;65435174;BCO DE INVEST TENDENCIA S.A.                                ;I;4010;0011000006;DISPONIBILIDADES                                  ; 0000000000127761,96
200505;65435174;BCO DE INVEST TENDENCIA S.A.                                ;I;4010;0011200002;DEPOSITOS BANCARIOS                               ; 0000000000026895,03
200505;65435174;BCO DE INVEST TENDENCIA S.A.                                ;I;4010;0011500001;DISPONIBILIDADES EM MOEDAS ESTRANGEIRAS           ; 0000000000100866,93
200505;65435174;BCO DE INVEST TENDENCIA S.A.                                ;I;4010;0013000004;TITULOS E VAL. MOB. E INST. FINANC. DERIVATIVOS   ; 0000000000167816,64
200505;65435174;BCO DE INVEST TENDENCIA S.A.                                ;I;4010;0013100007;LIVRES                                            ; 0000000000167816,64
200505;65435174;BCO DE INVEST TENDENCIA S.A.                                ;I;4010;0016000001;OPERACOES DE CREDITO                              ; 0000000000554201,10
200505;65435174;BCO DE INVEST TENDENCIA S.A.                                ;I;4010;0016100004;EMPRESTIMOS E TITULOS DESCONTADOS                 ; 0000000000554201,10
200505;65435174;BCO DE INVEST TENDENCIA S.A.                                ;I;4010;0018000009;OUTROS CREDITOS                                   ; 0000000013829927,33
200505;65435174;BCO DE INVEST TENDENCIA S.A.                                ;I;4010;0018800003;DIVERSOS                                          ; 0000000013829927,33
200505;65435174;BCO DE INVEST TENDENCIA S.A.                                ;I;4010;0019000008;OUTROS VALORES E BENS                             ; 0000000000003839,64
200505;65435174;BCO DE INVEST TENDENCIA S.A.                                ;I;4010;0019900005;DESPESAS ANTECIPADAS                              ; 0000000000003839,64
200505;65435174;BCO DE INVEST TENDENCIA S.A.                                ;I;4010;0020000004;PERMANENTE                                        ; 0000000019320644,54
200505;65435174;BCO DE INVEST TENDENCIA S.A.                                ;I;4010;0021000003;INVESTIMENTOS                                     ; 0000000019317291,65
200505;65435174;BCO DE INVEST TENDENCIA S.A.                                ;I;4010;0021200009;PARTICIPACOES EM COLIGADAS E CONTROLADAS NO PAIS  ; 0000000019212122,01
200505;65435174;BCO DE INVEST TENDENCIA S.A.                                ;I;4010;0021300002;INVESTIMENTOS POR INCENTIVOS FISCAIS              ; 0000000000000739,64
200505;65435174;BCO DE INVEST TENDENCIA S.A.                                ;I;4010;0021400005;TITULOS PATRIMONIAIS                              ; 0000000000104430,00
200505;65435174;BCO DE INVEST TENDENCIA S.A.                                ;I;4010;0022000002;IMOBILIZADO DE USO                                ; 0000000000003352,89
200505;65435174;BCO DE INVEST TENDENCIA S.A.                                ;I;4010;0022900009;OUTROS                                            ; 0000000000003352,89
200505;65435174;BCO DE INVEST TENDENCIA S.A.                                ;I;4010;0030000001;COMPENSACAO                                       ; 0000000087300780,02
200505;65435174;BCO DE INVEST TENDENCIA S.A.                                ;I;4010;0030100004;COOBRIGACOES E RISCOS EM GARANTIAS PRESTADAS      ; 0000000002000000,00
200505;65435174;BCO DE INVEST TENDENCIA S.A.                                ;I;4010;0030300000;TITULOS E VALORES MOBILIARIOS                     ; 0000000000167816,64
200505;65435174;BCO DE INVEST TENDENCIA S.A.                                ;I;4010;0030400003;CUSTODIA DE VALORES                               ; 0000000011956075,23
200505;65435174;BCO DE INVEST TENDENCIA S.A.                                ;I;4010;0030800005;CONTRATOS                                         ; 0000000071991287,98
200505;65435174;BCO DE INVEST TENDENCIA S.A.                                ;I;4010;0030900008;CONTROLE                                          ; 0000000000631399,07
200505;65435174;BCO DE INVEST TENDENCIA S.A.                                ;I;4010;0031000000;CLASSIFICACAO DA CARTEIRA DE CREDITOS             ; 0000000000554201,10
200505;65435174;BCO DE INVEST TENDENCIA S.A.                                ;I;4010;0031100003;OPERACOES DE RISCO NIVEL AA                       ; 0000000000554201,10
200505;65435174;BCO DE INVEST TENDENCIA S.A.                                ;I;4010;0039999993;TOTAL GERAL DO ATIVO                              ; 0000000121304971,23
200505;65435174;BCO DE INVEST TENDENCIA S.A.                                ;I;4010;0040000008;CIRCULANTE EXIGIVEL A LONGO PRAZO                 ; 0000000008298241,09
200505;65435174;BCO DE INVEST TENDENCIA S.A.                                ;I;4010;0041000007;DEPOSITOS                                         ; 0000000008200000,00
200505;65435174;BCO DE INVEST TENDENCIA S.A.                                ;I;4010;0041300006;DEPOSITOS INTERFINANCEIROS                        ; 0000000008200000,00
200505;65435174;BCO DE INVEST TENDENCIA S.A.                                ;I;4010;0049000009;OUTRAS OBRIGACOES                                 ; 0000000000098241,09
200505;65435174;BCO DE INVEST TENDENCIA S.A.                                ;I;4010;0049400001;FISCAIS E PREVIDENCIARIAS                         ; 0000000000020277,70
200505;65435174;BCO DE INVEST TENDENCIA S.A.                                ;I;4010;0049900006;DIVERSAS                                          ; 0000000000077963,39
200505;65435174;BCO DE INVEST TENDENCIA S.A.                                ;I;4010;0060000002;PATRIMONIO LIQUIDO                                ; 0000000022608956,69
200505;65435174;BCO DE INVEST TENDENCIA S.A.                                ;I;4010;0061000001;PATRIMONIO LIQUIDO                                ; 0000000022608956,69
200505;65435174;BCO DE INVEST TENDENCIA S.A.                                ;I;4010;0061100004;CAPITAL SOCIAL                                    ; 0000000020000000,00
200505;65435174;BCO DE INVEST TENDENCIA S.A.                                ;I;4010;0061300000;RESERVAS DE CAPITAL                               ; 0000000000013925,01
200505;65435174;BCO DE INVEST TENDENCIA S.A.                                ;I;4010;0061500006;RESERVAS DE LUCROS                                ; 0000000000184139,44
200505;65435174;BCO DE INVEST TENDENCIA S.A.                                ;I;4010;0061600009;AJUSTES DE AVALIACAO PATRIMONIAL                  ; 0000000000009287,71
200505;65435174;BCO DE INVEST TENDENCIA S.A.                                ;I;4010;0061800005;LUCROS OU PREJUIZOS ACUMULADOS                    ; 0000000002401604,53
200505;65435174;BCO DE INVEST TENDENCIA S.A.                                ;I;4010;0070000009;CONTAS DE RESULTADO CREDORAS                      ; 0000000007326738,59
200505;65435174;BCO DE INVEST TENDENCIA S.A.                                ;I;4010;0071000008;RECEITAS OPERACIONAIS                             ; 0000000007326738,59
200505;65435174;BCO DE INVEST TENDENCIA S.A.                                ;I;4010;0071100001;RENDAS DE OPERACOES DE CREDITO                    ; 0000000000057182,83
200505;65435174;BCO DE INVEST TENDENCIA S.A.                                ;I;4010;0071300007;RENDAS DE CAMBIO                                  ; 0000000000058793,79
200505;65435174;BCO DE INVEST TENDENCIA S.A.                                ;I;4010;0071400000;RENDAS DE APLICACOES INTERFINANCEIRAS DE LIQUIDEZ ; 0000000004126922,66
200505;65435174;BCO DE INVEST TENDENCIA S.A.                                ;I;4010;0071500003;RENDAS COM TIT. E VAL. MOB. E INST. FINANC. DERIV.; 0000000000003768,39
200505;65435174;BCO DE INVEST TENDENCIA S.A.                                ;I;4010;0071800002;RENDAS DE PARTICIPACOES                           ; 0000000003075478,09
200505;65435174;BCO DE INVEST TENDENCIA S.A.                                ;I;4010;0071900005;OUTRAS RECEITAS OPERACIONAIS                      ; 0000000000004592,83
200505;65435174;BCO DE INVEST TENDENCIA S.A.                                ;I;4010;0080000006;(-) CONTAS DE RESULTADO DEVEDORAS                 ;-0000000004229745,16
200505;65435174;BCO DE INVEST TENDENCIA S.A.                                ;I;4010;0081000005;(-) DESPESAS OPERACIONAIS                         ;-0000000004221974,65
200505;65435174;BCO DE INVEST TENDENCIA S.A.                                ;I;4010;0081100008;(-) DESPESAS DE CAPTACAO                          ;-0000000003749443,34
200505;65435174;BCO DE INVEST TENDENCIA S.A.                                ;I;4010;0081200001;(-) DESP DE OBRIGACOES POR EMPRESTIMOS E REPASSES ;-0000000000003467,98
200505;65435174;BCO DE INVEST TENDENCIA S.A.                                ;I;4010;0081400007;(-) DESPESAS DE CAMBIO                            ;-0000000000068482,81
200505;65435174;BCO DE INVEST TENDENCIA S.A.                                ;I;4010;0081700006;(-) DESPESAS ADMINISTRATIVAS                      ;-0000000000378897,18
200505;65435174;BCO DE INVEST TENDENCIA S.A.                                ;I;4010;0081900002;(-) OUTRAS DESPESAS OPERACIONAIS                  ;-0000000000021683,34
200505;65435174;BCO DE INVEST TENDENCIA S.A.                                ;I;4010;0089000007;(-) APURACAO DE RESULTADO                         ;-0000000000007770,51
200505;65435174;BCO DE INVEST TENDENCIA S.A.                                ;I;4010;0089400009;(-) IMPOSTO DE RENDA                              ;-0000000000007770,51
200505;65435174;BCO DE INVEST TENDENCIA S.A.                                ;I;4010;0090000003;COMPENSACAO                                       ; 0000000087300780,02
200505;65435174;BCO DE INVEST TENDENCIA S.A.                                ;I;4010;0090100006;COOBRIGACOES E RISCOS EM GARANTIAS PRESTADAS      ; 0000000002000000,00
200505;65435174;BCO DE INVEST TENDENCIA S.A.                                ;I;4010;0090300002;TITULOS E VALORES MOBILIARIOS                     ; 0000000000167816,64
200505;65435174;BCO DE INVEST TENDENCIA S.A.                                ;I;4010;0090400005;CUSTODIA DE VALORES                               ; 0000000011956075,23
200505;65435174;BCO DE INVEST TENDENCIA S.A.                                ;I;4010;0090800007;CONTRATOS                                         ; 0000000071991287,98
200505;65435174;BCO DE INVEST TENDENCIA S.A.                                ;I;4010;0090900000;CONTROLE                                          ; 0000000000631399,07
200505;65435174;BCO DE INVEST TENDENCIA S.A.                                ;I;4010;0091000002;CLASSIFICACAO DA CARTEIRA DE CREDITOS             ; 0000000000554201,10
200505;65435174;BCO DE INVEST TENDENCIA S.A.                                ;I;4010;0091100005;OPERACOES DE CREDITOS E ARRENDAMENTO MERCANTIL    ; 0000000000554201,10
200505;65435174;BCO DE INVEST TENDENCIA S.A.                                ;I;4010;0099999995;TOTAL GERAL DO PASSIVO                            ; 0000000121304971,23
200505;68900810;BCO RENDIMENTO S.A.                                         ;B;4010;0010000007;CIRCULANTE E REALIZAVEL A LONGO PRAZO             ; 0000000431976412,87
200505;68900810;BCO RENDIMENTO S.A.                                         ;B;4010;0011000006;DISPONIBILIDADES                                  ; 0000000032889531,65
200505;68900810;BCO RENDIMENTO S.A.                                         ;B;4010;0011100009;CAIXA                                             ; 0000000001050838,12
200505;68900810;BCO RENDIMENTO S.A.                                         ;B;4010;0011300005;RESERVAS LIVRES                                   ; 0000000000017223,70
200505;68900810;BCO RENDIMENTO S.A.                                         ;B;4010;0011500001;DISPONIBILIDADES EM MOEDAS ESTRANGEIRAS           ; 0000000031821469,83
200505;68900810;BCO RENDIMENTO S.A.                                         ;B;4010;0012000005;APLICACOES INTERFINANCEIRAS DE LIQUIDEZ           ; 0000000011170273,85
200505;68900810;BCO RENDIMENTO S.A.                                         ;B;4010;0012100008;APLICACOES EM OPERACOES COMPROMISSADAS            ; 0000000005997857,03
200505;68900810;BCO RENDIMENTO S.A.                                         ;B;4010;0012200001;APLICACOES EM DEPOSITOS INTERFINANCEIROS          ; 0000000005172416,82
200505;68900810;BCO RENDIMENTO S.A.                                         ;B;4010;0013000004;TITULOS E VAL. MOB. E INST. FINANC. DERIVATIVOS   ; 0000000075966852,67
200505;68900810;BCO RENDIMENTO S.A.                                         ;B;4010;0013100007;LIVRES                                            ; 0000000020489610,41
200505;68900810;BCO RENDIMENTO S.A.                                         ;B;4010;0013200000;VINCULADOS A OPERACOES COMPROMISSADAS             ; 0000000047866240,27
200505;68900810;BCO RENDIMENTO S.A.                                         ;B;4010;0013600002;VINCULADOS A PRESTACAO DE GARANTIAS               ; 0000000007611001,99
200505;68900810;BCO RENDIMENTO S.A.                                         ;B;4010;0014000003;RELACOES INTERFINANCEIRAS                         ; 0000000002043924,34
200505;68900810;BCO RENDIMENTO S.A.                                         ;B;4010;0014100006;DIREITOS JUNTO A PARTIC. DE SISTEMAS DE LIQUIDAÇÃO; 0000000000748484,05
200505;68900810;BCO RENDIMENTO S.A.                                         ;B;4010;0014200009;CREDITOS VINCULADOS                               ; 0000000000171849,07
200505;68900810;BCO RENDIMENTO S.A.                                         ;B;4010;0014400005;RELACOES COM CORRESPONDENTES                      ; 0000000001123591,22
200505;68900810;BCO RENDIMENTO S.A.                                         ;B;4010;0016000001;OPERACOES DE CREDITO                              ; 0000000138935020,80
200505;68900810;BCO RENDIMENTO S.A.                                         ;B;4010;0016100004;EMPRESTIMOS E TITULOS DESCONTADOS                 ; 0000000127421023,00
200505;68900810;BCO RENDIMENTO S.A.                                         ;B;4010;0016200007;FINANCIAMENTOS                                    ; 0000000015016484,74
200505;68900810;BCO RENDIMENTO S.A.                                         ;B;4010;0016900008;(-) PROVISOES PARA OPERACOES DE CREDITO           ;-0000000003502486,94
200505;68900810;BCO RENDIMENTO S.A.                                         ;B;4010;0018000009;OUTROS CREDITOS                                   ; 0000000170882025,44
200505;68900810;BCO RENDIMENTO S.A.                                         ;B;4010;0018200005;CARTEIRA DE CAMBIO                                ; 0000000162385766,05
200505;68900810;BCO RENDIMENTO S.A.                                         ;B;4010;0018400001;NEGOCIACAO E INTERMEDIACAO DE VALORES             ; 0000000000000720,60
200505;68900810;BCO RENDIMENTO S.A.                                         ;B;4010;0018800003;DIVERSOS                                          ; 0000000008495538,79
200505;68900810;BCO RENDIMENTO S.A.                                         ;B;4010;0019000008;OUTROS VALORES E BENS                             ; 0000000000088784,12
200505;68900810;BCO RENDIMENTO S.A.                                         ;B;4010;0019800002;OUTROS VALORES E BENS                             ; 0000000000058112,08
200505;68900810;BCO RENDIMENTO S.A.                                         ;B;4010;0019900005;DESPESAS ANTECIPADAS                              ; 0000000000030672,04
200505;68900810;BCO RENDIMENTO S.A.                                         ;B;4010;0020000004;PERMANENTE                                        ; 0000000020957427,05
200505;68900810;BCO RENDIMENTO S.A.                                         ;B;4010;0021000003;INVESTIMENTOS                                     ; 0000000017943105,97
200505;68900810;BCO RENDIMENTO S.A.                                         ;B;4010;0021200009;PARTICIPACOES EM COLIGADAS E CONTROLADAS NO PAIS  ; 0000000017731551,05
200505;68900810;BCO RENDIMENTO S.A.                                         ;B;4010;0021400005;TITULOS PATRIMONIAIS                              ; 0000000000192041,30
200505;68900810;BCO RENDIMENTO S.A.                                         ;B;4010;0021900000;OUTROS INVESTIMENTOS                              ; 0000000000019513,62
200505;68900810;BCO RENDIMENTO S.A.                                         ;B;4010;0022000002;IMOBILIZADO DE USO                                ; 0000000002317021,06
200505;68900810;BCO RENDIMENTO S.A.                                         ;B;4010;0022300001;IMOVEIS DE USO                                    ; 0000000001148085,67
200505;68900810;BCO RENDIMENTO S.A.                                         ;B;4010;0022400004;INSTALACOES, MOVEIS E EQUIPAMENTOS DE USO         ; 0000000000545357,03
200505;68900810;BCO RENDIMENTO S.A.                                         ;B;4010;0022900009;OUTROS                                            ; 0000000000623578,36
200505;68900810;BCO RENDIMENTO S.A.                                         ;B;4010;0024000000;DIFERIDO                                          ; 0000000000697300,02
200505;68900810;BCO RENDIMENTO S.A.                                         ;B;4010;0024100003;GASTOS DE ORGANIZACAO E EXPANSAO                  ; 0000000000697300,02
200505;68900810;BCO RENDIMENTO S.A.                                         ;B;4010;0030000001;COMPENSACAO                                       ; 0000001174964101,98
200505;68900810;BCO RENDIMENTO S.A.                                         ;B;4010;0030100004;COOBRIGACOES E RISCOS EM GARANTIAS PRESTADAS      ; 0000000011181933,20
200505;68900810;BCO RENDIMENTO S.A.                                         ;B;4010;0030300000;TITULOS E VALORES MOBILIARIOS                     ; 0000000151933705,34
200505;68900810;BCO RENDIMENTO S.A.                                         ;B;4010;0030400003;CUSTODIA DE VALORES                               ; 0000000368185791,25
200505;68900810;BCO RENDIMENTO S.A.                                         ;B;4010;0030500006;COBRANCA                                          ; 0000000076948076,74
200505;68900810;BCO RENDIMENTO S.A.                                         ;B;4010;0030600009;NEGOCIACAO E INTERMEDIACAO DE VALORES             ; 0000000058140913,00
200505;68900810;BCO RENDIMENTO S.A.                                         ;B;4010;0030800005;CONTRATOS                                         ; 0000000000750000,00
200505;68900810;BCO RENDIMENTO S.A.                                         ;B;4010;0030900008;CONTROLE                                          ; 0000000365386174,71
200505;68900810;BCO RENDIMENTO S.A.                                         ;B;4010;0031000000;CLASSIFICACAO DA CARTEIRA DE CREDITOS             ; 0000000142437507,74
200505;68900810;BCO RENDIMENTO S.A.                                         ;B;4010;0031100003;OPERACOES DE RISCO NIVEL AA                       ; 0000000000542549,40
200505;68900810;BCO RENDIMENTO S.A.                                         ;B;4010;0031200006;OPERACOES DE RISCO NIVEL A                        ; 0000000088896343,02
200505;68900810;BCO RENDIMENTO S.A.                                         ;B;4010;0031300009;OPERACOES DE RISCO NIVELB                         ; 0000000022256167,36
200505;68900810;BCO RENDIMENTO S.A.                                         ;B;4010;0031400002;OPERACOES DE RISCO NIVELC                         ; 0000000025221280,59
200505;68900810;BCO RENDIMENTO S.A.                                         ;B;4010;0031500005;OPERACOES DE RISCO NIVEL D                        ; 0000000001451838,56
200505;68900810;BCO RENDIMENTO S.A.                                         ;B;4010;0031600008;OPERACOES DE RISCO NIVEL E                        ; 0000000001043097,72
200505;68900810;BCO RENDIMENTO S.A.                                         ;B;4010;0031700001;OPERACOES DE RISCO NIVEL F                        ; 0000000002811027,01
200505;68900810;BCO RENDIMENTO S.A.                                         ;B;4010;0031900007;OPERACOES DE RISCO NIVEL H                        ; 0000000000215204,08
200505;68900810;BCO RENDIMENTO S.A.                                         ;B;4010;0039999993;TOTAL GERAL DO ATIVO                              ; 0000001627897941,90
200505;68900810;BCO RENDIMENTO S.A.                                         ;B;4010;0040000008;CIRCULANTE EXIGIVEL A LONGO PRAZO                 ; 0000000387789134,41
200505;68900810;BCO RENDIMENTO S.A.                                         ;B;4010;0041000007;DEPOSITOS                                         ; 0000000123757635,20
200505;68900810;BCO RENDIMENTO S.A.                                         ;B;4010;0041100000;DEPOSITOS A VISTA                                 ; 0000000014103335,51
200505;68900810;BCO RENDIMENTO S.A.                                         ;B;4010;0041300006;DEPOSITOS INTERFINANCEIROS                        ; 0000000004408426,20
200505;68900810;BCO RENDIMENTO S.A.                                         ;B;4010;0041500002;DEPOSITOS A PRAZO                                 ; 0000000102803152,74
200505;68900810;BCO RENDIMENTO S.A.                                         ;B;4010;0041800001;DEPOSITOS EM MOEDAS ESTRANGEIRAS                  ; 0000000002414614,26
200505;68900810;BCO RENDIMENTO S.A.                                         ;B;4010;0041900004;OUTROS DEPOSITOS                                  ; 0000000000028106,49
200505;68900810;BCO RENDIMENTO S.A.                                         ;B;4010;0042000006;OBRIGACOES POR OPERACOES COMPROMISSADAS           ; 0000000047801210,73
200505;68900810;BCO RENDIMENTO S.A.                                         ;B;4010;0042100009;CARTEIRA PROPRIA                                  ; 0000000047801210,73
200505;68900810;BCO RENDIMENTO S.A.                                         ;B;4010;0044000004;RELACOES INTERFINANCEIRAS                         ; 0000000000094596,25
200505;68900810;BCO RENDIMENTO S.A.                                         ;B;4010;0044100007;OBRIGAÇÕES JUNTO A PARTIC. DE SIST. DE LIQUIDACÃO ; 0000000000094596,25
200505;68900810;BCO RENDIMENTO S.A.                                         ;B;4010;0045000003;RELACOES INTERDEPENDENCIAS                        ; 0000000002619466,07
200505;68900810;BCO RENDIMENTO S.A.                                         ;B;4010;0045100006;RECURSOS EM TRANSITO DE TERCEIROS                 ; 0000000002619466,07
200505;68900810;BCO RENDIMENTO S.A.                                         ;B;4010;0046000002;OBRIGACOES POR EMPRESTIMOS E REPASSES             ; 0000000018354004,15
200505;68900810;BCO RENDIMENTO S.A.                                         ;B;4010;0046300001;EMPRESTIMOS NO EXTERIOR                           ; 0000000003371744,53
200505;68900810;BCO RENDIMENTO S.A.                                         ;B;4010;0046400004;REPASSES DO PAIS - INSTITUICOES OFICIAIS          ; 0000000014982259,62
200505;68900810;BCO RENDIMENTO S.A.                                         ;B;4010;0049000009;OUTRAS OBRIGACOES                                 ; 0000000195162222,01
200505;68900810;BCO RENDIMENTO S.A.                                         ;B;4010;0049100002;COBRANCA E ARRECADACAO DE TRIBUTOS E ASSEMELHADOS ; 0000000000009051,06
200505;68900810;BCO RENDIMENTO S.A.                                         ;B;4010;0049200005;CARTEIRA DE CAMBIO                                ; 0000000163394281,10
200505;68900810;BCO RENDIMENTO S.A.                                         ;B;4010;0049400001;FISCAIS E PREVIDENCIARIAS                         ; 0000000011794702,38
200505;68900810;BCO RENDIMENTO S.A.                                         ;B;4010;0049500004;NEGOCIACAO E INTERMEDIACAO DE VALORES             ; 0000000000304955,95
200505;68900810;BCO RENDIMENTO S.A.                                         ;B;4010;0049900006;DIVERSAS                                          ; 0000000019659231,52
200505;68900810;BCO RENDIMENTO S.A.                                         ;B;4010;0050000005;RESULTADOS DE EXERCICIOS FUTUROS                  ; 0000000000090331,64
200505;68900810;BCO RENDIMENTO S.A.                                         ;B;4010;0051000004;RECEITAS DE EXERCICIOS FUTUROS                    ; 0000000000090331,64
200505;68900810;BCO RENDIMENTO S.A.                                         ;B;4010;0051100007;RECEITAS DE EXERCICIOS FUTUROS                    ; 0000000000090331,64
200505;68900810;BCO RENDIMENTO S.A.                                         ;B;4010;0060000002;PATRIMONIO LIQUIDO                                ; 0000000059594001,60
200505;68900810;BCO RENDIMENTO S.A.                                         ;B;4010;0061000001;PATRIMONIO LIQUIDO                                ; 0000000059594001,60
200505;68900810;BCO RENDIMENTO S.A.                                         ;B;4010;0061100004;CAPITAL SOCIAL                                    ; 0000000044689994,00
200505;68900810;BCO RENDIMENTO S.A.                                         ;B;4010;0061300000;RESERVAS DE CAPITAL                               ; 0000000000194436,62
200505;68900810;BCO RENDIMENTO S.A.                                         ;B;4010;0061500006;RESERVAS DE LUCROS                                ; 0000000001673475,25
200505;68900810;BCO RENDIMENTO S.A.                                         ;B;4010;0061800005;LUCROS OU PREJUIZOS ACUMULADOS                    ; 0000000013036095,73
200505;68900810;BCO RENDIMENTO S.A.                                         ;B;4010;0070000009;CONTAS DE RESULTADO CREDORAS                      ; 0000000037352429,32
200505;68900810;BCO RENDIMENTO S.A.                                         ;B;4010;0071000008;RECEITAS OPERACIONAIS                             ; 0000000037352429,32
200505;68900810;BCO RENDIMENTO S.A.                                         ;B;4010;0071100001;RENDAS DE OPERACOES DE CREDITO                    ; 0000000015557765,99
200505;68900810;BCO RENDIMENTO S.A.                                         ;B;4010;0071300007;RENDAS DE CAMBIO                                  ; 0000000007068884,06
200505;68900810;BCO RENDIMENTO S.A.                                         ;B;4010;0071400000;RENDAS DE APLICACOES INTERFINANCEIRAS DE LIQUIDEZ ; 0000000000715860,91
200505;68900810;BCO RENDIMENTO S.A.                                         ;B;4010;0071500003;RENDAS COM TIT. E VAL. MOB. E INST. FINANC. DERIV.; 0000000004946484,08
200505;68900810;BCO RENDIMENTO S.A.                                         ;B;4010;0071700009;RENDAS DE PRESTACAO DE SERVICOS                   ; 0000000003400629,59
200505;68900810;BCO RENDIMENTO S.A.                                         ;B;4010;0071800002;RENDAS DE PARTICIPACOES                           ; 0000000001754763,03
200505;68900810;BCO RENDIMENTO S.A.                                         ;B;4010;0071900005;OUTRAS RECEITAS OPERACIONAIS                      ; 0000000003908041,66
200505;68900810;BCO RENDIMENTO S.A.                                         ;B;4010;0080000006;(-) CONTAS DE RESULTADO DEVEDORAS                 ;-0000000031892057,05
200505;68900810;BCO RENDIMENTO S.A.                                         ;B;4010;0081000005;(-) DESPESAS OPERACIONAIS                         ;-0000000029707247,84
200505;68900810;BCO RENDIMENTO S.A.                                         ;B;4010;0081100008;(-) DESPESAS DE CAPTACAO                          ;-0000000008826617,68
200505;68900810;BCO RENDIMENTO S.A.                                         ;B;4010;0081200001;(-) DESP DE OBRIGACOES POR EMPRESTIMOS E REPASSES ;-0000000001085249,60
200505;68900810;BCO RENDIMENTO S.A.                                         ;B;4010;0081400007;(-) DESPESAS DE CAMBIO                            ;-0000000003422305,79
200505;68900810;BCO RENDIMENTO S.A.                                         ;B;4010;0081500000;(-) DESP. COM TIT. E VAL. MOB. E INST. FIN. DERIV.;-0000000001939470,55
200505;68900810;BCO RENDIMENTO S.A.                                         ;B;4010;0081600003;(-) DESPESAS DE PARTICIPACOES                     ;-0000000000000132,48
200505;68900810;BCO RENDIMENTO S.A.                                         ;B;4010;0081700006;(-) DESPESAS ADMINISTRATIVAS                      ;-0000000008631811,36
200505;68900810;BCO RENDIMENTO S.A.                                         ;B;4010;0081800009;(-) APROVISIONAMENTOS E AJUSTES PATRIMONIAIS      ;-0000000001741381,17
200505;68900810;BCO RENDIMENTO S.A.                                         ;B;4010;0081900002;(-) OUTRAS DESPESAS OPERACIONAIS                  ;-0000000004060279,21
200505;68900810;BCO RENDIMENTO S.A.                                         ;B;4010;0083000003;(-) DESPESAS NAO OPERACIONAIS                     ;-0000000000067000,00
200505;68900810;BCO RENDIMENTO S.A.                                         ;B;4010;0083900000;(-) OUTRAS DESPESAS NAO OPERACIONAIS              ;-0000000000067000,00
200505;68900810;BCO RENDIMENTO S.A.                                         ;B;4010;0089000007;(-) APURACAO DE RESULTADO                         ;-0000000002117809,21
200505;68900810;BCO RENDIMENTO S.A.                                         ;B;4010;0089400009;(-) IMPOSTO DE RENDA                              ;-0000000002117809,21
200505;68900810;BCO RENDIMENTO S.A.                                         ;B;4010;0090000003;COMPENSACAO                                       ; 0000001174964101,98
200505;68900810;BCO RENDIMENTO S.A.                                         ;B;4010;0090100006;COOBRIGACOES E RISCOS EM GARANTIAS PRESTADAS      ; 0000000011181933,20
200505;68900810;BCO RENDIMENTO S.A.                                         ;B;4010;0090300002;TITULOS E VALORES MOBILIARIOS                     ; 0000000151933705,34
200505;68900810;BCO RENDIMENTO S.A.                                         ;B;4010;0090400005;CUSTODIA DE VALORES                               ; 0000000368185791,25
200505;68900810;BCO RENDIMENTO S.A.                                         ;B;4010;0090500008;COBRANCA                                          ; 0000000076948076,74
200505;68900810;BCO RENDIMENTO S.A.                                         ;B;4010;0090600001;NEGOCIACAO E INTERMEDIACAO DE VALORES             ; 0000000058140913,00
200505;68900810;BCO RENDIMENTO S.A.                                         ;B;4010;0090800007;CONTRATOS                                         ; 0000000000750000,00
200505;68900810;BCO RENDIMENTO S.A.                                         ;B;4010;0090900000;CONTROLE                                          ; 0000000365386174,71
200505;68900810;BCO RENDIMENTO S.A.                                         ;B;4010;0091000002;CLASSIFICACAO DA CARTEIRA DE CREDITOS             ; 0000000142437507,74
200505;68900810;BCO RENDIMENTO S.A.                                         ;B;4010;0091100005;OPERACOES DE CREDITOS E ARRENDAMENTO MERCANTIL    ; 0000000142437507,74
200505;68900810;BCO RENDIMENTO S.A.                                         ;B;4010;0099999995;TOTAL GERAL DO PASSIVO                            ; 0000001627897941,90
200505;69141539;BCO CREDIBEL S.A.                                           ;U;4010;0010000007;CIRCULANTE E REALIZAVEL A LONGO PRAZO             ; 0000000176078848,36
200505;69141539;BCO CREDIBEL S.A.                                           ;U;4010;0011000006;DISPONIBILIDADES                                  ; 0000000000408611,59
200505;69141539;BCO CREDIBEL S.A.                                           ;U;4010;0011100009;CAIXA                                             ; 0000000000070596,76
200505;69141539;BCO CREDIBEL S.A.                                           ;U;4010;0011300005;RESERVAS LIVRES                                   ; 0000000000087333,49
200505;69141539;BCO CREDIBEL S.A.                                           ;U;4010;0011500001;DISPONIBILIDADES EM MOEDAS ESTRANGEIRAS           ; 0000000000250681,34
200505;69141539;BCO CREDIBEL S.A.                                           ;U;4010;0012000005;APLICACOES INTERFINANCEIRAS DE LIQUIDEZ           ; 0000000002507706,30
200505;69141539;BCO CREDIBEL S.A.                                           ;U;4010;0012200001;APLICACOES EM DEPOSITOS INTERFINANCEIROS          ; 0000000002267353,84
200505;69141539;BCO CREDIBEL S.A.                                           ;U;4010;0012600003;APLICA OES EM MOEDAS ESTRANGEIRAS                 ; 0000000000240352,46
200505;69141539;BCO CREDIBEL S.A.                                           ;U;4010;0013000004;TITULOS E VAL. MOB. E INST. FINANC. DERIVATIVOS   ; 0000000111965017,92
200505;69141539;BCO CREDIBEL S.A.                                           ;U;4010;0013100007;LIVRES                                            ; 0000000070104926,71
200505;69141539;BCO CREDIBEL S.A.                                           ;U;4010;0013200000;VINCULADOS A OPERACOES COMPROMISSADAS             ; 0000000017863520,48
200505;69141539;BCO CREDIBEL S.A.                                           ;U;4010;0013300003;INSTRUMENTOS FINANCEIROS DERIVATIVOS              ; 0000000000112976,00
200505;69141539;BCO CREDIBEL S.A.                                           ;U;4010;0013400006;VINCULADOS AO BANCO CENTRAL                       ; 0000000021909687,06
200505;69141539;BCO CREDIBEL S.A.                                           ;U;4010;0013600002;VINCULADOS A PRESTACAO DE GARANTIAS               ; 0000000001973907,67
200505;69141539;BCO CREDIBEL S.A.                                           ;U;4010;0014000003;RELACOES INTERFINANCEIRAS                         ; 0000000000036134,66
200505;69141539;BCO CREDIBEL S.A.                                           ;U;4010;0014100006;DIREITOS JUNTO A PARTIC. DE SISTEMAS DE LIQUIDAÇÃO; 0000000000028928,50
200505;69141539;BCO CREDIBEL S.A.                                           ;U;4010;0014400005;RELACOES COM CORRESPONDENTES                      ; 0000000000007206,16
200505;69141539;BCO CREDIBEL S.A.                                           ;U;4010;0016000001;OPERACOES DE CREDITO                              ; 0000000059340626,34
200505;69141539;BCO CREDIBEL S.A.                                           ;U;4010;0016100004;EMPRESTIMOS E TITULOS DESCONTADOS                 ; 0000000075616161,07
200505;69141539;BCO CREDIBEL S.A.                                           ;U;4010;0016200007;FINANCIAMENTOS                                    ; 0000000000474090,10
200505;69141539;BCO CREDIBEL S.A.                                           ;U;4010;0016300000;FINANCIAMENTOS RURAIS E AGROINDUSTRIAIS           ; 0000000000536620,59
200505;69141539;BCO CREDIBEL S.A.                                           ;U;4010;0016900008;(-) PROVISOES PARA OPERACOES DE CREDITO           ;-0000000017286245,42
200505;69141539;BCO CREDIBEL S.A.                                           ;U;4010;0018000009;OUTROS CREDITOS                                   ; 0000000001726039,72
200505;69141539;BCO CREDIBEL S.A.                                           ;U;4010;0018100002;AVAIS E FIANCAS HONRADOS                          ; 0000000000037365,98
200505;69141539;BCO CREDIBEL S.A.                                           ;U;4010;0018200005;CARTEIRA DE CAMBIO                                ; 0000000000410745,00
200505;69141539;BCO CREDIBEL S.A.                                           ;U;4010;0018800003;DIVERSOS                                          ; 0000000001277928,74
200505;69141539;BCO CREDIBEL S.A.                                           ;U;4010;0019000008;OUTROS VALORES E BENS                             ; 0000000000094711,83
200505;69141539;BCO CREDIBEL S.A.                                           ;U;4010;0019800002;OUTROS VALORES E BENS                             ; 0000000000034135,26
200505;69141539;BCO CREDIBEL S.A.                                           ;U;4010;0019900005;DESPESAS ANTECIPADAS                              ; 0000000000060576,57
200505;69141539;BCO CREDIBEL S.A.                                           ;U;4010;0020000004;PERMANENTE                                        ; 0000000002682597,82
200505;69141539;BCO CREDIBEL S.A.                                           ;U;4010;0021000003;INVESTIMENTOS                                     ; 0000000001925831,38
200505;69141539;BCO CREDIBEL S.A.                                           ;U;4010;0021200009;PARTICIPACOES EM COLIGADAS E CONTROLADAS NO PAIS  ; 0000000001925831,38
200505;69141539;BCO CREDIBEL S.A.                                           ;U;4010;0022000002;IMOBILIZADO DE USO                                ; 0000000000585715,50
200505;69141539;BCO CREDIBEL S.A.                                           ;U;4010;0022400004;INSTALACOES, MOVEIS E EQUIPAMENTOS DE USO         ; 0000000000188508,23
200505;69141539;BCO CREDIBEL S.A.                                           ;U;4010;0022900009;OUTROS                                            ; 0000000000397207,27
200505;69141539;BCO CREDIBEL S.A.                                           ;U;4010;0024000000;DIFERIDO                                          ; 0000000000171050,94
200505;69141539;BCO CREDIBEL S.A.                                           ;U;4010;0024100003;GASTOS DE ORGANIZACAO E EXPANSAO                  ; 0000000000171050,94
200505;69141539;BCO CREDIBEL S.A.                                           ;U;4010;0030000001;COMPENSACAO                                       ; 0000009918324261,84
200505;69141539;BCO CREDIBEL S.A.                                           ;U;4010;0030100004;COOBRIGACOES E RISCOS EM GARANTIAS PRESTADAS      ; 0000000006709918,98
200505;69141539;BCO CREDIBEL S.A.                                           ;U;4010;0030300000;TITULOS E VALORES MOBILIARIOS                     ; 0000000217574380,20
200505;69141539;BCO CREDIBEL S.A.                                           ;U;4010;0030400003;CUSTODIA DE VALORES                               ; 0000000594529634,29
200505;69141539;BCO CREDIBEL S.A.                                           ;U;4010;0030500006;COBRANCA                                          ; 0000000039500900,69
200505;69141539;BCO CREDIBEL S.A.                                           ;U;4010;0030600009;NEGOCIACAO E INTERMEDIACAO DE VALORES             ; 0000000000112976,00
200505;69141539;BCO CREDIBEL S.A.                                           ;U;4010;0030900008;CONTROLE                                          ; 0000008983269579,92
200505;69141539;BCO CREDIBEL S.A.                                           ;U;4010;0031000000;CLASSIFICACAO DA CARTEIRA DE CREDITOS             ; 0000000076626871,76
200505;69141539;BCO CREDIBEL S.A.                                           ;U;4010;0031100003;OPERACOES DE RISCO NIVEL AA                       ; 0000000002821386,40
200505;69141539;BCO CREDIBEL S.A.                                           ;U;4010;0031200006;OPERACOES DE RISCO NIVEL A                        ; 0000000010506763,67
200505;69141539;BCO CREDIBEL S.A.                                           ;U;4010;0031300009;OPERACOES DE RISCO NIVELB                         ; 0000000034461752,66
200505;69141539;BCO CREDIBEL S.A.                                           ;U;4010;0031400002;OPERACOES DE RISCO NIVELC                         ; 0000000011153629,00
200505;69141539;BCO CREDIBEL S.A.                                           ;U;4010;0031500005;OPERACOES DE RISCO NIVEL D                        ; 0000000000386117,77
200505;69141539;BCO CREDIBEL S.A.                                           ;U;4010;0031600008;OPERACOES DE RISCO NIVEL E                        ; 0000000000006565,52
200505;69141539;BCO CREDIBEL S.A.                                           ;U;4010;0031800004;OPERACOES DE RISCO NIVEL G                        ; 0000000002653493,76
200505;69141539;BCO CREDIBEL S.A.                                           ;U;4010;0031900007;OPERACOES DE RISCO NIVEL H                        ; 0000000014637162,98
200505;69141539;BCO CREDIBEL S.A.                                           ;U;4010;0039999993;TOTAL GERAL DO ATIVO                              ; 0000010097085708,02
200505;69141539;BCO CREDIBEL S.A.                                           ;U;4010;0040000008;CIRCULANTE EXIGIVEL A LONGO PRAZO                 ; 0000000110737904,10
200505;69141539;BCO CREDIBEL S.A.                                           ;U;4010;0041000007;DEPOSITOS                                         ; 0000000088002270,64
200505;69141539;BCO CREDIBEL S.A.                                           ;U;4010;0041100000;DEPOSITOS A VISTA                                 ; 0000000004980515,76
200505;69141539;BCO CREDIBEL S.A.                                           ;U;4010;0041300006;DEPOSITOS INTERFINANCEIROS                        ; 0000000002103961,52
200505;69141539;BCO CREDIBEL S.A.                                           ;U;4010;0041500002;DEPOSITOS A PRAZO                                 ; 0000000080917793,36
200505;69141539;BCO CREDIBEL S.A.                                           ;U;4010;0042000006;OBRIGACOES POR OPERACOES COMPROMISSADAS           ; 0000000017861218,95
200505;69141539;BCO CREDIBEL S.A.                                           ;U;4010;0042100009;CARTEIRA PROPRIA                                  ; 0000000017861218,95
200505;69141539;BCO CREDIBEL S.A.                                           ;U;4010;0044000004;RELACOES INTERFINANCEIRAS                         ; 0000000000034342,09
200505;69141539;BCO CREDIBEL S.A.                                           ;U;4010;0044100007;OBRIGAÇÕES JUNTO A PARTIC. DE SIST. DE LIQUIDACÃO ; 0000000000034342,09
200505;69141539;BCO CREDIBEL S.A.                                           ;U;4010;0045000003;RELACOES INTERDEPENDENCIAS                        ; 0000000000010065,28
200505;69141539;BCO CREDIBEL S.A.                                           ;U;4010;0045100006;RECURSOS EM TRANSITO DE TERCEIROS                 ; 0000000000010065,28
200505;69141539;BCO CREDIBEL S.A.                                           ;U;4010;0049000009;OUTRAS OBRIGACOES                                 ; 0000000004830007,14
200505;69141539;BCO CREDIBEL S.A.                                           ;U;4010;0049100002;COBRANCA E ARRECADACAO DE TRIBUTOS E ASSEMELHADOS ; 0000000000006205,14
200505;69141539;BCO CREDIBEL S.A.                                           ;U;4010;0049200005;CARTEIRA DE CAMBIO                                ; 0000000000462637,57
200505;69141539;BCO CREDIBEL S.A.                                           ;U;4010;0049400001;FISCAIS E PREVIDENCIARIAS                         ; 0000000000326624,76
200505;69141539;BCO CREDIBEL S.A.                                           ;U;4010;0049500004;NEGOCIACAO E INTERMEDIACAO DE VALORES             ; 0000000000007664,30
200505;69141539;BCO CREDIBEL S.A.                                           ;U;4010;0049900006;DIVERSAS                                          ; 0000000004026875,37
200505;69141539;BCO CREDIBEL S.A.                                           ;U;4010;0050000005;RESULTADOS DE EXERCICIOS FUTUROS                  ; 0000000000034119,15
200505;69141539;BCO CREDIBEL S.A.                                           ;U;4010;0051000004;RECEITAS DE EXERCICIOS FUTUROS                    ; 0000000000034119,15
200505;69141539;BCO CREDIBEL S.A.                                           ;U;4010;0051100007;RECEITAS DE EXERCICIOS FUTUROS                    ; 0000000000034119,15
200505;69141539;BCO CREDIBEL S.A.                                           ;U;4010;0060000002;PATRIMONIO LIQUIDO                                ; 0000000066624950,46
200505;69141539;BCO CREDIBEL S.A.                                           ;U;4010;0061000001;PATRIMONIO LIQUIDO                                ; 0000000066624950,46
200505;69141539;BCO CREDIBEL S.A.                                           ;U;4010;0061100004;CAPITAL SOCIAL                                    ; 0000000084000000,00
200505;69141539;BCO CREDIBEL S.A.                                           ;U;4010;0061600009;AJUSTES DE AVALIACAO PATRIMONIAL                  ;-0000000000178915,41
200505;69141539;BCO CREDIBEL S.A.                                           ;U;4010;0061800005;LUCROS OU PREJUIZOS ACUMULADOS                    ;-0000000017196134,13
200505;69141539;BCO CREDIBEL S.A.                                           ;U;4010;0070000009;CONTAS DE RESULTADO CREDORAS                      ; 0000000020304042,80
200505;69141539;BCO CREDIBEL S.A.                                           ;U;4010;0071000008;RECEITAS OPERACIONAIS                             ; 0000000020303442,80
200505;69141539;BCO CREDIBEL S.A.                                           ;U;4010;0071100001;RENDAS DE OPERACOES DE CREDITO                    ; 0000000006043542,74
200505;69141539;BCO CREDIBEL S.A.                                           ;U;4010;0071300007;RENDAS DE CAMBIO                                  ; 0000000000028289,00
200505;69141539;BCO CREDIBEL S.A.                                           ;U;4010;0071400000;RENDAS DE APLICACOES INTERFINANCEIRAS DE LIQUIDEZ ; 0000000000949059,85
200505;69141539;BCO CREDIBEL S.A.                                           ;U;4010;0071500003;RENDAS COM TIT. E VAL. MOB. E INST. FINANC. DERIV.; 0000000010467011,14
200505;69141539;BCO CREDIBEL S.A.                                           ;U;4010;0071700009;RENDAS DE PRESTACAO DE SERVICOS                   ; 0000000000349695,06
200505;69141539;BCO CREDIBEL S.A.                                           ;U;4010;0071800002;RENDAS DE PARTICIPACOES                           ; 0000000000082558,57
200505;69141539;BCO CREDIBEL S.A.                                           ;U;4010;0071900005;OUTRAS RECEITAS OPERACIONAIS                      ; 0000000002383286,44
200505;69141539;BCO CREDIBEL S.A.                                           ;U;4010;0073000006;RECEITAS NAO OPERACIONAIS                         ; 0000000000000600,00
200505;69141539;BCO CREDIBEL S.A.                                           ;U;4010;0073100009;LUCROS EM TRANSACOES COM VALORES E BENS           ; 0000000000000600,00
200505;69141539;BCO CREDIBEL S.A.                                           ;U;4010;0080000006;(-) CONTAS DE RESULTADO DEVEDORAS                 ;-0000000018939570,33
200505;69141539;BCO CREDIBEL S.A.                                           ;U;4010;0081000005;(-) DESPESAS OPERACIONAIS                         ;-0000000018908369,06
200505;69141539;BCO CREDIBEL S.A.                                           ;U;4010;0081100008;(-) DESPESAS DE CAPTACAO                          ;-0000000007509147,62
200505;69141539;BCO CREDIBEL S.A.                                           ;U;4010;0081400007;(-) DESPESAS DE CAMBIO                            ;-0000000000005161,82
200505;69141539;BCO CREDIBEL S.A.                                           ;U;4010;0081500000;(-) DESP. COM TIT. E VAL. MOB. E INST. FIN. DERIV.;-0000000003945173,10
200505;69141539;BCO CREDIBEL S.A.                                           ;U;4010;0081700006;(-) DESPESAS ADMINISTRATIVAS                      ;-0000000005673923,43
200505;69141539;BCO CREDIBEL S.A.                                           ;U;4010;0081800009;(-) APROVISIONAMENTOS E AJUSTES PATRIMONIAIS      ;-0000000000990324,81
200505;69141539;BCO CREDIBEL S.A.                                           ;U;4010;0081900002;(-) OUTRAS DESPESAS OPERACIONAIS                  ;-0000000000784638,28
200505;69141539;BCO CREDIBEL S.A.                                           ;U;4010;0083000003;(-) DESPESAS NAO OPERACIONAIS                     ;-0000000000031201,27
200505;69141539;BCO CREDIBEL S.A.                                           ;U;4010;0083100006;(-) PREJUIZOS EM TRANSACOES COM VALORES E BENS    ;-0000000000030115,91
200505;69141539;BCO CREDIBEL S.A.                                           ;U;4010;0083900000;(-) OUTRAS DESPESAS NAO OPERACIONAIS              ;-0000000000001085,36
200505;69141539;BCO CREDIBEL S.A.                                           ;U;4010;0090000003;COMPENSACAO                                       ; 0000009918324261,84
200505;69141539;BCO CREDIBEL S.A.                                           ;U;4010;0090100006;COOBRIGACOES E RISCOS EM GARANTIAS PRESTADAS      ; 0000000006709918,98
200505;69141539;BCO CREDIBEL S.A.                                           ;U;4010;0090300002;TITULOS E VALORES MOBILIARIOS                     ; 0000000217574380,20
200505;69141539;BCO CREDIBEL S.A.                                           ;U;4010;0090400005;CUSTODIA DE VALORES                               ; 0000000594529634,29
200505;69141539;BCO CREDIBEL S.A.                                           ;U;4010;0090500008;COBRANCA                                          ; 0000000039500900,69
200505;69141539;BCO CREDIBEL S.A.                                           ;U;4010;0090600001;NEGOCIACAO E INTERMEDIACAO DE VALORES             ; 0000000000112976,00
200505;69141539;BCO CREDIBEL S.A.                                           ;U;4010;0090900000;CONTROLE                                          ; 0000008983269579,92
200505;69141539;BCO CREDIBEL S.A.                                           ;U;4010;0091000002;CLASSIFICACAO DA CARTEIRA DE CREDITOS             ; 0000000076626871,76
200505;69141539;BCO CREDIBEL S.A.                                           ;U;4010;0091100005;OPERACOES DE CREDITOS E ARRENDAMENTO MERCANTIL    ; 0000000076626871,76
200505;69141539;BCO CREDIBEL S.A.                                           ;U;4010;0099999995;TOTAL GERAL DO PASSIVO                            ; 0000010097085708,02
200505;71027866;BANCO BONSUCESSO S.A.                                       ;U;4010;0010000007;CIRCULANTE E REALIZAVEL A LONGO PRAZO             ; 0000000247408969,13
200505;71027866;BANCO BONSUCESSO S.A.                                       ;U;4010;0011000006;DISPONIBILIDADES                                  ; 0000000001000633,74
200505;71027866;BANCO BONSUCESSO S.A.                                       ;U;4010;0011100009;CAIXA                                             ; 0000000000402278,69
200505;71027866;BANCO BONSUCESSO S.A.                                       ;U;4010;0011300005;RESERVAS LIVRES                                   ; 0000000000598355,05
200505;71027866;BANCO BONSUCESSO S.A.                                       ;U;4010;0012000005;APLICACOES INTERFINANCEIRAS DE LIQUIDEZ           ; 0000000028580527,62
200505;71027866;BANCO BONSUCESSO S.A.                                       ;U;4010;0012100008;APLICACOES EM OPERACOES COMPROMISSADAS            ; 0000000027248922,57
200505;71027866;BANCO BONSUCESSO S.A.                                       ;U;4010;0012200001;APLICACOES EM DEPOSITOS INTERFINANCEIROS          ; 0000000001331605,05
200505;71027866;BANCO BONSUCESSO S.A.                                       ;U;4010;0013000004;TITULOS E VAL. MOB. E INST. FINANC. DERIVATIVOS   ; 0000000054826461,93
200505;71027866;BANCO BONSUCESSO S.A.                                       ;U;4010;0013100007;LIVRES                                            ; 0000000054826461,93
200505;71027866;BANCO BONSUCESSO S.A.                                       ;U;4010;0014000003;RELACOES INTERFINANCEIRAS                         ; 0000000001060112,66
200505;71027866;BANCO BONSUCESSO S.A.                                       ;U;4010;0014100006;DIREITOS JUNTO A PARTIC. DE SISTEMAS DE LIQUIDAÇÃO; 0000000000111309,94
200505;71027866;BANCO BONSUCESSO S.A.                                       ;U;4010;0014200009;CREDITOS VINCULADOS                               ; 0000000000657671,25
200505;71027866;BANCO BONSUCESSO S.A.                                       ;U;4010;0014400005;RELACOES COM CORRESPONDENTES                      ; 0000000000291131,47
200505;71027866;BANCO BONSUCESSO S.A.                                       ;U;4010;0016000001;OPERACOES DE CREDITO                              ; 0000000155299690,17
200505;71027866;BANCO BONSUCESSO S.A.                                       ;U;4010;0016100004;EMPRESTIMOS E TITULOS DESCONTADOS                 ; 0000000143292017,81
200505;71027866;BANCO BONSUCESSO S.A.                                       ;U;4010;0016200007;FINANCIAMENTOS                                    ; 0000000018125489,94
200505;71027866;BANCO BONSUCESSO S.A.                                       ;U;4010;0016900008;(-) PROVISOES PARA OPERACOES DE CREDITO           ;-0000000006117817,58
200505;71027866;BANCO BONSUCESSO S.A.                                       ;U;4010;0018000009;OUTROS CREDITOS                                   ; 0000000006556041,01
200505;71027866;BANCO BONSUCESSO S.A.                                       ;U;4010;0018800003;DIVERSOS                                          ; 0000000006682013,31
200505;71027866;BANCO BONSUCESSO S.A.                                       ;U;4010;0018900006;(-) PROVISOES PARA OUTROS CREDITOS                ;-0000000000125972,30
200505;71027866;BANCO BONSUCESSO S.A.                                       ;U;4010;0019000008;OUTROS VALORES E BENS                             ; 0000000000085502,00
200505;71027866;BANCO BONSUCESSO S.A.                                       ;U;4010;0019900005;DESPESAS ANTECIPADAS                              ; 0000000000085502,00
200505;71027866;BANCO BONSUCESSO S.A.                                       ;U;4010;0020000004;PERMANENTE                                        ; 0000000021494802,09
200505;71027866;BANCO BONSUCESSO S.A.                                       ;U;4010;0021000003;INVESTIMENTOS                                     ; 0000000019460140,45
200505;71027866;BANCO BONSUCESSO S.A.                                       ;U;4010;0021200009;PARTICIPACOES EM COLIGADAS E CONTROLADAS NO PAIS  ; 0000000019411779,44
200505;71027866;BANCO BONSUCESSO S.A.                                       ;U;4010;0021400005;TITULOS PATRIMONIAIS                              ; 0000000000002500,00
200505;71027866;BANCO BONSUCESSO S.A.                                       ;U;4010;0021900000;OUTROS INVESTIMENTOS                              ; 0000000000045861,01
200505;71027866;BANCO BONSUCESSO S.A.                                       ;U;4010;0022000002;IMOBILIZADO DE USO                                ; 0000000001545367,18
200505;71027866;BANCO BONSUCESSO S.A.                                       ;U;4010;0022400004;INSTALACOES, MOVEIS E EQUIPAMENTOS DE USO         ; 0000000000660084,61
200505;71027866;BANCO BONSUCESSO S.A.                                       ;U;4010;0022900009;OUTROS                                            ; 0000000000885282,57
200505;71027866;BANCO BONSUCESSO S.A.                                       ;U;4010;0024000000;DIFERIDO                                          ; 0000000000489294,46
200505;71027866;BANCO BONSUCESSO S.A.                                       ;U;4010;0024100003;GASTOS DE ORGANIZACAO E EXPANSAO                  ; 0000000000489294,46
200505;71027866;BANCO BONSUCESSO S.A.                                       ;U;4010;0030000001;COMPENSACAO                                       ; 0000001487872659,01
200505;71027866;BANCO BONSUCESSO S.A.                                       ;U;4010;0030100004;COOBRIGACOES E RISCOS EM GARANTIAS PRESTADAS      ; 0000000008408317,69
200505;71027866;BANCO BONSUCESSO S.A.                                       ;U;4010;0030300000;TITULOS E VALORES MOBILIARIOS                     ; 0000000056177940,23
200505;71027866;BANCO BONSUCESSO S.A.                                       ;U;4010;0030400003;CUSTODIA DE VALORES                               ; 0000000972454098,44
200505;71027866;BANCO BONSUCESSO S.A.                                       ;U;4010;0030500006;COBRANCA                                          ; 0000000082893427,99
200505;71027866;BANCO BONSUCESSO S.A.                                       ;U;4010;0030900008;CONTROLE                                          ; 0000000206521366,91
200505;71027866;BANCO BONSUCESSO S.A.                                       ;U;4010;0031000000;CLASSIFICACAO DA CARTEIRA DE CREDITOS             ; 0000000161417507,75
200505;71027866;BANCO BONSUCESSO S.A.                                       ;U;4010;0031100003;OPERACOES DE RISCO NIVEL AA                       ; 0000000003506995,27
200505;71027866;BANCO BONSUCESSO S.A.                                       ;U;4010;0031200006;OPERACOES DE RISCO NIVEL A                        ; 0000000127737931,15
200505;71027866;BANCO BONSUCESSO S.A.                                       ;U;4010;0031300009;OPERACOES DE RISCO NIVELB                         ; 0000000017391887,73
200505;71027866;BANCO BONSUCESSO S.A.                                       ;U;4010;0031400002;OPERACOES DE RISCO NIVELC                         ; 0000000004712136,25
200505;71027866;BANCO BONSUCESSO S.A.                                       ;U;4010;0031500005;OPERACOES DE RISCO NIVEL D                        ; 0000000001851779,50
200505;71027866;BANCO BONSUCESSO S.A.                                       ;U;4010;0031600008;OPERACOES DE RISCO NIVEL E                        ; 0000000001047891,06
200505;71027866;BANCO BONSUCESSO S.A.                                       ;U;4010;0031700001;OPERACOES DE RISCO NIVEL F                        ; 0000000000795053,42
200505;71027866;BANCO BONSUCESSO S.A.                                       ;U;4010;0031800004;OPERACOES DE RISCO NIVEL G                        ; 0000000000356867,99
200505;71027866;BANCO BONSUCESSO S.A.                                       ;U;4010;0031900007;OPERACOES DE RISCO NIVEL H                        ; 0000000004016965,38
200505;71027866;BANCO BONSUCESSO S.A.                                       ;U;4010;0039999993;TOTAL GERAL DO ATIVO                              ; 0000001756776430,23
200505;71027866;BANCO BONSUCESSO S.A.                                       ;U;4010;0040000008;CIRCULANTE EXIGIVEL A LONGO PRAZO                 ; 0000000203001249,26
200505;71027866;BANCO BONSUCESSO S.A.                                       ;U;4010;0041000007;DEPOSITOS                                         ; 0000000163997085,14
200505;71027866;BANCO BONSUCESSO S.A.                                       ;U;4010;0041100000;DEPOSITOS A VISTA                                 ; 0000000006965357,86
200505;71027866;BANCO BONSUCESSO S.A.                                       ;U;4010;0041300006;DEPOSITOS INTERFINANCEIROS                        ; 0000000003702026,48
200505;71027866;BANCO BONSUCESSO S.A.                                       ;U;4010;0041500002;DEPOSITOS A PRAZO                                 ; 0000000153328200,80
200505;71027866;BANCO BONSUCESSO S.A.                                       ;U;4010;0041900004;OUTROS DEPOSITOS                                  ; 0000000000001500,00
200505;71027866;BANCO BONSUCESSO S.A.                                       ;U;4010;0044000004;RELACOES INTERFINANCEIRAS                         ; 0000000000273248,77
200505;71027866;BANCO BONSUCESSO S.A.                                       ;U;4010;0044100007;OBRIGAÇÕES JUNTO A PARTIC. DE SIST. DE LIQUIDACÃO ; 0000000000273248,77
200505;71027866;BANCO BONSUCESSO S.A.                                       ;U;4010;0046000002;OBRIGACOES POR EMPRESTIMOS E REPASSES             ; 0000000018007126,60
200505;71027866;BANCO BONSUCESSO S.A.                                       ;U;4010;0046400004;REPASSES DO PAIS - INSTITUICOES OFICIAIS          ; 0000000018007126,60
200505;71027866;BANCO BONSUCESSO S.A.                                       ;U;4010;0049000009;OUTRAS OBRIGACOES                                 ; 0000000020723788,75
200505;71027866;BANCO BONSUCESSO S.A.                                       ;U;4010;0049100002;COBRANCA E ARRECADACAO DE TRIBUTOS E ASSEMELHADOS ; 0000000000180960,45
200505;71027866;BANCO BONSUCESSO S.A.                                       ;U;4010;0049400001;FISCAIS E PREVIDENCIARIAS                         ; 0000000011025227,64
200505;71027866;BANCO BONSUCESSO S.A.                                       ;U;4010;0049900006;DIVERSAS                                          ; 0000000009517600,66
200505;71027866;BANCO BONSUCESSO S.A.                                       ;U;4010;0060000002;PATRIMONIO LIQUIDO                                ; 0000000037446738,87
200505;71027866;BANCO BONSUCESSO S.A.                                       ;U;4010;0061000001;PATRIMONIO LIQUIDO                                ; 0000000037446738,87
200505;71027866;BANCO BONSUCESSO S.A.                                       ;U;4010;0061100004;CAPITAL SOCIAL                                    ; 0000000030000000,00
200505;71027866;BANCO BONSUCESSO S.A.                                       ;U;4010;0061500006;RESERVAS DE LUCROS                                ; 0000000007446602,86
200505;71027866;BANCO BONSUCESSO S.A.                                       ;U;4010;0061600009;AJUSTES DE AVALIACAO PATRIMONIAL                  ; 0000000000000136,01
200505;71027866;BANCO BONSUCESSO S.A.                                       ;U;4010;0070000009;CONTAS DE RESULTADO CREDORAS                      ; 0000000094781348,69
200505;71027866;BANCO BONSUCESSO S.A.                                       ;U;4010;0071000008;RECEITAS OPERACIONAIS                             ; 0000000094760785,22
200505;71027866;BANCO BONSUCESSO S.A.                                       ;U;4010;0071100001;RENDAS DE OPERACOES DE CREDITO                    ; 0000000072216481,45
200505;71027866;BANCO BONSUCESSO S.A.                                       ;U;4010;0071400000;RENDAS DE APLICACOES INTERFINANCEIRAS DE LIQUIDEZ ; 0000000002728621,76
200505;71027866;BANCO BONSUCESSO S.A.                                       ;U;4010;0071500003;RENDAS COM TIT. E VAL. MOB. E INST. FINANC. DERIV.; 0000000005591440,53
200505;71027866;BANCO BONSUCESSO S.A.                                       ;U;4010;0071700009;RENDAS DE PRESTACAO DE SERVICOS                   ; 0000000007660005,17
200505;71027866;BANCO BONSUCESSO S.A.                                       ;U;4010;0071800002;RENDAS DE PARTICIPACOES                           ; 0000000006405108,90
200505;71027866;BANCO BONSUCESSO S.A.                                       ;U;4010;0071900005;OUTRAS RECEITAS OPERACIONAIS                      ; 0000000000159127,41
200505;71027866;BANCO BONSUCESSO S.A.                                       ;U;4010;0073000006;RECEITAS NAO OPERACIONAIS                         ; 0000000000020563,47
200505;71027866;BANCO BONSUCESSO S.A.                                       ;U;4010;0073100009;LUCROS EM TRANSACOES COM VALORES E BENS           ; 0000000000020563,47
200505;71027866;BANCO BONSUCESSO S.A.                                       ;U;4010;0080000006;(-) CONTAS DE RESULTADO DEVEDORAS                 ;-0000000066325565,60
200505;71027866;BANCO BONSUCESSO S.A.                                       ;U;4010;0081000005;(-) DESPESAS OPERACIONAIS                         ;-0000000054726295,26
200505;71027866;BANCO BONSUCESSO S.A.                                       ;U;4010;0081100008;(-) DESPESAS DE CAPTACAO                          ;-0000000010926247,51
200505;71027866;BANCO BONSUCESSO S.A.                                       ;U;4010;0081200001;(-) DESP DE OBRIGACOES POR EMPRESTIMOS E REPASSES ;-0000000000679040,97
200505;71027866;BANCO BONSUCESSO S.A.                                       ;U;4010;0081500000;(-) DESP. COM TIT. E VAL. MOB. E INST. FIN. DERIV.;-0000000000226753,22
200505;71027866;BANCO BONSUCESSO S.A.                                       ;U;4010;0081600003;(-) DESPESAS DE PARTICIPACOES                     ;-0000000000102476,02
200505;71027866;BANCO BONSUCESSO S.A.                                       ;U;4010;0081700006;(-) DESPESAS ADMINISTRATIVAS                      ;-0000000036358126,65
200505;71027866;BANCO BONSUCESSO S.A.                                       ;U;4010;0081800009;(-) APROVISIONAMENTOS E AJUSTES PATRIMONIAIS      ;-0000000002264560,03
200505;71027866;BANCO BONSUCESSO S.A.                                       ;U;4010;0081900002;(-) OUTRAS DESPESAS OPERACIONAIS                  ;-0000000004169090,86
200505;71027866;BANCO BONSUCESSO S.A.                                       ;U;4010;0083000003;(-) DESPESAS NAO OPERACIONAIS                     ;-0000000000086623,93
200505;71027866;BANCO BONSUCESSO S.A.                                       ;U;4010;0083900000;(-) OUTRAS DESPESAS NAO OPERACIONAIS              ;-0000000000086623,93
200505;71027866;BANCO BONSUCESSO S.A.                                       ;U;4010;0089000007;(-) APURACAO DE RESULTADO                         ;-0000000011512646,41
200505;71027866;BANCO BONSUCESSO S.A.                                       ;U;4010;0089400009;(-) IMPOSTO DE RENDA                              ;-0000000011512646,41
200505;71027866;BANCO BONSUCESSO S.A.                                       ;U;4010;0090000003;COMPENSACAO                                       ; 0000001487872659,01
200505;71027866;BANCO BONSUCESSO S.A.                                       ;U;4010;0090100006;COOBRIGACOES E RISCOS EM GARANTIAS PRESTADAS      ; 0000000008408317,69
200505;71027866;BANCO BONSUCESSO S.A.                                       ;U;4010;0090300002;TITULOS E VALORES MOBILIARIOS                     ; 0000000056177940,23
200505;71027866;BANCO BONSUCESSO S.A.                                       ;U;4010;0090400005;CUSTODIA DE VALORES                               ; 0000000972454098,44
200505;71027866;BANCO BONSUCESSO S.A.                                       ;U;4010;0090500008;COBRANCA                                          ; 0000000082893427,99
200505;71027866;BANCO BONSUCESSO S.A.                                       ;U;4010;0090900000;CONTROLE                                          ; 0000000206521366,91
200505;71027866;BANCO BONSUCESSO S.A.                                       ;U;4010;0091000002;CLASSIFICACAO DA CARTEIRA DE CREDITOS             ; 0000000161417507,75
200505;71027866;BANCO BONSUCESSO S.A.                                       ;U;4010;0091100005;OPERACOES DE CREDITOS E ARRENDAMENTO MERCANTIL    ; 0000000161417507,75
200505;71027866;BANCO BONSUCESSO S.A.                                       ;U;4010;0099999995;TOTAL GERAL DO PASSIVO                            ; 0000001756776430,23
200505;74828799;NBC BANK BRASIL S. A.                                       ;U;4010;0010000007;CIRCULANTE E REALIZAVEL A LONGO PRAZO             ; 0000000220907450,37
200505;74828799;NBC BANK BRASIL S. A.                                       ;U;4010;0011000006;DISPONIBILIDADES                                  ; 0000000001268028,16
200505;74828799;NBC BANK BRASIL S. A.                                       ;U;4010;0011100009;CAIXA                                             ; 0000000000043097,56
200505;74828799;NBC BANK BRASIL S. A.                                       ;U;4010;0011300005;RESERVAS LIVRES                                   ; 0000000000197546,74
200505;74828799;NBC BANK BRASIL S. A.                                       ;U;4010;0011500001;DISPONIBILIDADES EM MOEDAS ESTRANGEIRAS           ; 0000000001027383,86
200505;74828799;NBC BANK BRASIL S. A.                                       ;U;4010;0012000005;APLICACOES INTERFINANCEIRAS DE LIQUIDEZ           ; 0000000000402953,14
200505;74828799;NBC BANK BRASIL S. A.                                       ;U;4010;0012200001;APLICACOES EM DEPOSITOS INTERFINANCEIROS          ; 0000000000402953,14
200505;74828799;NBC BANK BRASIL S. A.                                       ;U;4010;0013000004;TITULOS E VAL. MOB. E INST. FINANC. DERIVATIVOS   ; 0000000106699175,16
200505;74828799;NBC BANK BRASIL S. A.                                       ;U;4010;0013100007;LIVRES                                            ; 0000000023382215,13
200505;74828799;NBC BANK BRASIL S. A.                                       ;U;4010;0013200000;VINCULADOS A OPERACOES COMPROMISSADAS             ; 0000000079590680,47
200505;74828799;NBC BANK BRASIL S. A.                                       ;U;4010;0013300003;INSTRUMENTOS FINANCEIROS DERIVATIVOS              ; 0000000000995601,26
200505;74828799;NBC BANK BRASIL S. A.                                       ;U;4010;0013600002;VINCULADOS A PRESTACAO DE GARANTIAS               ; 0000000002730678,30
200505;74828799;NBC BANK BRASIL S. A.                                       ;U;4010;0014000003;RELACOES INTERFINANCEIRAS                         ; 0000000002052687,40
200505;74828799;NBC BANK BRASIL S. A.                                       ;U;4010;0014100006;DIREITOS JUNTO A PARTIC. DE SISTEMAS DE LIQUIDAÇÃO; 0000000000062361,14
200505;74828799;NBC BANK BRASIL S. A.                                       ;U;4010;0014200009;CREDITOS VINCULADOS                               ; 0000000000882874,42
200505;74828799;NBC BANK BRASIL S. A.                                       ;U;4010;0014400005;RELACOES COM CORRESPONDENTES                      ; 0000000001107451,84
200505;74828799;NBC BANK BRASIL S. A.                                       ;U;4010;0016000001;OPERACOES DE CREDITO                              ; 0000000098389652,62
200505;74828799;NBC BANK BRASIL S. A.                                       ;U;4010;0016100004;EMPRESTIMOS E TITULOS DESCONTADOS                 ; 0000000099968351,24
200505;74828799;NBC BANK BRASIL S. A.                                       ;U;4010;0016200007;FINANCIAMENTOS                                    ; 0000000016926639,30
200505;74828799;NBC BANK BRASIL S. A.                                       ;U;4010;0016900008;(-) PROVISOES PARA OPERACOES DE CREDITO           ;-0000000018505337,92
200505;74828799;NBC BANK BRASIL S. A.                                       ;U;4010;0017000000;OPERACOES DE ARRENDAMENTO MERCANTIL               ;-0000000000572935,14
200505;74828799;NBC BANK BRASIL S. A.                                       ;U;4010;0017900007;(-) PROVISOES PARA OPER. DE ARRENDAMENTO MERCANTIL;-0000000000572935,14
200505;74828799;NBC BANK BRASIL S. A.                                       ;U;4010;0018000009;OUTROS CREDITOS                                   ; 0000000011695449,82
200505;74828799;NBC BANK BRASIL S. A.                                       ;U;4010;0018200005;CARTEIRA DE CAMBIO                                ; 0000000001802250,00
200505;74828799;NBC BANK BRASIL S. A.                                       ;U;4010;0018400001;NEGOCIACAO E INTERMEDIACAO DE VALORES             ; 0000000000159764,00
200505;74828799;NBC BANK BRASIL S. A.                                       ;U;4010;0018800003;DIVERSOS                                          ; 0000000012062006,60
200505;74828799;NBC BANK BRASIL S. A.                                       ;U;4010;0018900006;(-) PROVISOES PARA OUTROS CREDITOS                ;-0000000002328570,78
200505;74828799;NBC BANK BRASIL S. A.                                       ;U;4010;0019000008;OUTROS VALORES E BENS                             ; 0000000000972439,21
200505;74828799;NBC BANK BRASIL S. A.                                       ;U;4010;0019800002;OUTROS VALORES E BENS                             ; 0000000000465654,03
200505;74828799;NBC BANK BRASIL S. A.                                       ;U;4010;0019900005;DESPESAS ANTECIPADAS                              ; 0000000000506785,18
200505;74828799;NBC BANK BRASIL S. A.                                       ;U;4010;0020000004;PERMANENTE                                        ; 0000000004660979,54
200505;74828799;NBC BANK BRASIL S. A.                                       ;U;4010;0021000003;INVESTIMENTOS                                     ; 0000000000201148,03
200505;74828799;NBC BANK BRASIL S. A.                                       ;U;4010;0021400005;TITULOS PATRIMONIAIS                              ; 0000000000201035,55
200505;74828799;NBC BANK BRASIL S. A.                                       ;U;4010;0021500008;ACOES E COTAS                                     ; 0000000000000112,48
200505;74828799;NBC BANK BRASIL S. A.                                       ;U;4010;0022000002;IMOBILIZADO DE USO                                ; 0000000001735811,67
200505;74828799;NBC BANK BRASIL S. A.                                       ;U;4010;0022200008;IMOBILIZACOES EM CURSO                            ; 0000000000053739,64
200505;74828799;NBC BANK BRASIL S. A.                                       ;U;4010;0022300001;IMOVEIS DE USO                                    ; 0000000000921492,32
200505;74828799;NBC BANK BRASIL S. A.                                       ;U;4010;0022400004;INSTALACOES, MOVEIS E EQUIPAMENTOS DE USO         ; 0000000000312225,44
200505;74828799;NBC BANK BRASIL S. A.                                       ;U;4010;0022900009;OUTROS                                            ; 0000000000448354,27
200505;74828799;NBC BANK BRASIL S. A.                                       ;U;4010;0023000001;IMOBILIZADO DE ARRENDAMENTO                       ; 0000000002547392,86
200505;74828799;NBC BANK BRASIL S. A.                                       ;U;4010;0023200007;BENS ARRENDADOS - ARRENDAMENTO FINANCEIRO         ; 0000000002547392,86
200505;74828799;NBC BANK BRASIL S. A.                                       ;U;4010;0024000000;DIFERIDO                                          ; 0000000000176626,98
200505;74828799;NBC BANK BRASIL S. A.                                       ;U;4010;0024100003;GASTOS DE ORGANIZACAO E EXPANSAO                  ; 0000000000176626,98
200505;74828799;NBC BANK BRASIL S. A.                                       ;U;4010;0030000001;COMPENSACAO                                       ; 0000000852659154,09
200505;74828799;NBC BANK BRASIL S. A.                                       ;U;4010;0030100004;COOBRIGACOES E RISCOS EM GARANTIAS PRESTADAS      ; 0000000000683877,82
200505;74828799;NBC BANK BRASIL S. A.                                       ;U;4010;0030300000;TITULOS E VALORES MOBILIARIOS                     ; 0000000208229511,49
200505;74828799;NBC BANK BRASIL S. A.                                       ;U;4010;0030400003;CUSTODIA DE VALORES                               ; 0000000240386780,15
200505;74828799;NBC BANK BRASIL S. A.                                       ;U;4010;0030500006;COBRANCA                                          ; 0000000097320878,69
200505;74828799;NBC BANK BRASIL S. A.                                       ;U;4010;0030600009;NEGOCIACAO E INTERMEDIACAO DE VALORES             ; 0000000019341030,63
200505;74828799;NBC BANK BRASIL S. A.                                       ;U;4010;0030800005;CONTRATOS                                         ; 0000000033799813,00
200505;74828799;NBC BANK BRASIL S. A.                                       ;U;4010;0030900008;CONTROLE                                          ; 0000000131700763,75
200505;74828799;NBC BANK BRASIL S. A.                                       ;U;4010;0031000000;CLASSIFICACAO DA CARTEIRA DE CREDITOS             ; 0000000121196498,56
200505;74828799;NBC BANK BRASIL S. A.                                       ;U;4010;0031100003;OPERACOES DE RISCO NIVEL AA                       ; 0000000028093116,61
200505;74828799;NBC BANK BRASIL S. A.                                       ;U;4010;0031200006;OPERACOES DE RISCO NIVEL A                        ; 0000000020725735,56
200505;74828799;NBC BANK BRASIL S. A.                                       ;U;4010;0031300009;OPERACOES DE RISCO NIVELB                         ; 0000000022445753,16
200505;74828799;NBC BANK BRASIL S. A.                                       ;U;4010;0031400002;OPERACOES DE RISCO NIVELC                         ; 0000000008263807,46
200505;74828799;NBC BANK BRASIL S. A.                                       ;U;4010;0031500005;OPERACOES DE RISCO NIVEL D                        ; 0000000007422084,88
200505;74828799;NBC BANK BRASIL S. A.                                       ;U;4010;0031600008;OPERACOES DE RISCO NIVEL E                        ; 0000000015361989,39
200505;74828799;NBC BANK BRASIL S. A.                                       ;U;4010;0031700001;OPERACOES DE RISCO NIVEL F                        ; 0000000000067702,80
200505;74828799;NBC BANK BRASIL S. A.                                       ;U;4010;0031800004;OPERACOES DE RISCO NIVEL G                        ; 0000000011233721,43
200505;74828799;NBC BANK BRASIL S. A.                                       ;U;4010;0031900007;OPERACOES DE RISCO NIVEL H                        ; 0000000007582587,27
200505;74828799;NBC BANK BRASIL S. A.                                       ;U;4010;0039999993;TOTAL GERAL DO ATIVO                              ; 0000001078227584,00
200505;74828799;NBC BANK BRASIL S. A.                                       ;U;4010;0040000008;CIRCULANTE EXIGIVEL A LONGO PRAZO                 ; 0000000178733340,03
200505;74828799;NBC BANK BRASIL S. A.                                       ;U;4010;0041000007;DEPOSITOS                                         ; 0000000008862583,00
200505;74828799;NBC BANK BRASIL S. A.                                       ;U;4010;0041100000;DEPOSITOS A VISTA                                 ; 0000000003496543,64
200505;74828799;NBC BANK BRASIL S. A.                                       ;U;4010;0041500002;DEPOSITOS A PRAZO                                 ; 0000000005366039,36
200505;74828799;NBC BANK BRASIL S. A.                                       ;U;4010;0042000006;OBRIGACOES POR OPERACOES COMPROMISSADAS           ; 0000000076000629,55
200505;74828799;NBC BANK BRASIL S. A.                                       ;U;4010;0042100009;CARTEIRA PROPRIA                                  ; 0000000076000629,55
200505;74828799;NBC BANK BRASIL S. A.                                       ;U;4010;0044000004;RELACOES INTERFINANCEIRAS                         ; 0000000000094109,87
200505;74828799;NBC BANK BRASIL S. A.                                       ;U;4010;0044100007;OBRIGAÇÕES JUNTO A PARTIC. DE SIST. DE LIQUIDACÃO ; 0000000000094109,87
200505;74828799;NBC BANK BRASIL S. A.                                       ;U;4010;0046000002;OBRIGACOES POR EMPRESTIMOS E REPASSES             ; 0000000077789548,32
200505;74828799;NBC BANK BRASIL S. A.                                       ;U;4010;0046300001;EMPRESTIMOS NO EXTERIOR                           ; 0000000068082539,73
200505;74828799;NBC BANK BRASIL S. A.                                       ;U;4010;0046400004;REPASSES DO PAIS - INSTITUICOES OFICIAIS          ; 0000000009707008,59
200505;74828799;NBC BANK BRASIL S. A.                                       ;U;4010;0047000001;INSTRUMENTOS FINANCEIROS DERIVATIVOS              ; 0000000000059747,80
200505;74828799;NBC BANK BRASIL S. A.                                       ;U;4010;0047100004;INSTRUMENTOS FINANCEIROS DERIVATIVOS              ; 0000000000059747,80
200505;74828799;NBC BANK BRASIL S. A.                                       ;U;4010;0049000009;OUTRAS OBRIGACOES                                 ; 0000000015926721,49
200505;74828799;NBC BANK BRASIL S. A.                                       ;U;4010;0049100002;COBRANCA E ARRECADACAO DE TRIBUTOS E ASSEMELHADOS ; 0000000000010762,60
200505;74828799;NBC BANK BRASIL S. A.                                       ;U;4010;0049400001;FISCAIS E PREVIDENCIARIAS                         ; 0000000000568222,11
200505;74828799;NBC BANK BRASIL S. A.                                       ;U;4010;0049500004;NEGOCIACAO E INTERMEDIACAO DE VALORES             ; 0000000000025029,00
200505;74828799;NBC BANK BRASIL S. A.                                       ;U;4010;0049900006;DIVERSAS                                          ; 0000000015322707,78
200505;74828799;NBC BANK BRASIL S. A.                                       ;U;4010;0050000005;RESULTADOS DE EXERCICIOS FUTUROS                  ; 0000000000028092,93
200505;74828799;NBC BANK BRASIL S. A.                                       ;U;4010;0051000004;RECEITAS DE EXERCICIOS FUTUROS                    ; 0000000000028092,93
200505;74828799;NBC BANK BRASIL S. A.                                       ;U;4010;0051100007;RECEITAS DE EXERCICIOS FUTUROS                    ; 0000000000028092,93
200505;74828799;NBC BANK BRASIL S. A.                                       ;U;4010;0060000002;PATRIMONIO LIQUIDO                                ; 0000000050327384,50
200505;74828799;NBC BANK BRASIL S. A.                                       ;U;4010;0061000001;PATRIMONIO LIQUIDO                                ; 0000000050327384,50
200505;74828799;NBC BANK BRASIL S. A.                                       ;U;4010;0061100004;CAPITAL SOCIAL                                    ; 0000000051491500,00
200505;74828799;NBC BANK BRASIL S. A.                                       ;U;4010;0061300000;RESERVAS DE CAPITAL                               ; 0000000000199035,55
200505;74828799;NBC BANK BRASIL S. A.                                       ;U;4010;0061500006;RESERVAS DE LUCROS                                ; 0000000002315466,69
200505;74828799;NBC BANK BRASIL S. A.                                       ;U;4010;0061600009;AJUSTES DE AVALIACAO PATRIMONIAL                  ; 0000000001027576,82
200505;74828799;NBC BANK BRASIL S. A.                                       ;U;4010;0061800005;LUCROS OU PREJUIZOS ACUMULADOS                    ;-0000000004706194,56
200505;74828799;NBC BANK BRASIL S. A.                                       ;U;4010;0070000009;CONTAS DE RESULTADO CREDORAS                      ; 0000000037561242,49
200505;74828799;NBC BANK BRASIL S. A.                                       ;U;4010;0071000008;RECEITAS OPERACIONAIS                             ; 0000000028803063,93
200505;74828799;NBC BANK BRASIL S. A.                                       ;U;4010;0071100001;RENDAS DE OPERACOES DE CREDITO                    ; 0000000009525191,68
200505;74828799;NBC BANK BRASIL S. A.                                       ;U;4010;0071200004;RENDAS DE ARRENDAMENTO MERCANTIL                  ; 0000000000757160,95
200505;74828799;NBC BANK BRASIL S. A.                                       ;U;4010;0071300007;RENDAS DE CAMBIO                                  ; 0000000001626704,72
200505;74828799;NBC BANK BRASIL S. A.                                       ;U;4010;0071400000;RENDAS DE APLICACOES INTERFINANCEIRAS DE LIQUIDEZ ; 0000000000151508,99
200505;74828799;NBC BANK BRASIL S. A.                                       ;U;4010;0071500003;RENDAS COM TIT. E VAL. MOB. E INST. FINANC. DERIV.; 0000000005940701,50
200505;74828799;NBC BANK BRASIL S. A.                                       ;U;4010;0071700009;RENDAS DE PRESTACAO DE SERVICOS                   ; 0000000000149287,84
200505;74828799;NBC BANK BRASIL S. A.                                       ;U;4010;0071900005;OUTRAS RECEITAS OPERACIONAIS                      ; 0000000010652508,25
200505;74828799;NBC BANK BRASIL S. A.                                       ;U;4010;0073000006;RECEITAS NAO OPERACIONAIS                         ; 0000000000021386,50
200505;74828799;NBC BANK BRASIL S. A.                                       ;U;4010;0073100009;LUCROS EM TRANSACOES COM VALORES E BENS           ; 0000000000009500,00
200505;74828799;NBC BANK BRASIL S. A.                                       ;U;4010;0073900003;OUTRAS RECEITAS NAO OPERACIONAIS                  ; 0000000000011886,50
200505;74828799;NBC BANK BRASIL S. A.                                       ;U;4010;0078000001;RATEIO DE RESULTADOS INTERNOS                     ; 0000000008736792,06
200505;74828799;NBC BANK BRASIL S. A.                                       ;U;4010;0078100004;RATEIO DE RESULTADOS INTERNOS                     ; 0000000008736792,06
200505;74828799;NBC BANK BRASIL S. A.                                       ;U;4010;0080000006;(-) CONTAS DE RESULTADO DEVEDORAS                 ;-0000000041081630,04
200505;74828799;NBC BANK BRASIL S. A.                                       ;U;4010;0081000005;(-) DESPESAS OPERACIONAIS                         ;-0000000033926855,80
200505;74828799;NBC BANK BRASIL S. A.                                       ;U;4010;0081100008;(-) DESPESAS DE CAPTACAO                          ;-0000000006555610,22
200505;74828799;NBC BANK BRASIL S. A.                                       ;U;4010;0081200001;(-) DESP DE OBRIGACOES POR EMPRESTIMOS E REPASSES ;-0000000002623216,64
200505;74828799;NBC BANK BRASIL S. A.                                       ;U;4010;0081300004;(-) DESPESAS DE ARRENDAMENTO MERCANTIL            ;-0000000000478457,50
200505;74828799;NBC BANK BRASIL S. A.                                       ;U;4010;0081400007;(-) DESPESAS DE CAMBIO                            ;-0000000000939520,82
200505;74828799;NBC BANK BRASIL S. A.                                       ;U;4010;0081500000;(-) DESP. COM TIT. E VAL. MOB. E INST. FIN. DERIV.;-0000000002608775,52
200505;74828799;NBC BANK BRASIL S. A.                                       ;U;4010;0081700006;(-) DESPESAS ADMINISTRATIVAS                      ;-0000000006243882,29
200505;74828799;NBC BANK BRASIL S. A.                                       ;U;4010;0081800009;(-) APROVISIONAMENTOS E AJUSTES PATRIMONIAIS      ;-0000000001738077,15
200505;74828799;NBC BANK BRASIL S. A.                                       ;U;4010;0081900002;(-) OUTRAS DESPESAS OPERACIONAIS                  ;-0000000012739315,66
200505;74828799;NBC BANK BRASIL S. A.                                       ;U;4010;0083000003;(-) DESPESAS NAO OPERACIONAIS                     ;-0000000000180000,00
200505;74828799;NBC BANK BRASIL S. A.                                       ;U;4010;0083100006;(-) PREJUIZOS EM TRANSACOES COM VALORES E BENS    ;-0000000000180000,00
200505;74828799;NBC BANK BRASIL S. A.                                       ;U;4010;0088000008;(-) RATEIO DE RESULTADOS INTERNOS                 ;-0000000008736792,06
200505;74828799;NBC BANK BRASIL S. A.                                       ;U;4010;0088100001;(-) RATEIO DE RESULTADOS INTERNOS                 ;-0000000008736792,06
200505;74828799;NBC BANK BRASIL S. A.                                       ;U;4010;0089000007;(-) APURACAO DE RESULTADO                         ; 0000000001762017,82
200505;74828799;NBC BANK BRASIL S. A.                                       ;U;4010;0089400009;(-) IMPOSTO DE RENDA                              ; 0000000001762017,82
200505;74828799;NBC BANK BRASIL S. A.                                       ;U;4010;0090000003;COMPENSACAO                                       ; 0000000852659154,09
200505;74828799;NBC BANK BRASIL S. A.                                       ;U;4010;0090100006;COOBRIGACOES E RISCOS EM GARANTIAS PRESTADAS      ; 0000000000683877,82
200505;74828799;NBC BANK BRASIL S. A.                                       ;U;4010;0090300002;TITULOS E VALORES MOBILIARIOS                     ; 0000000208229511,49
200505;74828799;NBC BANK BRASIL S. A.                                       ;U;4010;0090400005;CUSTODIA DE VALORES                               ; 0000000240386780,15
200505;74828799;NBC BANK BRASIL S. A.                                       ;U;4010;0090500008;COBRANCA                                          ; 0000000097320878,69
200505;74828799;NBC BANK BRASIL S. A.                                       ;U;4010;0090600001;NEGOCIACAO E INTERMEDIACAO DE VALORES             ; 0000000019341030,63
200505;74828799;NBC BANK BRASIL S. A.                                       ;U;4010;0090800007;CONTRATOS                                         ; 0000000033799813,00
200505;74828799;NBC BANK BRASIL S. A.                                       ;U;4010;0090900000;CONTROLE                                          ; 0000000131700763,75
200505;74828799;NBC BANK BRASIL S. A.                                       ;U;4010;0091000002;CLASSIFICACAO DA CARTEIRA DE CREDITOS             ; 0000000121196498,56
200505;74828799;NBC BANK BRASIL S. A.                                       ;U;4010;0091100005;OPERACOES DE CREDITOS E ARRENDAMENTO MERCANTIL    ; 0000000121196498,56
200505;74828799;NBC BANK BRASIL S. A.                                       ;U;4010;0099999995;TOTAL GERAL DO PASSIVO                            ; 0000001078227584,00
200505;75647891;BCO CALYON S.A.                                             ;U;4010;0010000007;CIRCULANTE E REALIZAVEL A LONGO PRAZO             ; 0000000531264362,22
200505;75647891;BCO CALYON S.A.                                             ;U;4010;0011000006;DISPONIBILIDADES                                  ; 0000000008427600,16
200505;75647891;BCO CALYON S.A.                                             ;U;4010;0011300005;RESERVAS LIVRES                                   ; 0000000002398231,71
200505;75647891;BCO CALYON S.A.                                             ;U;4010;0011500001;DISPONIBILIDADES EM MOEDAS ESTRANGEIRAS           ; 0000000006029368,45
200505;75647891;BCO CALYON S.A.                                             ;U;4010;0012000005;APLICACOES INTERFINANCEIRAS DE LIQUIDEZ           ; 0000000102715979,24
200505;75647891;BCO CALYON S.A.                                             ;U;4010;0012100008;APLICACOES EM OPERACOES COMPROMISSADAS            ; 0000000094998825,97
200505;75647891;BCO CALYON S.A.                                             ;U;4010;0012200001;APLICACOES EM DEPOSITOS INTERFINANCEIROS          ; 0000000007717153,27
200505;75647891;BCO CALYON S.A.                                             ;U;4010;0013000004;TITULOS E VAL. MOB. E INST. FINANC. DERIVATIVOS   ; 0000000077386816,30
200505;75647891;BCO CALYON S.A.                                             ;U;4010;0013100007;LIVRES                                            ; 0000000054408099,54
200505;75647891;BCO CALYON S.A.                                             ;U;4010;0013600002;VINCULADOS A PRESTACAO DE GARANTIAS               ; 0000000022978716,76
200505;75647891;BCO CALYON S.A.                                             ;U;4010;0014000003;RELACOES INTERFINANCEIRAS                         ; 0000000000313533,44
200505;75647891;BCO CALYON S.A.                                             ;U;4010;0014100006;DIREITOS JUNTO A PARTIC. DE SISTEMAS DE LIQUIDAÇÃO; 0000000000036833,44
200505;75647891;BCO CALYON S.A.                                             ;U;4010;0014200009;CREDITOS VINCULADOS                               ; 0000000000276662,22
200505;75647891;BCO CALYON S.A.                                             ;U;4010;0014400005;RELACOES COM CORRESPONDENTES                      ; 0000000000000037,78
200505;75647891;BCO CALYON S.A.                                             ;U;4010;0016000001;OPERACOES DE CREDITO                              ; 0000000063105619,90
200505;75647891;BCO CALYON S.A.                                             ;U;4010;0016100004;EMPRESTIMOS E TITULOS DESCONTADOS                 ; 0000000063105640,49
200505;75647891;BCO CALYON S.A.                                             ;U;4010;0016900008;(-) PROVISOES PARA OPERACOES DE CREDITO           ;-0000000000000020,59
200505;75647891;BCO CALYON S.A.                                             ;U;4010;0018000009;OUTROS CREDITOS                                   ; 0000000278879130,72
200505;75647891;BCO CALYON S.A.                                             ;U;4010;0018200005;CARTEIRA DE CAMBIO                                ; 0000000268779617,47
200505;75647891;BCO CALYON S.A.                                             ;U;4010;0018300008;RENDAS A RECEBER                                  ; 0000000005598028,21
200505;75647891;BCO CALYON S.A.                                             ;U;4010;0018400001;NEGOCIACAO E INTERMEDIACAO DE VALORES             ; 0000000001208131,55
200505;75647891;BCO CALYON S.A.                                             ;U;4010;0018800003;DIVERSOS                                          ; 0000000003293353,49
200505;75647891;BCO CALYON S.A.                                             ;U;4010;0019000008;OUTROS VALORES E BENS                             ; 0000000000435682,46
200505;75647891;BCO CALYON S.A.                                             ;U;4010;0019900005;DESPESAS ANTECIPADAS                              ; 0000000000435682,46
200505;75647891;BCO CALYON S.A.                                             ;U;4010;0020000004;PERMANENTE                                        ; 0000000028169362,46
200505;75647891;BCO CALYON S.A.                                             ;U;4010;0021000003;INVESTIMENTOS                                     ; 0000000024370448,98
200505;75647891;BCO CALYON S.A.                                             ;U;4010;0021100006;INVESTIMENTOS NO EXTERIOR                         ; 0000000007091250,28
200505;75647891;BCO CALYON S.A.                                             ;U;4010;0021200009;PARTICIPACOES EM COLIGADAS E CONTROLADAS NO PAIS  ; 0000000017140902,36
200505;75647891;BCO CALYON S.A.                                             ;U;4010;0021400005;TITULOS PATRIMONIAIS                              ; 0000000000024296,34
200505;75647891;BCO CALYON S.A.                                             ;U;4010;0021900000;OUTROS INVESTIMENTOS                              ; 0000000000114000,00
200505;75647891;BCO CALYON S.A.                                             ;U;4010;0022000002;IMOBILIZADO DE USO                                ; 0000000002277911,45
200505;75647891;BCO CALYON S.A.                                             ;U;4010;0022200008;IMOBILIZACOES EM CURSO                            ; 0000000000004570,00
200505;75647891;BCO CALYON S.A.                                             ;U;4010;0022400004;INSTALACOES, MOVEIS E EQUIPAMENTOS DE USO         ; 0000000001071838,17
200505;75647891;BCO CALYON S.A.                                             ;U;4010;0022900009;OUTROS                                            ; 0000000001201503,28
200505;75647891;BCO CALYON S.A.                                             ;U;4010;0024000000;DIFERIDO                                          ; 0000000001521002,03
200505;75647891;BCO CALYON S.A.                                             ;U;4010;0024100003;GASTOS DE ORGANIZACAO E EXPANSAO                  ; 0000000001521002,03
200505;75647891;BCO CALYON S.A.                                             ;U;4010;0030000001;COMPENSACAO                                       ; 0000015134244401,67
200505;75647891;BCO CALYON S.A.                                             ;U;4010;0030100004;COOBRIGACOES E RISCOS EM GARANTIAS PRESTADAS      ; 0000000038355138,08
200505;75647891;BCO CALYON S.A.                                             ;U;4010;0030300000;TITULOS E VALORES MOBILIARIOS                     ; 0000000154773632,60
200505;75647891;BCO CALYON S.A.                                             ;U;4010;0030400003;CUSTODIA DE VALORES                               ; 0000001842313007,69
200505;75647891;BCO CALYON S.A.                                             ;U;4010;0030500006;COBRANCA                                          ; 0000000001420041,46
200505;75647891;BCO CALYON S.A.                                             ;U;4010;0030600009;NEGOCIACAO E INTERMEDIACAO DE VALORES             ; 0000000154116773,25
200505;75647891;BCO CALYON S.A.                                             ;U;4010;0030800005;CONTRATOS                                         ; 0000000000372383,44
200505;75647891;BCO CALYON S.A.                                             ;U;4010;0030900008;CONTROLE                                          ; 0000012807799692,57
200505;75647891;BCO CALYON S.A.                                             ;U;4010;0031000000;CLASSIFICACAO DA CARTEIRA DE CREDITOS             ; 0000000135093732,58
200505;75647891;BCO CALYON S.A.                                             ;U;4010;0031100003;OPERACOES DE RISCO NIVEL AA                       ; 0000000135089614,16
200505;75647891;BCO CALYON S.A.                                             ;U;4010;0031200006;OPERACOES DE RISCO NIVEL A                        ; 0000000000004118,42
200505;75647891;BCO CALYON S.A.                                             ;U;4010;0039999993;TOTAL GERAL DO ATIVO                              ; 0000015693678126,35
200505;75647891;BCO CALYON S.A.                                             ;U;4010;0040000008;CIRCULANTE EXIGIVEL A LONGO PRAZO                 ; 0000000460641243,41
200505;75647891;BCO CALYON S.A.                                             ;U;4010;0041000007;DEPOSITOS                                         ; 0000000027117061,40
200505;75647891;BCO CALYON S.A.                                             ;U;4010;0041100000;DEPOSITOS A VISTA                                 ; 0000000004821574,27
200505;75647891;BCO CALYON S.A.                                             ;U;4010;0041500002;DEPOSITOS A PRAZO                                 ; 0000000022153383,05
200505;75647891;BCO CALYON S.A.                                             ;U;4010;0041900004;OUTROS DEPOSITOS                                  ; 0000000000142104,08
200505;75647891;BCO CALYON S.A.                                             ;U;4010;0043000005;RECURSOS ACEITES CAMB,LI E HIP.,DEBENT.E SIMILARES; 0000000121017750,00
200505;75647891;BCO CALYON S.A.                                             ;U;4010;0043500000;OBRIGACOES P/TITULOS E VALS.MOBILIARIOS EXTERIOR  ; 0000000121017750,00
200505;75647891;BCO CALYON S.A.                                             ;U;4010;0045000003;RELACOES INTERDEPENDENCIAS                        ; 0000000007928674,19
200505;75647891;BCO CALYON S.A.                                             ;U;4010;0045100006;RECURSOS EM TRANSITO DE TERCEIROS                 ; 0000000007928674,19
200505;75647891;BCO CALYON S.A.                                             ;U;4010;0046000002;OBRIGACOES POR EMPRESTIMOS E REPASSES             ; 0000000067675674,97
200505;75647891;BCO CALYON S.A.                                             ;U;4010;0046300001;EMPRESTIMOS NO EXTERIOR                           ; 0000000067675674,97
200505;75647891;BCO CALYON S.A.                                             ;U;4010;0047000001;INSTRUMENTOS FINANCEIROS DERIVATIVOS              ; 0000000000061087,82
200505;75647891;BCO CALYON S.A.                                             ;U;4010;0047100004;INSTRUMENTOS FINANCEIROS DERIVATIVOS              ; 0000000000061087,82
200505;75647891;BCO CALYON S.A.                                             ;U;4010;0049000009;OUTRAS OBRIGACOES                                 ; 0000000236840995,03
200505;75647891;BCO CALYON S.A.                                             ;U;4010;0049100002;COBRANCA E ARRECADACAO DE TRIBUTOS E ASSEMELHADOS ; 0000000000004677,28
200505;75647891;BCO CALYON S.A.                                             ;U;4010;0049200005;CARTEIRA DE CAMBIO                                ; 0000000202150433,02
200505;75647891;BCO CALYON S.A.                                             ;U;4010;0049400001;FISCAIS E PREVIDENCIARIAS                         ; 0000000006472537,82
200505;75647891;BCO CALYON S.A.                                             ;U;4010;0049500004;NEGOCIACAO E INTERMEDIACAO DE VALORES             ; 0000000000597794,84
200505;75647891;BCO CALYON S.A.                                             ;U;4010;0049900006;DIVERSAS                                          ; 0000000027615552,07
200505;75647891;BCO CALYON S.A.                                             ;U;4010;0050000005;RESULTADOS DE EXERCICIOS FUTUROS                  ; 0000000000120597,51
200505;75647891;BCO CALYON S.A.                                             ;U;4010;0051000004;RECEITAS DE EXERCICIOS FUTUROS                    ; 0000000000120597,51
200505;75647891;BCO CALYON S.A.                                             ;U;4010;0051100007;RECEITAS DE EXERCICIOS FUTUROS                    ; 0000000000120597,51
200505;75647891;BCO CALYON S.A.                                             ;U;4010;0060000002;PATRIMONIO LIQUIDO                                ; 0000000103981818,82
200505;75647891;BCO CALYON S.A.                                             ;U;4010;0061000001;PATRIMONIO LIQUIDO                                ; 0000000103981818,82
200505;75647891;BCO CALYON S.A.                                             ;U;4010;0061100004;CAPITAL SOCIAL                                    ; 0000000098525730,00
200505;75647891;BCO CALYON S.A.                                             ;U;4010;0061300000;RESERVAS DE CAPITAL                               ; 0000000000004428,85
200505;75647891;BCO CALYON S.A.                                             ;U;4010;0061500006;RESERVAS DE LUCROS                                ; 0000000001207591,65
200505;75647891;BCO CALYON S.A.                                             ;U;4010;0061800005;LUCROS OU PREJUIZOS ACUMULADOS                    ; 0000000004244068,32
200505;75647891;BCO CALYON S.A.                                             ;U;4010;0070000009;CONTAS DE RESULTADO CREDORAS                      ; 0000000143406254,87
200505;75647891;BCO CALYON S.A.                                             ;U;4010;0071000008;RECEITAS OPERACIONAIS                             ; 0000000143406254,87
200505;75647891;BCO CALYON S.A.                                             ;U;4010;0071100001;RENDAS DE OPERACOES DE CREDITO                    ; 0000000004052499,58
200505;75647891;BCO CALYON S.A.                                             ;U;4010;0071300007;RENDAS DE CAMBIO                                  ; 0000000058052676,23
200505;75647891;BCO CALYON S.A.                                             ;U;4010;0071400000;RENDAS DE APLICACOES INTERFINANCEIRAS DE LIQUIDEZ ; 0000000006172725,46
200505;75647891;BCO CALYON S.A.                                             ;U;4010;0071500003;RENDAS COM TIT. E VAL. MOB. E INST. FINANC. DERIV.; 0000000052592846,01
200505;75647891;BCO CALYON S.A.                                             ;U;4010;0071700009;RENDAS DE PRESTACAO DE SERVICOS                   ; 0000000003694780,69
200505;75647891;BCO CALYON S.A.                                             ;U;4010;0071800002;RENDAS DE PARTICIPACOES                           ; 0000000001196392,81
200505;75647891;BCO CALYON S.A.                                             ;U;4010;0071900005;OUTRAS RECEITAS OPERACIONAIS                      ; 0000000017644334,09
200505;75647891;BCO CALYON S.A.                                             ;U;4010;0080000006;(-) CONTAS DE RESULTADO DEVEDORAS                 ;-0000000148716189,93
200505;75647891;BCO CALYON S.A.                                             ;U;4010;0081000005;(-) DESPESAS OPERACIONAIS                         ;-0000000148716189,93
200505;75647891;BCO CALYON S.A.                                             ;U;4010;0081100008;(-) DESPESAS DE CAPTACAO                          ;-0000000002010727,54
200505;75647891;BCO CALYON S.A.                                             ;U;4010;0081200001;(-) DESP DE OBRIGACOES POR EMPRESTIMOS E REPASSES ;-0000000002086680,43
200505;75647891;BCO CALYON S.A.                                             ;U;4010;0081400007;(-) DESPESAS DE CAMBIO                            ;-0000000046273424,21
200505;75647891;BCO CALYON S.A.                                             ;U;4010;0081500000;(-) DESP. COM TIT. E VAL. MOB. E INST. FIN. DERIV.;-0000000058114086,96
200505;75647891;BCO CALYON S.A.                                             ;U;4010;0081700006;(-) DESPESAS ADMINISTRATIVAS                      ;-0000000015615675,15
200505;75647891;BCO CALYON S.A.                                             ;U;4010;0081800009;(-) APROVISIONAMENTOS E AJUSTES PATRIMONIAIS      ;-0000000000413234,85
200505;75647891;BCO CALYON S.A.                                             ;U;4010;0081900002;(-) OUTRAS DESPESAS OPERACIONAIS                  ;-0000000024202360,79
200505;75647891;BCO CALYON S.A.                                             ;U;4010;0090000003;COMPENSACAO                                       ; 0000015134244401,67
200505;75647891;BCO CALYON S.A.                                             ;U;4010;0090100006;COOBRIGACOES E RISCOS EM GARANTIAS PRESTADAS      ; 0000000038355138,08
200505;75647891;BCO CALYON S.A.                                             ;U;4010;0090300002;TITULOS E VALORES MOBILIARIOS                     ; 0000000154773632,60
200505;75647891;BCO CALYON S.A.                                             ;U;4010;0090400005;CUSTODIA DE VALORES                               ; 0000001842313007,69
200505;75647891;BCO CALYON S.A.                                             ;U;4010;0090500008;COBRANCA                                          ; 0000000001420041,46
200505;75647891;BCO CALYON S.A.                                             ;U;4010;0090600001;NEGOCIACAO E INTERMEDIACAO DE VALORES             ; 0000000154116773,25
200505;75647891;BCO CALYON S.A.                                             ;U;4010;0090800007;CONTRATOS                                         ; 0000000000372383,44
200505;75647891;BCO CALYON S.A.                                             ;U;4010;0090900000;CONTROLE                                          ; 0000012807799692,57
200505;75647891;BCO CALYON S.A.                                             ;U;4010;0091000002;CLASSIFICACAO DA CARTEIRA DE CREDITOS             ; 0000000135093732,58
200505;75647891;BCO CALYON S.A.                                             ;U;4010;0091100005;OPERACOES DE CREDITOS E ARRENDAMENTO MERCANTIL    ; 0000000135093732,58
200505;75647891;BCO CALYON S.A.                                             ;U;4010;0099999995;TOTAL GERAL DO PASSIVO                            ; 0000015693678126,35
200505;76492172;BCO BANESTADO S.A.                                          ;U;4010;0010000007;CIRCULANTE E REALIZAVEL A LONGO PRAZO             ; 0000006752088424,89
200505;76492172;BCO BANESTADO S.A.                                          ;U;4010;0011000006;DISPONIBILIDADES                                  ; 0000000000000645,63
200505;76492172;BCO BANESTADO S.A.                                          ;U;4010;0011300005;RESERVAS LIVRES                                   ; 0000000000000645,63
200505;76492172;BCO BANESTADO S.A.                                          ;U;4010;0012000005;APLICACOES INTERFINANCEIRAS DE LIQUIDEZ           ; 0000005783747486,18
200505;76492172;BCO BANESTADO S.A.                                          ;U;4010;0012100008;APLICACOES EM OPERACOES COMPROMISSADAS            ; 0000000025621663,24
200505;76492172;BCO BANESTADO S.A.                                          ;U;4010;0012200001;APLICACOES EM DEPOSITOS INTERFINANCEIROS          ; 0000005758125822,94
200505;76492172;BCO BANESTADO S.A.                                          ;U;4010;0013000004;TITULOS E VAL. MOB. E INST. FINANC. DERIVATIVOS   ; 0000000554417091,37
200505;76492172;BCO BANESTADO S.A.                                          ;U;4010;0013100007;LIVRES                                            ; 0000000049713298,80
200505;76492172;BCO BANESTADO S.A.                                          ;U;4010;0013200000;VINCULADOS A OPERACOES COMPROMISSADAS             ; 0000000134697514,49
200505;76492172;BCO BANESTADO S.A.                                          ;U;4010;0013300003;INSTRUMENTOS FINANCEIROS DERIVATIVOS              ; 0000000316067602,50
200505;76492172;BCO BANESTADO S.A.                                          ;U;4010;0013600002;VINCULADOS A PRESTACAO DE GARANTIAS               ; 0000000053938675,58
200505;76492172;BCO BANESTADO S.A.                                          ;U;4010;0018000009;OUTROS CREDITOS                                   ; 0000000413923201,71
200505;76492172;BCO BANESTADO S.A.                                          ;U;4010;0018400001;NEGOCIACAO E INTERMEDIACAO DE VALORES             ; 0000000015207414,29
200505;76492172;BCO BANESTADO S.A.                                          ;U;4010;0018800003;DIVERSOS                                          ; 0000000398715787,42
200505;76492172;BCO BANESTADO S.A.                                          ;U;4010;0020000004;PERMANENTE                                        ; 0000000981389259,64
200505;76492172;BCO BANESTADO S.A.                                          ;U;4010;0021000003;INVESTIMENTOS                                     ; 0000000981389259,64
200505;76492172;BCO BANESTADO S.A.                                          ;U;4010;0021100006;INVESTIMENTOS NO EXTERIOR                         ; 0000000035145624,76
200505;76492172;BCO BANESTADO S.A.                                          ;U;4010;0021200009;PARTICIPACOES EM COLIGADAS E CONTROLADAS NO PAIS  ; 0000000946243634,88
200505;76492172;BCO BANESTADO S.A.                                          ;U;4010;0030000001;COMPENSACAO                                       ; 0000006559882856,80
200505;76492172;BCO BANESTADO S.A.                                          ;U;4010;0030300000;TITULOS E VALORES MOBILIARIOS                     ; 0000000792766580,24
200505;76492172;BCO BANESTADO S.A.                                          ;U;4010;0030400003;CUSTODIA DE VALORES                               ; 0000005238496000,00
200505;76492172;BCO BANESTADO S.A.                                          ;U;4010;0030600009;NEGOCIACAO E INTERMEDIACAO DE VALORES             ; 0000000489316771,42
200505;76492172;BCO BANESTADO S.A.                                          ;U;4010;0030900008;CONTROLE                                          ; 0000000039303505,14
200505;76492172;BCO BANESTADO S.A.                                          ;U;4010;0039999993;TOTAL GERAL DO ATIVO                              ; 0000014293360541,33
200505;76492172;BCO BANESTADO S.A.                                          ;U;4010;0040000008;CIRCULANTE EXIGIVEL A LONGO PRAZO                 ; 0000000252662085,04
200505;76492172;BCO BANESTADO S.A.                                          ;U;4010;0042000006;OBRIGACOES POR OPERACOES COMPROMISSADAS           ; 0000000139876481,09
200505;76492172;BCO BANESTADO S.A.                                          ;U;4010;0042100009;CARTEIRA PROPRIA                                  ; 0000000139876481,09
200505;76492172;BCO BANESTADO S.A.                                          ;U;4010;0047000001;INSTRUMENTOS FINANCEIROS DERIVATIVOS              ; 0000000004657699,47
200505;76492172;BCO BANESTADO S.A.                                          ;U;4010;0047100004;INSTRUMENTOS FINANCEIROS DERIVATIVOS              ; 0000000004657699,47
200505;76492172;BCO BANESTADO S.A.                                          ;U;4010;0049000009;OUTRAS OBRIGACOES                                 ; 0000000108127904,48
200505;76492172;BCO BANESTADO S.A.                                          ;U;4010;0049300008;SOCIAIS E ESTATUTARIAS                            ; 0000000005214777,85
200505;76492172;BCO BANESTADO S.A.                                          ;U;4010;0049400001;FISCAIS E PREVIDENCIARIAS                         ; 0000000093595569,89
200505;76492172;BCO BANESTADO S.A.                                          ;U;4010;0049500004;NEGOCIACAO E INTERMEDIACAO DE VALORES             ; 0000000009313936,91
200505;76492172;BCO BANESTADO S.A.                                          ;U;4010;0049900006;DIVERSAS                                          ; 0000000000003619,83
200505;76492172;BCO BANESTADO S.A.                                          ;U;4010;0060000002;PATRIMONIO LIQUIDO                                ; 0000007148513344,06
200505;76492172;BCO BANESTADO S.A.                                          ;U;4010;0061000001;PATRIMONIO LIQUIDO                                ; 0000007148513344,06
200505;76492172;BCO BANESTADO S.A.                                          ;U;4010;0061100004;CAPITAL SOCIAL                                    ; 0000006396732023,47
200505;76492172;BCO BANESTADO S.A.                                          ;U;4010;0061500006;RESERVAS DE LUCROS                                ; 0000000748696673,37
200505;76492172;BCO BANESTADO S.A.                                          ;U;4010;0061600009;AJUSTES DE AVALIACAO PATRIMONIAL                  ; 0000000003084647,22
200505;76492172;BCO BANESTADO S.A.                                          ;U;4010;0070000009;CONTAS DE RESULTADO CREDORAS                      ; 0000000629448208,76
200505;76492172;BCO BANESTADO S.A.                                          ;U;4010;0071000008;RECEITAS OPERACIONAIS                             ; 0000000629448208,56
200505;76492172;BCO BANESTADO S.A.                                          ;U;4010;0071400000;RENDAS DE APLICACOES INTERFINANCEIRAS DE LIQUIDEZ ; 0000000388591956,65
200505;76492172;BCO BANESTADO S.A.                                          ;U;4010;0071500003;RENDAS COM TIT. E VAL. MOB. E INST. FINANC. DERIV.; 0000000109230531,53
200505;76492172;BCO BANESTADO S.A.                                          ;U;4010;0071800002;RENDAS DE PARTICIPACOES                           ; 0000000123185125,81
200505;76492172;BCO BANESTADO S.A.                                          ;U;4010;0071900005;OUTRAS RECEITAS OPERACIONAIS                      ; 0000000008440594,57
200505;76492172;BCO BANESTADO S.A.                                          ;U;4010;0073000006;RECEITAS NAO OPERACIONAIS                         ; 0000000000000000,20
200505;76492172;BCO BANESTADO S.A.                                          ;U;4010;0073900003;OUTRAS RECEITAS NAO OPERACIONAIS                  ; 0000000000000000,20
200505;76492172;BCO BANESTADO S.A.                                          ;U;4010;0080000006;(-) CONTAS DE RESULTADO DEVEDORAS                 ;-0000000297145953,33
200505;76492172;BCO BANESTADO S.A.                                          ;U;4010;0081000005;(-) DESPESAS OPERACIONAIS                         ;-0000000170309816,07
200505;76492172;BCO BANESTADO S.A.                                          ;U;4010;0081100008;(-) DESPESAS DE CAPTACAO                          ;-0000000013747983,73
200505;76492172;BCO BANESTADO S.A.                                          ;U;4010;0081200001;(-) DESP DE OBRIGACOES POR EMPRESTIMOS E REPASSES ;-0000000003810904,93
200505;76492172;BCO BANESTADO S.A.                                          ;U;4010;0081500000;(-) DESP. COM TIT. E VAL. MOB. E INST. FIN. DERIV.;-0000000053579097,44
200505;76492172;BCO BANESTADO S.A.                                          ;U;4010;0081600003;(-) DESPESAS DE PARTICIPACOES                     ;-0000000057738669,61
200505;76492172;BCO BANESTADO S.A.                                          ;U;4010;0081700006;(-) DESPESAS ADMINISTRATIVAS                      ;-0000000007619952,71
200505;76492172;BCO BANESTADO S.A.                                          ;U;4010;0081900002;(-) OUTRAS DESPESAS OPERACIONAIS                  ;-0000000033813207,65
200505;76492172;BCO BANESTADO S.A.                                          ;U;4010;0083000003;(-) DESPESAS NAO OPERACIONAIS                     ;-0000000000159217,14
200505;76492172;BCO BANESTADO S.A.                                          ;U;4010;0083900000;(-) OUTRAS DESPESAS NAO OPERACIONAIS              ;-0000000000159217,14
200505;76492172;BCO BANESTADO S.A.                                          ;U;4010;0089000007;(-) APURACAO DE RESULTADO                         ;-0000000126676920,12
200505;76492172;BCO BANESTADO S.A.                                          ;U;4010;0089400009;(-) IMPOSTO DE RENDA                              ;-0000000126676920,12
200505;76492172;BCO BANESTADO S.A.                                          ;U;4010;0090000003;COMPENSACAO                                       ; 0000006559882856,80
200505;76492172;BCO BANESTADO S.A.                                          ;U;4010;0090300002;TITULOS E VALORES MOBILIARIOS                     ; 0000000792766580,24
200505;76492172;BCO BANESTADO S.A.                                          ;U;4010;0090400005;CUSTODIA DE VALORES                               ; 0000005238496000,00
200505;76492172;BCO BANESTADO S.A.                                          ;U;4010;0090600001;NEGOCIACAO E INTERMEDIACAO DE VALORES             ; 0000000489316771,42
200505;76492172;BCO BANESTADO S.A.                                          ;U;4010;0090900000;CONTROLE                                          ; 0000000039303505,14
200505;76492172;BCO BANESTADO S.A.                                          ;U;4010;0099999995;TOTAL GERAL DO PASSIVO                            ; 0000014293360541,33
200505;78626983;BCO VR S.A.                                                 ;U;4010;0010000007;CIRCULANTE E REALIZAVEL A LONGO PRAZO             ; 0000000418260476,77
200505;78626983;BCO VR S.A.                                                 ;U;4010;0011000006;DISPONIBILIDADES                                  ; 0000000000917418,73
200505;78626983;BCO VR S.A.                                                 ;U;4010;0011100009;CAIXA                                             ; 0000000000089126,52
200505;78626983;BCO VR S.A.                                                 ;U;4010;0011300005;RESERVAS LIVRES                                   ; 0000000000828292,21
200505;78626983;BCO VR S.A.                                                 ;U;4010;0012000005;APLICACOES INTERFINANCEIRAS DE LIQUIDEZ           ; 0000000041140190,06
200505;78626983;BCO VR S.A.                                                 ;U;4010;0012100008;APLICACOES EM OPERACOES COMPROMISSADAS            ; 0000000034399205,50
200505;78626983;BCO VR S.A.                                                 ;U;4010;0012200001;APLICACOES EM DEPOSITOS INTERFINANCEIROS          ; 0000000006740984,56
200505;78626983;BCO VR S.A.                                                 ;U;4010;0013000004;TITULOS E VAL. MOB. E INST. FINANC. DERIVATIVOS   ; 0000000026710546,34
200505;78626983;BCO VR S.A.                                                 ;U;4010;0013100007;LIVRES                                            ; 0000000014680213,56
200505;78626983;BCO VR S.A.                                                 ;U;4010;0013600002;VINCULADOS A PRESTACAO DE GARANTIAS               ; 0000000012030332,78
200505;78626983;BCO VR S.A.                                                 ;U;4010;0014000003;RELACOES INTERFINANCEIRAS                         ; 0000000006185078,58
200505;78626983;BCO VR S.A.                                                 ;U;4010;0014100006;DIREITOS JUNTO A PARTIC. DE SISTEMAS DE LIQUIDAÇÃO; 0000000002228030,15
200505;78626983;BCO VR S.A.                                                 ;U;4010;0014200009;CREDITOS VINCULADOS                               ; 0000000000182142,70
200505;78626983;BCO VR S.A.                                                 ;U;4010;0014400005;RELACOES COM CORRESPONDENTES                      ; 0000000003774905,73
200505;78626983;BCO VR S.A.                                                 ;U;4010;0016000001;OPERACOES DE CREDITO                              ; 0000000047246574,04
200505;78626983;BCO VR S.A.                                                 ;U;4010;0016100004;EMPRESTIMOS E TITULOS DESCONTADOS                 ; 0000000050017395,54
200505;78626983;BCO VR S.A.                                                 ;U;4010;0016900008;(-) PROVISOES PARA OPERACOES DE CREDITO           ;-0000000002770821,50
200505;78626983;BCO VR S.A.                                                 ;U;4010;0018000009;OUTROS CREDITOS                                   ; 0000000295720246,70
200505;78626983;BCO VR S.A.                                                 ;U;4010;0018800003;DIVERSOS                                          ; 0000000295720246,70
200505;78626983;BCO VR S.A.                                                 ;U;4010;0019000008;OUTROS VALORES E BENS                             ; 0000000000340422,32
200505;78626983;BCO VR S.A.                                                 ;U;4010;0019800002;OUTROS VALORES E BENS                             ; 0000000000013626,76
200505;78626983;BCO VR S.A.                                                 ;U;4010;0019900005;DESPESAS ANTECIPADAS                              ; 0000000000326795,56
200505;78626983;BCO VR S.A.                                                 ;U;4010;0020000004;PERMANENTE                                        ; 0000000022524221,04
200505;78626983;BCO VR S.A.                                                 ;U;4010;0021000003;INVESTIMENTOS                                     ; 0000000002661097,74
200505;78626983;BCO VR S.A.                                                 ;U;4010;0021200009;PARTICIPACOES EM COLIGADAS E CONTROLADAS NO PAIS  ; 0000000002620983,83
200505;78626983;BCO VR S.A.                                                 ;U;4010;0021300002;INVESTIMENTOS POR INCENTIVOS FISCAIS              ; 0000000000000149,01
200505;78626983;BCO VR S.A.                                                 ;U;4010;0021400005;TITULOS PATRIMONIAIS                              ; 0000000000030782,00
200505;78626983;BCO VR S.A.                                                 ;U;4010;0021900000;OUTROS INVESTIMENTOS                              ; 0000000000009182,90
200505;78626983;BCO VR S.A.                                                 ;U;4010;0022000002;IMOBILIZADO DE USO                                ; 0000000003583881,04
200505;78626983;BCO VR S.A.                                                 ;U;4010;0022200008;IMOBILIZACOES EM CURSO                            ; 0000000003183561,76
200505;78626983;BCO VR S.A.                                                 ;U;4010;0022400004;INSTALACOES, MOVEIS E EQUIPAMENTOS DE USO         ; 0000000000189739,29
200505;78626983;BCO VR S.A.                                                 ;U;4010;0022900009;OUTROS                                            ; 0000000000210579,99
200505;78626983;BCO VR S.A.                                                 ;U;4010;0024000000;DIFERIDO                                          ; 0000000016279242,26
200505;78626983;BCO VR S.A.                                                 ;U;4010;0024100003;GASTOS DE ORGANIZACAO E EXPANSAO                  ; 0000000016279242,26
200505;78626983;BCO VR S.A.                                                 ;U;4010;0030000001;COMPENSACAO                                       ; 0000000329343684,49
200505;78626983;BCO VR S.A.                                                 ;U;4010;0030300000;TITULOS E VALORES MOBILIARIOS                     ; 0000000053421092,68
200505;78626983;BCO VR S.A.                                                 ;U;4010;0030400003;CUSTODIA DE VALORES                               ; 0000000019153055,10
200505;78626983;BCO VR S.A.                                                 ;U;4010;0030500006;COBRANCA                                          ; 0000000111577011,88
200505;78626983;BCO VR S.A.                                                 ;U;4010;0030800005;CONTRATOS                                         ; 0000000004291816,30
200505;78626983;BCO VR S.A.                                                 ;U;4010;0030900008;CONTROLE                                          ; 0000000090883312,99
200505;78626983;BCO VR S.A.                                                 ;U;4010;0031000000;CLASSIFICACAO DA CARTEIRA DE CREDITOS             ; 0000000050017395,54
200505;78626983;BCO VR S.A.                                                 ;U;4010;0031200006;OPERACOES DE RISCO NIVEL A                        ; 0000000044082346,31
200505;78626983;BCO VR S.A.                                                 ;U;4010;0031300009;OPERACOES DE RISCO NIVELB                         ; 0000000001715072,09
200505;78626983;BCO VR S.A.                                                 ;U;4010;0031400002;OPERACOES DE RISCO NIVELC                         ; 0000000000551142,17
200505;78626983;BCO VR S.A.                                                 ;U;4010;0031500005;OPERACOES DE RISCO NIVEL D                        ; 0000000000476273,70
200505;78626983;BCO VR S.A.                                                 ;U;4010;0031600008;OPERACOES DE RISCO NIVEL E                        ; 0000000000583987,17
200505;78626983;BCO VR S.A.                                                 ;U;4010;0031700001;OPERACOES DE RISCO NIVEL F                        ; 0000000000405873,34
200505;78626983;BCO VR S.A.                                                 ;U;4010;0031800004;OPERACOES DE RISCO NIVEL G                        ; 0000000000371735,01
200505;78626983;BCO VR S.A.                                                 ;U;4010;0031900007;OPERACOES DE RISCO NIVEL H                        ; 0000000001830965,75
200505;78626983;BCO VR S.A.                                                 ;U;4010;0039999993;TOTAL GERAL DO ATIVO                              ; 0000000770128382,30
200505;78626983;BCO VR S.A.                                                 ;U;4010;0040000008;CIRCULANTE EXIGIVEL A LONGO PRAZO                 ; 0000000380060031,05
200505;78626983;BCO VR S.A.                                                 ;U;4010;0041000007;DEPOSITOS                                         ; 0000000014607987,33
200505;78626983;BCO VR S.A.                                                 ;U;4010;0041100000;DEPOSITOS A VISTA                                 ; 0000000002687112,44
200505;78626983;BCO VR S.A.                                                 ;U;4010;0041300006;DEPOSITOS INTERFINANCEIROS                        ; 0000000002611396,63
200505;78626983;BCO VR S.A.                                                 ;U;4010;0041500002;DEPOSITOS A PRAZO                                 ; 0000000009309478,26
200505;78626983;BCO VR S.A.                                                 ;U;4010;0044000004;RELACOES INTERFINANCEIRAS                         ; 0000000001028857,13
200505;78626983;BCO VR S.A.                                                 ;U;4010;0044100007;OBRIGAÇÕES JUNTO A PARTIC. DE SIST. DE LIQUIDACÃO ; 0000000001028857,13
200505;78626983;BCO VR S.A.                                                 ;U;4010;0045000003;RELACOES INTERDEPENDENCIAS                        ; 0000000000058713,76
200505;78626983;BCO VR S.A.                                                 ;U;4010;0045100006;RECURSOS EM TRANSITO DE TERCEIROS                 ; 0000000000058713,76
200505;78626983;BCO VR S.A.                                                 ;U;4010;0046000002;OBRIGACOES POR EMPRESTIMOS E REPASSES             ; 0000000000391352,39
200505;78626983;BCO VR S.A.                                                 ;U;4010;0046200008;EMPRESTIMOS NO PAIS - OUTRAS INSTITUICOES         ; 0000000000391352,39
200505;78626983;BCO VR S.A.                                                 ;U;4010;0049000009;OUTRAS OBRIGACOES                                 ; 0000000363973120,44
200505;78626983;BCO VR S.A.                                                 ;U;4010;0049100002;COBRANCA E ARRECADACAO DE TRIBUTOS E ASSEMELHADOS ; 0000000000018217,72
200505;78626983;BCO VR S.A.                                                 ;U;4010;0049400001;FISCAIS E PREVIDENCIARIAS                         ; 0000000021011789,05
200505;78626983;BCO VR S.A.                                                 ;U;4010;0049900006;DIVERSAS                                          ; 0000000342943113,67
200505;78626983;BCO VR S.A.                                                 ;U;4010;0060000002;PATRIMONIO LIQUIDO                                ; 0000000051348390,15
200505;78626983;BCO VR S.A.                                                 ;U;4010;0061000001;PATRIMONIO LIQUIDO                                ; 0000000051348390,15
200505;78626983;BCO VR S.A.                                                 ;U;4010;0061100004;CAPITAL SOCIAL                                    ; 0000000051973543,00
200505;78626983;BCO VR S.A.                                                 ;U;4010;0061300000;RESERVAS DE CAPITAL                               ; 0000000000596673,33
200505;78626983;BCO VR S.A.                                                 ;U;4010;0061500006;RESERVAS DE LUCROS                                ; 0000000001632189,34
200505;78626983;BCO VR S.A.                                                 ;U;4010;0061600009;AJUSTES DE AVALIACAO PATRIMONIAL                  ; 0000000000229979,79
200505;78626983;BCO VR S.A.                                                 ;U;4010;0061800005;LUCROS OU PREJUIZOS ACUMULADOS                    ;-0000000003083995,31
200505;78626983;BCO VR S.A.                                                 ;U;4010;0070000009;CONTAS DE RESULTADO CREDORAS                      ; 0000000089633843,99
200505;78626983;BCO VR S.A.                                                 ;U;4010;0071000008;RECEITAS OPERACIONAIS                             ; 0000000089607056,66
200505;78626983;BCO VR S.A.                                                 ;U;4010;0071100001;RENDAS DE OPERACOES DE CREDITO                    ; 0000000006257464,41
200505;78626983;BCO VR S.A.                                                 ;U;4010;0071300007;RENDAS DE CAMBIO                                  ; 0000000000017542,79
200505;78626983;BCO VR S.A.                                                 ;U;4010;0071400000;RENDAS DE APLICACOES INTERFINANCEIRAS DE LIQUIDEZ ; 0000000002308400,76
200505;78626983;BCO VR S.A.                                                 ;U;4010;0071500003;RENDAS COM TIT. E VAL. MOB. E INST. FINANC. DERIV.; 0000000008072149,75
200505;78626983;BCO VR S.A.                                                 ;U;4010;0071700009;RENDAS DE PRESTACAO DE SERVICOS                   ; 0000000057630895,61
200505;78626983;BCO VR S.A.                                                 ;U;4010;0071800002;RENDAS DE PARTICIPACOES                           ; 0000000000092948,59
200505;78626983;BCO VR S.A.                                                 ;U;4010;0071900005;OUTRAS RECEITAS OPERACIONAIS                      ; 0000000015227654,75
200505;78626983;BCO VR S.A.                                                 ;U;4010;0073000006;RECEITAS NAO OPERACIONAIS                         ; 0000000000002808,84
200505;78626983;BCO VR S.A.                                                 ;U;4010;0073100009;LUCROS EM TRANSACOES COM VALORES E BENS           ; 0000000000000004,98
200505;78626983;BCO VR S.A.                                                 ;U;4010;0073900003;OUTRAS RECEITAS NAO OPERACIONAIS                  ; 0000000000002803,86
200505;78626983;BCO VR S.A.                                                 ;U;4010;0078000001;RATEIO DE RESULTADOS INTERNOS                     ; 0000000000023978,49
200505;78626983;BCO VR S.A.                                                 ;U;4010;0078100004;RATEIO DE RESULTADOS INTERNOS                     ; 0000000000023978,49
200505;78626983;BCO VR S.A.                                                 ;U;4010;0080000006;(-) CONTAS DE RESULTADO DEVEDORAS                 ;-0000000080257567,38
200505;78626983;BCO VR S.A.                                                 ;U;4010;0081000005;(-) DESPESAS OPERACIONAIS                         ;-0000000080231622,35
200505;78626983;BCO VR S.A.                                                 ;U;4010;0081100008;(-) DESPESAS DE CAPTACAO                          ;-0000000001270078,53
200505;78626983;BCO VR S.A.                                                 ;U;4010;0081200001;(-) DESP DE OBRIGACOES POR EMPRESTIMOS E REPASSES ;-0000000000024896,03
200505;78626983;BCO VR S.A.                                                 ;U;4010;0081400007;(-) DESPESAS DE CAMBIO                            ;-0000000000025099,95
200505;78626983;BCO VR S.A.                                                 ;U;4010;0081700006;(-) DESPESAS ADMINISTRATIVAS                      ;-0000000058603756,38
200505;78626983;BCO VR S.A.                                                 ;U;4010;0081800009;(-) APROVISIONAMENTOS E AJUSTES PATRIMONIAIS      ;-0000000013420905,46
200505;78626983;BCO VR S.A.                                                 ;U;4010;0081900002;(-) OUTRAS DESPESAS OPERACIONAIS                  ;-0000000006886886,00
200505;78626983;BCO VR S.A.                                                 ;U;4010;0083000003;(-) DESPESAS NAO OPERACIONAIS                     ;-0000000000001966,54
200505;78626983;BCO VR S.A.                                                 ;U;4010;0083100006;(-) PREJUIZOS EM TRANSACOES COM VALORES E BENS    ;-0000000000000005,79
200505;78626983;BCO VR S.A.                                                 ;U;4010;0083900000;(-) OUTRAS DESPESAS NAO OPERACIONAIS              ;-0000000000001960,75
200505;78626983;BCO VR S.A.                                                 ;U;4010;0088000008;(-) RATEIO DE RESULTADOS INTERNOS                 ;-0000000000023978,49
200505;78626983;BCO VR S.A.                                                 ;U;4010;0088100001;(-) RATEIO DE RESULTADOS INTERNOS                 ;-0000000000023978,49
200505;78626983;BCO VR S.A.                                                 ;U;4010;0090000003;COMPENSACAO                                       ; 0000000329343684,49
200505;78626983;BCO VR S.A.                                                 ;U;4010;0090300002;TITULOS E VALORES MOBILIARIOS                     ; 0000000053421092,68
200505;78626983;BCO VR S.A.                                                 ;U;4010;0090400005;CUSTODIA DE VALORES                               ; 0000000019153055,10
200505;78626983;BCO VR S.A.                                                 ;U;4010;0090500008;COBRANCA                                          ; 0000000111577011,88
200505;78626983;BCO VR S.A.                                                 ;U;4010;0090800007;CONTRATOS                                         ; 0000000004291816,30
200505;78626983;BCO VR S.A.                                                 ;U;4010;0090900000;CONTROLE                                          ; 0000000090883312,99
200505;78626983;BCO VR S.A.                                                 ;U;4010;0091000002;CLASSIFICACAO DA CARTEIRA DE CREDITOS             ; 0000000050017395,54
200505;78626983;BCO VR S.A.                                                 ;U;4010;0091100005;OPERACOES DE CREDITOS E ARRENDAMENTO MERCANTIL    ; 0000000050017395,54
200505;78626983;BCO VR S.A.                                                 ;U;4010;0099999995;TOTAL GERAL DO PASSIVO                            ; 0000000770128382,30
200505;78632767;BCO OURINVEST S.A.                                          ;U;4010;0010000007;CIRCULANTE E REALIZAVEL A LONGO PRAZO             ; 0000000091329539,74
200505;78632767;BCO OURINVEST S.A.                                          ;U;4010;0011000006;DISPONIBILIDADES                                  ; 0000000001356058,23
200505;78632767;BCO OURINVEST S.A.                                          ;U;4010;0011100009;CAIXA                                             ; 0000000000019591,80
200505;78632767;BCO OURINVEST S.A.                                          ;U;4010;0011200002;DEPOSITOS BANCARIOS                               ; 0000000000579713,18
200505;78632767;BCO OURINVEST S.A.                                          ;U;4010;0011400008;APLICACOES EM OURO                                ; 0000000000358707,74
200505;78632767;BCO OURINVEST S.A.                                          ;U;4010;0011500001;DISPONIBILIDADES EM MOEDAS ESTRANGEIRAS           ; 0000000000398045,51
200505;78632767;BCO OURINVEST S.A.                                          ;U;4010;0012000005;APLICACOES INTERFINANCEIRAS DE LIQUIDEZ           ; 0000000048979055,69
200505;78632767;BCO OURINVEST S.A.                                          ;U;4010;0012100008;APLICACOES EM OPERACOES COMPROMISSADAS            ; 0000000032600427,61
200505;78632767;BCO OURINVEST S.A.                                          ;U;4010;0012200001;APLICACOES EM DEPOSITOS INTERFINANCEIROS          ; 0000000005336843,08
200505;78632767;BCO OURINVEST S.A.                                          ;U;4010;0012600003;APLICA OES EM MOEDAS ESTRANGEIRAS                 ; 0000000011041785,00
200505;78632767;BCO OURINVEST S.A.                                          ;U;4010;0013000004;TITULOS E VAL. MOB. E INST. FINANC. DERIVATIVOS   ; 0000000007553810,73
200505;78632767;BCO OURINVEST S.A.                                          ;U;4010;0013100007;LIVRES                                            ; 0000000005689231,94
200505;78632767;BCO OURINVEST S.A.                                          ;U;4010;0013300003;INSTRUMENTOS FINANCEIROS DERIVATIVOS              ; 0000000000021898,84
200505;78632767;BCO OURINVEST S.A.                                          ;U;4010;0013600002;VINCULADOS A PRESTACAO DE GARANTIAS               ; 0000000001842679,95
200505;78632767;BCO OURINVEST S.A.                                          ;U;4010;0016000001;OPERACOES DE CREDITO                              ; 0000000032593220,89
200505;78632767;BCO OURINVEST S.A.                                          ;U;4010;0016100004;EMPRESTIMOS E TITULOS DESCONTADOS                 ; 0000000002060076,14
200505;78632767;BCO OURINVEST S.A.                                          ;U;4010;0016200007;FINANCIAMENTOS                                    ; 0000000032237128,20
200505;78632767;BCO OURINVEST S.A.                                          ;U;4010;0016900008;(-) PROVISOES PARA OPERACOES DE CREDITO           ;-0000000001703983,45
200505;78632767;BCO OURINVEST S.A.                                          ;U;4010;0018000009;OUTROS CREDITOS                                   ; 0000000000839895,94
200505;78632767;BCO OURINVEST S.A.                                          ;U;4010;0018200005;CARTEIRA DE CAMBIO                                ; 0000000000017672,71
200505;78632767;BCO OURINVEST S.A.                                          ;U;4010;0018300008;RENDAS A RECEBER                                  ; 0000000000366934,49
200505;78632767;BCO OURINVEST S.A.                                          ;U;4010;0018400001;NEGOCIACAO E INTERMEDIACAO DE VALORES             ; 0000000000003627,29
200505;78632767;BCO OURINVEST S.A.                                          ;U;4010;0018800003;DIVERSOS                                          ; 0000000000451661,45
200505;78632767;BCO OURINVEST S.A.                                          ;U;4010;0019000008;OUTROS VALORES E BENS                             ; 0000000000007498,26
200505;78632767;BCO OURINVEST S.A.                                          ;U;4010;0019900005;DESPESAS ANTECIPADAS                              ; 0000000000007498,26
200505;78632767;BCO OURINVEST S.A.                                          ;U;4010;0020000004;PERMANENTE                                        ; 0000000000915839,11
200505;78632767;BCO OURINVEST S.A.                                          ;U;4010;0021000003;INVESTIMENTOS                                     ; 0000000000235800,22
200505;78632767;BCO OURINVEST S.A.                                          ;U;4010;0021400005;TITULOS PATRIMONIAIS                              ; 0000000000223682,40
200505;78632767;BCO OURINVEST S.A.                                          ;U;4010;0021900000;OUTROS INVESTIMENTOS                              ; 0000000000012117,82
200505;78632767;BCO OURINVEST S.A.                                          ;U;4010;0022000002;IMOBILIZADO DE USO                                ; 0000000000488135,73
200505;78632767;BCO OURINVEST S.A.                                          ;U;4010;0022200008;IMOBILIZACOES EM CURSO                            ; 0000000000003414,50
200505;78632767;BCO OURINVEST S.A.                                          ;U;4010;0022400004;INSTALACOES, MOVEIS E EQUIPAMENTOS DE USO         ; 0000000000250396,54
200505;78632767;BCO OURINVEST S.A.                                          ;U;4010;0022900009;OUTROS                                            ; 0000000000234324,69
200505;78632767;BCO OURINVEST S.A.                                          ;U;4010;0024000000;DIFERIDO                                          ; 0000000000191903,16
200505;78632767;BCO OURINVEST S.A.                                          ;U;4010;0024100003;GASTOS DE ORGANIZACAO E EXPANSAO                  ; 0000000000191903,16
200505;78632767;BCO OURINVEST S.A.                                          ;U;4010;0030000001;COMPENSACAO                                       ; 0000002561299665,40
200505;78632767;BCO OURINVEST S.A.                                          ;U;4010;0030300000;TITULOS E VALORES MOBILIARIOS                     ; 0000000015063823,78
200505;78632767;BCO OURINVEST S.A.                                          ;U;4010;0030400003;CUSTODIA DE VALORES                               ; 0000000107449742,93
200505;78632767;BCO OURINVEST S.A.                                          ;U;4010;0030500006;COBRANCA                                          ; 0000000000028232,76
200505;78632767;BCO OURINVEST S.A.                                          ;U;4010;0030600009;NEGOCIACAO E INTERMEDIACAO DE VALORES             ; 0000000073183235,34
200505;78632767;BCO OURINVEST S.A.                                          ;U;4010;0030800005;CONTRATOS                                         ; 0000000794301348,78
200505;78632767;BCO OURINVEST S.A.                                          ;U;4010;0030900008;CONTROLE                                          ; 0000001536976077,47
200505;78632767;BCO OURINVEST S.A.                                          ;U;4010;0031000000;CLASSIFICACAO DA CARTEIRA DE CREDITOS             ; 0000000034297204,34
200505;78632767;BCO OURINVEST S.A.                                          ;U;4010;0031200006;OPERACOES DE RISCO NIVEL A                        ; 0000000023001358,42
200505;78632767;BCO OURINVEST S.A.                                          ;U;4010;0031300009;OPERACOES DE RISCO NIVELB                         ; 0000000004405537,45
200505;78632767;BCO OURINVEST S.A.                                          ;U;4010;0031400002;OPERACOES DE RISCO NIVELC                         ; 0000000002872392,15
200505;78632767;BCO OURINVEST S.A.                                          ;U;4010;0031500005;OPERACOES DE RISCO NIVEL D                        ; 0000000001365408,01
200505;78632767;BCO OURINVEST S.A.                                          ;U;4010;0031600008;OPERACOES DE RISCO NIVEL E                        ; 0000000001119292,79
200505;78632767;BCO OURINVEST S.A.                                          ;U;4010;0031700001;OPERACOES DE RISCO NIVEL F                        ; 0000000000727643,16
200505;78632767;BCO OURINVEST S.A.                                          ;U;4010;0031800004;OPERACOES DE RISCO NIVEL G                        ; 0000000000609913,68
200505;78632767;BCO OURINVEST S.A.                                          ;U;4010;0031900007;OPERACOES DE RISCO NIVEL H                        ; 0000000000195658,68
200505;78632767;BCO OURINVEST S.A.                                          ;U;4010;0039999993;TOTAL GERAL DO ATIVO                              ; 0000002653545044,25
200505;78632767;BCO OURINVEST S.A.                                          ;U;4010;0040000008;CIRCULANTE EXIGIVEL A LONGO PRAZO                 ; 0000000042781295,21
200505;78632767;BCO OURINVEST S.A.                                          ;U;4010;0041000007;DEPOSITOS                                         ; 0000000039948818,36
200505;78632767;BCO OURINVEST S.A.                                          ;U;4010;0041500002;DEPOSITOS A PRAZO                                 ; 0000000039948818,36
200505;78632767;BCO OURINVEST S.A.                                          ;U;4010;0047000001;INSTRUMENTOS FINANCEIROS DERIVATIVOS              ; 0000000000018791,19
200505;78632767;BCO OURINVEST S.A.                                          ;U;4010;0047100004;INSTRUMENTOS FINANCEIROS DERIVATIVOS              ; 0000000000018791,19
200505;78632767;BCO OURINVEST S.A.                                          ;U;4010;0049000009;OUTRAS OBRIGACOES                                 ; 0000000002813685,66
200505;78632767;BCO OURINVEST S.A.                                          ;U;4010;0049100002;COBRANCA E ARRECADACAO DE TRIBUTOS E ASSEMELHADOS ; 0000000000000109,54
200505;78632767;BCO OURINVEST S.A.                                          ;U;4010;0049200005;CARTEIRA DE CAMBIO                                ; 0000000000358931,18
200505;78632767;BCO OURINVEST S.A.                                          ;U;4010;0049400001;FISCAIS E PREVIDENCIARIAS                         ; 0000000000421332,77
200505;78632767;BCO OURINVEST S.A.                                          ;U;4010;0049900006;DIVERSAS                                          ; 0000000002033312,17
200505;78632767;BCO OURINVEST S.A.                                          ;U;4010;0060000002;PATRIMONIO LIQUIDO                                ; 0000000048459370,65
200505;78632767;BCO OURINVEST S.A.                                          ;U;4010;0061000001;PATRIMONIO LIQUIDO                                ; 0000000048459370,65
200505;78632767;BCO OURINVEST S.A.                                          ;U;4010;0061100004;CAPITAL SOCIAL                                    ; 0000000027000160,00
200505;78632767;BCO OURINVEST S.A.                                          ;U;4010;0061300000;RESERVAS DE CAPITAL                               ; 0000000000096605,55
200505;78632767;BCO OURINVEST S.A.                                          ;U;4010;0061500006;RESERVAS DE LUCROS                                ; 0000000000910915,69
200505;78632767;BCO OURINVEST S.A.                                          ;U;4010;0061600009;AJUSTES DE AVALIACAO PATRIMONIAL                  ; 0000000000417738,23
200505;78632767;BCO OURINVEST S.A.                                          ;U;4010;0061800005;LUCROS OU PREJUIZOS ACUMULADOS                    ; 0000000020033951,18
200505;78632767;BCO OURINVEST S.A.                                          ;U;4010;0070000009;CONTAS DE RESULTADO CREDORAS                      ; 0000000028184424,08
200505;78632767;BCO OURINVEST S.A.                                          ;U;4010;0071000008;RECEITAS OPERACIONAIS                             ; 0000000027593028,35
200505;78632767;BCO OURINVEST S.A.                                          ;U;4010;0071100001;RENDAS DE OPERACOES DE CREDITO                    ; 0000000010211454,77
200505;78632767;BCO OURINVEST S.A.                                          ;U;4010;0071300007;RENDAS DE CAMBIO                                  ; 0000000000416524,21
200505;78632767;BCO OURINVEST S.A.                                          ;U;4010;0071400000;RENDAS DE APLICACOES INTERFINANCEIRAS DE LIQUIDEZ ; 0000000001507421,65
200505;78632767;BCO OURINVEST S.A.                                          ;U;4010;0071500003;RENDAS COM TIT. E VAL. MOB. E INST. FINANC. DERIV.; 0000000010500997,74
200505;78632767;BCO OURINVEST S.A.                                          ;U;4010;0071700009;RENDAS DE PRESTACAO DE SERVICOS                   ; 0000000001626825,36
200505;78632767;BCO OURINVEST S.A.                                          ;U;4010;0071900005;OUTRAS RECEITAS OPERACIONAIS                      ; 0000000003329804,62
200505;78632767;BCO OURINVEST S.A.                                          ;U;4010;0073000006;RECEITAS NAO OPERACIONAIS                         ; 0000000000591395,73
200505;78632767;BCO OURINVEST S.A.                                          ;U;4010;0073100009;LUCROS EM TRANSACOES COM VALORES E BENS           ; 0000000000591395,73
200505;78632767;BCO OURINVEST S.A.                                          ;U;4010;0080000006;(-) CONTAS DE RESULTADO DEVEDORAS                 ;-0000000027179711,09
200505;78632767;BCO OURINVEST S.A.                                          ;U;4010;0081000005;(-) DESPESAS OPERACIONAIS                         ;-0000000026530759,96
200505;78632767;BCO OURINVEST S.A.                                          ;U;4010;0081100008;(-) DESPESAS DE CAPTACAO                          ;-0000000002722355,81
200505;78632767;BCO OURINVEST S.A.                                          ;U;4010;0081200001;(-) DESP DE OBRIGACOES POR EMPRESTIMOS E REPASSES ;-0000000000027113,05
200505;78632767;BCO OURINVEST S.A.                                          ;U;4010;0081400007;(-) DESPESAS DE CAMBIO                            ;-0000000001240963,05
200505;78632767;BCO OURINVEST S.A.                                          ;U;4010;0081500000;(-) DESP. COM TIT. E VAL. MOB. E INST. FIN. DERIV.;-0000000009019533,77
200505;78632767;BCO OURINVEST S.A.                                          ;U;4010;0081700006;(-) DESPESAS ADMINISTRATIVAS                      ;-0000000009931405,75
200505;78632767;BCO OURINVEST S.A.                                          ;U;4010;0081800009;(-) APROVISIONAMENTOS E AJUSTES PATRIMONIAIS      ;-0000000002853150,43
200505;78632767;BCO OURINVEST S.A.                                          ;U;4010;0081900002;(-) OUTRAS DESPESAS OPERACIONAIS                  ;-0000000000736238,10
200505;78632767;BCO OURINVEST S.A.                                          ;U;4010;0089000007;(-) APURACAO DE RESULTADO                         ;-0000000000648951,13
200505;78632767;BCO OURINVEST S.A.                                          ;U;4010;0089400009;(-) IMPOSTO DE RENDA                              ;-0000000000648951,13
200505;78632767;BCO OURINVEST S.A.                                          ;U;4010;0090000003;COMPENSACAO                                       ; 0000002561299665,40
200505;78632767;BCO OURINVEST S.A.                                          ;U;4010;0090300002;TITULOS E VALORES MOBILIARIOS                     ; 0000000015063823,78
200505;78632767;BCO OURINVEST S.A.                                          ;U;4010;0090400005;CUSTODIA DE VALORES                               ; 0000000107449742,93
200505;78632767;BCO OURINVEST S.A.                                          ;U;4010;0090500008;COBRANCA                                          ; 0000000000028232,76
200505;78632767;BCO OURINVEST S.A.                                          ;U;4010;0090600001;NEGOCIACAO E INTERMEDIACAO DE VALORES             ; 0000000073183235,34
200505;78632767;BCO OURINVEST S.A.                                          ;U;4010;0090800007;CONTRATOS                                         ; 0000000794301348,78
200505;78632767;BCO OURINVEST S.A.                                          ;U;4010;0090900000;CONTROLE                                          ; 0000001536976077,47
200505;78632767;BCO OURINVEST S.A.                                          ;U;4010;0091000002;CLASSIFICACAO DA CARTEIRA DE CREDITOS             ; 0000000034297204,34
200505;78632767;BCO OURINVEST S.A.                                          ;U;4010;0091100005;OPERACOES DE CREDITOS E ARRENDAMENTO MERCANTIL    ; 0000000034297204,34
200505;78632767;BCO OURINVEST S.A.                                          ;U;4010;0099999995;TOTAL GERAL DO PASSIVO                            ; 0000002653545044,25
200505;80271455;BCO MAXINVEST S.A.                                          ;U;4010;0010000007;CIRCULANTE E REALIZAVEL A LONGO PRAZO             ; 0000000025431116,91
200505;80271455;BCO MAXINVEST S.A.                                          ;U;4010;0011000006;DISPONIBILIDADES                                  ; 0000000000093472,06
200505;80271455;BCO MAXINVEST S.A.                                          ;U;4010;0011100009;CAIXA                                             ; 0000000000000906,14
200505;80271455;BCO MAXINVEST S.A.                                          ;U;4010;0011200002;DEPOSITOS BANCARIOS                               ; 0000000000092565,92
200505;80271455;BCO MAXINVEST S.A.                                          ;U;4010;0012000005;APLICACOES INTERFINANCEIRAS DE LIQUIDEZ           ; 0000000000210000,00
200505;80271455;BCO MAXINVEST S.A.                                          ;U;4010;0012200001;APLICACOES EM DEPOSITOS INTERFINANCEIROS          ; 0000000000210000,00
200505;80271455;BCO MAXINVEST S.A.                                          ;U;4010;0016000001;OPERACOES DE CREDITO                              ; 0000000023605450,59
200505;80271455;BCO MAXINVEST S.A.                                          ;U;4010;0016100004;EMPRESTIMOS E TITULOS DESCONTADOS                 ; 0000000001459680,47
200505;80271455;BCO MAXINVEST S.A.                                          ;U;4010;0016200007;FINANCIAMENTOS                                    ; 0000000022511726,65
200505;80271455;BCO MAXINVEST S.A.                                          ;U;4010;0016900008;(-) PROVISOES PARA OPERACOES DE CREDITO           ;-0000000000365956,53
200505;80271455;BCO MAXINVEST S.A.                                          ;U;4010;0018000009;OUTROS CREDITOS                                   ; 0000000001519850,21
200505;80271455;BCO MAXINVEST S.A.                                          ;U;4010;0018800003;DIVERSOS                                          ; 0000000001519850,21
200505;80271455;BCO MAXINVEST S.A.                                          ;U;4010;0019000008;OUTROS VALORES E BENS                             ; 0000000000002344,05
200505;80271455;BCO MAXINVEST S.A.                                          ;U;4010;0019900005;DESPESAS ANTECIPADAS                              ; 0000000000002344,05
200505;80271455;BCO MAXINVEST S.A.                                          ;U;4010;0020000004;PERMANENTE                                        ; 0000000004594528,28
200505;80271455;BCO MAXINVEST S.A.                                          ;U;4010;0021000003;INVESTIMENTOS                                     ; 0000000004545261,33
200505;80271455;BCO MAXINVEST S.A.                                          ;U;4010;0021200009;PARTICIPACOES EM COLIGADAS E CONTROLADAS NO PAIS  ; 0000000004310517,20
200505;80271455;BCO MAXINVEST S.A.                                          ;U;4010;0021300002;INVESTIMENTOS POR INCENTIVOS FISCAIS              ; 0000000000052638,82
200505;80271455;BCO MAXINVEST S.A.                                          ;U;4010;0021400005;TITULOS PATRIMONIAIS                              ; 0000000000182105,31
200505;80271455;BCO MAXINVEST S.A.                                          ;U;4010;0022000002;IMOBILIZADO DE USO                                ; 0000000000034786,69
200505;80271455;BCO MAXINVEST S.A.                                          ;U;4010;0022400004;INSTALACOES, MOVEIS E EQUIPAMENTOS DE USO         ; 0000000000011128,94
200505;80271455;BCO MAXINVEST S.A.                                          ;U;4010;0022900009;OUTROS                                            ; 0000000000023657,75
200505;80271455;BCO MAXINVEST S.A.                                          ;U;4010;0024000000;DIFERIDO                                          ; 0000000000014480,26
200505;80271455;BCO MAXINVEST S.A.                                          ;U;4010;0024100003;GASTOS DE ORGANIZACAO E EXPANSAO                  ; 0000000000014480,26
200505;80271455;BCO MAXINVEST S.A.                                          ;U;4010;0030000001;COMPENSACAO                                       ; 0000000099327472,71
200505;80271455;BCO MAXINVEST S.A.                                          ;U;4010;0030400003;CUSTODIA DE VALORES                               ; 0000000071124903,78
200505;80271455;BCO MAXINVEST S.A.                                          ;U;4010;0030500006;COBRANCA                                          ; 0000000000157218,45
200505;80271455;BCO MAXINVEST S.A.                                          ;U;4010;0030900008;CONTROLE                                          ; 0000000004073943,36
200505;80271455;BCO MAXINVEST S.A.                                          ;U;4010;0031000000;CLASSIFICACAO DA CARTEIRA DE CREDITOS             ; 0000000023971407,12
200505;80271455;BCO MAXINVEST S.A.                                          ;U;4010;0031200006;OPERACOES DE RISCO NIVEL A                        ; 0000000022727234,75
200505;80271455;BCO MAXINVEST S.A.                                          ;U;4010;0031300009;OPERACOES DE RISCO NIVELB                         ; 0000000000700359,83
200505;80271455;BCO MAXINVEST S.A.                                          ;U;4010;0031400002;OPERACOES DE RISCO NIVELC                         ; 0000000000099732,08
200505;80271455;BCO MAXINVEST S.A.                                          ;U;4010;0031500005;OPERACOES DE RISCO NIVEL D                        ; 0000000000111785,81
200505;80271455;BCO MAXINVEST S.A.                                          ;U;4010;0031600008;OPERACOES DE RISCO NIVEL E                        ; 0000000000013687,47
200505;80271455;BCO MAXINVEST S.A.                                          ;U;4010;0031700001;OPERACOES DE RISCO NIVEL F                        ; 0000000000183134,78
200505;80271455;BCO MAXINVEST S.A.                                          ;U;4010;0031900007;OPERACOES DE RISCO NIVEL H                        ; 0000000000135472,40
200505;80271455;BCO MAXINVEST S.A.                                          ;U;4010;0039999993;TOTAL GERAL DO ATIVO                              ; 0000000129353117,90
200505;80271455;BCO MAXINVEST S.A.                                          ;U;4010;0040000008;CIRCULANTE EXIGIVEL A LONGO PRAZO                 ; 0000000004785189,90
200505;80271455;BCO MAXINVEST S.A.                                          ;U;4010;0043000005;RECURSOS ACEITES CAMB,LI E HIP.,DEBENT.E SIMILARES; 0000000002756100,91
200505;80271455;BCO MAXINVEST S.A.                                          ;U;4010;0043100008;RECURSOS DE ACEITES CAMBIAIS                      ; 0000000002756100,91
200505;80271455;BCO MAXINVEST S.A.                                          ;U;4010;0049000009;OUTRAS OBRIGACOES                                 ; 0000000002029088,99
200505;80271455;BCO MAXINVEST S.A.                                          ;U;4010;0049100002;COBRANCA E ARRECADACAO DE TRIBUTOS E ASSEMELHADOS ; 0000000000009620,60
200505;80271455;BCO MAXINVEST S.A.                                          ;U;4010;0049400001;FISCAIS E PREVIDENCIARIAS                         ; 0000000001872860,09
200505;80271455;BCO MAXINVEST S.A.                                          ;U;4010;0049900006;DIVERSAS                                          ; 0000000000146608,30
200505;80271455;BCO MAXINVEST S.A.                                          ;U;4010;0060000002;PATRIMONIO LIQUIDO                                ; 0000000024446633,21
200505;80271455;BCO MAXINVEST S.A.                                          ;U;4010;0061000001;PATRIMONIO LIQUIDO                                ; 0000000024446633,21
200505;80271455;BCO MAXINVEST S.A.                                          ;U;4010;0061100004;CAPITAL SOCIAL                                    ; 0000000018000000,00
200505;80271455;BCO MAXINVEST S.A.                                          ;U;4010;0061300000;RESERVAS DE CAPITAL                               ; 0000000000212289,51
200505;80271455;BCO MAXINVEST S.A.                                          ;U;4010;0061500006;RESERVAS DE LUCROS                                ; 0000000003828847,88
200505;80271455;BCO MAXINVEST S.A.                                          ;U;4010;0061800005;LUCROS OU PREJUIZOS ACUMULADOS                    ; 0000000002405495,82
200505;80271455;BCO MAXINVEST S.A.                                          ;U;4010;0070000009;CONTAS DE RESULTADO CREDORAS                      ; 0000000002838111,06
200505;80271455;BCO MAXINVEST S.A.                                          ;U;4010;0071000008;RECEITAS OPERACIONAIS                             ; 0000000002838111,06
200505;80271455;BCO MAXINVEST S.A.                                          ;U;4010;0071100001;RENDAS DE OPERACOES DE CREDITO                    ; 0000000002417715,57
200505;80271455;BCO MAXINVEST S.A.                                          ;U;4010;0071400000;RENDAS DE APLICACOES INTERFINANCEIRAS DE LIQUIDEZ ; 0000000000018045,88
200505;80271455;BCO MAXINVEST S.A.                                          ;U;4010;0071700009;RENDAS DE PRESTACAO DE SERVICOS                   ; 0000000000355051,96
200505;80271455;BCO MAXINVEST S.A.                                          ;U;4010;0071900005;OUTRAS RECEITAS OPERACIONAIS                      ; 0000000000047297,65
200505;80271455;BCO MAXINVEST S.A.                                          ;U;4010;0080000006;(-) CONTAS DE RESULTADO DEVEDORAS                 ;-0000000002044288,98
200505;80271455;BCO MAXINVEST S.A.                                          ;U;4010;0081000005;(-) DESPESAS OPERACIONAIS                         ;-0000000001523713,87
200505;80271455;BCO MAXINVEST S.A.                                          ;U;4010;0081100008;(-) DESPESAS DE CAPTACAO                          ;-0000000000148377,21
200505;80271455;BCO MAXINVEST S.A.                                          ;U;4010;0081600003;(-) DESPESAS DE PARTICIPACOES                     ;-0000000000091714,80
200505;80271455;BCO MAXINVEST S.A.                                          ;U;4010;0081700006;(-) DESPESAS ADMINISTRATIVAS                      ;-0000000000930560,29
200505;80271455;BCO MAXINVEST S.A.                                          ;U;4010;0081800009;(-) APROVISIONAMENTOS E AJUSTES PATRIMONIAIS      ;-0000000000207267,73
200505;80271455;BCO MAXINVEST S.A.                                          ;U;4010;0081900002;(-) OUTRAS DESPESAS OPERACIONAIS                  ;-0000000000145793,84
200505;80271455;BCO MAXINVEST S.A.                                          ;U;4010;0089000007;(-) APURACAO DE RESULTADO                         ;-0000000000520575,11
200505;80271455;BCO MAXINVEST S.A.                                          ;U;4010;0089400009;(-) IMPOSTO DE RENDA                              ;-0000000000520575,11
200505;80271455;BCO MAXINVEST S.A.                                          ;U;4010;0090000003;COMPENSACAO                                       ; 0000000099327472,71
200505;80271455;BCO MAXINVEST S.A.                                          ;U;4010;0090400005;CUSTODIA DE VALORES                               ; 0000000071124903,78
200505;80271455;BCO MAXINVEST S.A.                                          ;U;4010;0090500008;COBRANCA                                          ; 0000000000157218,45
200505;80271455;BCO MAXINVEST S.A.                                          ;U;4010;0090900000;CONTROLE                                          ; 0000000004073943,36
200505;80271455;BCO MAXINVEST S.A.                                          ;U;4010;0091000002;CLASSIFICACAO DA CARTEIRA DE CREDITOS             ; 0000000023971407,12
200505;80271455;BCO MAXINVEST S.A.                                          ;U;4010;0091100005;OPERACOES DE CREDITOS E ARRENDAMENTO MERCANTIL    ; 0000000023971407,12
200505;80271455;BCO MAXINVEST S.A.                                          ;U;4010;0099999995;TOTAL GERAL DO PASSIVO                            ; 0000000129353117,90
200505;83876003;BCO DO EST. DE SC S.A.                                      ;B;4010;0010000007;CIRCULANTE E REALIZAVEL A LONGO PRAZO             ; 0000002603397354,70
200505;83876003;BCO DO EST. DE SC S.A.                                      ;B;4010;0011000006;DISPONIBILIDADES                                  ; 0000000043692107,48
200505;83876003;BCO DO EST. DE SC S.A.                                      ;B;4010;0011100009;CAIXA                                             ; 0000000042057976,68
200505;83876003;BCO DO EST. DE SC S.A.                                      ;B;4010;0011500001;DISPONIBILIDADES EM MOEDAS ESTRANGEIRAS           ; 0000000001634130,80
200505;83876003;BCO DO EST. DE SC S.A.                                      ;B;4010;0012000005;APLICACOES INTERFINANCEIRAS DE LIQUIDEZ           ; 0000000211584467,12
200505;83876003;BCO DO EST. DE SC S.A.                                      ;B;4010;0012100008;APLICACOES EM OPERACOES COMPROMISSADAS            ; 0000000050001382,36
200505;83876003;BCO DO EST. DE SC S.A.                                      ;B;4010;0012200001;APLICACOES EM DEPOSITOS INTERFINANCEIROS          ; 0000000159780834,76
200505;83876003;BCO DO EST. DE SC S.A.                                      ;B;4010;0012600003;APLICA OES EM MOEDAS ESTRANGEIRAS                 ; 0000000001802250,00
200505;83876003;BCO DO EST. DE SC S.A.                                      ;B;4010;0013000004;TITULOS E VAL. MOB. E INST. FINANC. DERIVATIVOS   ; 0000001799616861,03
200505;83876003;BCO DO EST. DE SC S.A.                                      ;B;4010;0013100007;LIVRES                                            ; 0000000860186375,42
200505;83876003;BCO DO EST. DE SC S.A.                                      ;B;4010;0013200000;VINCULADOS A OPERACOES COMPROMISSADAS             ; 0000000939430485,61
200505;83876003;BCO DO EST. DE SC S.A.                                      ;B;4010;0014000003;RELACOES INTERFINANCEIRAS                         ; 0000000195522965,03
200505;83876003;BCO DO EST. DE SC S.A.                                      ;B;4010;0014100006;DIREITOS JUNTO A PARTIC. DE SISTEMAS DE LIQUIDAÇÃO; 0000000043594570,42
200505;83876003;BCO DO EST. DE SC S.A.                                      ;B;4010;0014200009;CREDITOS VINCULADOS                               ; 0000000151928394,61
200505;83876003;BCO DO EST. DE SC S.A.                                      ;B;4010;0015000002;RELACOES INTERDEPENDENCIAS                        ; 0000000000263642,76
200505;83876003;BCO DO EST. DE SC S.A.                                      ;B;4010;0015100005;RECURSOS EM TRANSITO DE TERCEIROS                 ; 0000000000000368,15
200505;83876003;BCO DO EST. DE SC S.A.                                      ;B;4010;0015200008;TRANSFERENCIAS INTERNAS DE RECURSOS               ; 0000000000263274,61
200505;83876003;BCO DO EST. DE SC S.A.                                      ;B;4010;0016000001;OPERACOES DE CREDITO                              ; 0000000207149210,71
200505;83876003;BCO DO EST. DE SC S.A.                                      ;B;4010;0016100004;EMPRESTIMOS E TITULOS DESCONTADOS                 ; 0000000130905847,91
200505;83876003;BCO DO EST. DE SC S.A.                                      ;B;4010;0016200007;FINANCIAMENTOS                                    ; 0000000006181591,83
200505;83876003;BCO DO EST. DE SC S.A.                                      ;B;4010;0016300000;FINANCIAMENTOS RURAIS E AGROINDUSTRIAIS           ; 0000000085753868,42
200505;83876003;BCO DO EST. DE SC S.A.                                      ;B;4010;0016900008;(-) PROVISOES PARA OPERACOES DE CREDITO           ;-0000000015692097,45
200505;83876003;BCO DO EST. DE SC S.A.                                      ;B;4010;0018000009;OUTROS CREDITOS                                   ; 0000000136850061,31
200505;83876003;BCO DO EST. DE SC S.A.                                      ;B;4010;0018300008;RENDAS A RECEBER                                  ; 0000000022054016,86
200505;83876003;BCO DO EST. DE SC S.A.                                      ;B;4010;0018500004;CREDITOS ESPECIFICOS                              ; 0000000004496485,63
200505;83876003;BCO DO EST. DE SC S.A.                                      ;B;4010;0018800003;DIVERSOS                                          ; 0000000119350356,34
200505;83876003;BCO DO EST. DE SC S.A.                                      ;B;4010;0018900006;(-) PROVISOES PARA OUTROS CREDITOS                ;-0000000009050797,52
200505;83876003;BCO DO EST. DE SC S.A.                                      ;B;4010;0019000008;OUTROS VALORES E BENS                             ; 0000000008718039,26
200505;83876003;BCO DO EST. DE SC S.A.                                      ;B;4010;0019800002;OUTROS VALORES E BENS                             ; 0000000008718039,26
200505;83876003;BCO DO EST. DE SC S.A.                                      ;B;4010;0020000004;PERMANENTE                                        ; 0000000083643915,22
200505;83876003;BCO DO EST. DE SC S.A.                                      ;B;4010;0021000003;INVESTIMENTOS                                     ; 0000000059114399,25
200505;83876003;BCO DO EST. DE SC S.A.                                      ;B;4010;0021200009;PARTICIPACOES EM COLIGADAS E CONTROLADAS NO PAIS  ; 0000000055985002,12
200505;83876003;BCO DO EST. DE SC S.A.                                      ;B;4010;0021300002;INVESTIMENTOS POR INCENTIVOS FISCAIS              ; 0000000000007033,98
200505;83876003;BCO DO EST. DE SC S.A.                                      ;B;4010;0021400005;TITULOS PATRIMONIAIS                              ; 0000000000182105,31
200505;83876003;BCO DO EST. DE SC S.A.                                      ;B;4010;0021500008;ACOES E COTAS                                     ; 0000000002925353,73
200505;83876003;BCO DO EST. DE SC S.A.                                      ;B;4010;0021900000;OUTROS INVESTIMENTOS                              ; 0000000000014904,11
200505;83876003;BCO DO EST. DE SC S.A.                                      ;B;4010;0022000002;IMOBILIZADO DE USO                                ; 0000000020737084,24
200505;83876003;BCO DO EST. DE SC S.A.                                      ;B;4010;0022100005;MOVEIS E EQUIPAMENTOS EM ESTOQUE                  ; 0000000000354036,61
200505;83876003;BCO DO EST. DE SC S.A.                                      ;B;4010;0022300001;IMOVEIS DE USO                                    ; 0000000011325657,80
200505;83876003;BCO DO EST. DE SC S.A.                                      ;B;4010;0022400004;INSTALACOES, MOVEIS E EQUIPAMENTOS DE USO         ; 0000000002081985,77
200505;83876003;BCO DO EST. DE SC S.A.                                      ;B;4010;0022900009;OUTROS                                            ; 0000000006975404,06
200505;83876003;BCO DO EST. DE SC S.A.                                      ;B;4010;0024000000;DIFERIDO                                          ; 0000000003792431,73
200505;83876003;BCO DO EST. DE SC S.A.                                      ;B;4010;0024100003;GASTOS DE ORGANIZACAO E EXPANSAO                  ; 0000000003792431,73
200505;83876003;BCO DO EST. DE SC S.A.                                      ;B;4010;0030000001;COMPENSACAO                                       ; 0000005361575319,71
200505;83876003;BCO DO EST. DE SC S.A.                                      ;B;4010;0030100004;COOBRIGACOES E RISCOS EM GARANTIAS PRESTADAS      ; 0000000011122223,37
200505;83876003;BCO DO EST. DE SC S.A.                                      ;B;4010;0030300000;TITULOS E VALORES MOBILIARIOS                     ; 0000001799616861,03
200505;83876003;BCO DO EST. DE SC S.A.                                      ;B;4010;0030400003;CUSTODIA DE VALORES                               ; 0000000510976391,95
200505;83876003;BCO DO EST. DE SC S.A.                                      ;B;4010;0030500006;COBRANCA                                          ; 0000000108980801,48
200505;83876003;BCO DO EST. DE SC S.A.                                      ;B;4010;0030800005;CONTRATOS                                         ; 0000001981161786,00
200505;83876003;BCO DO EST. DE SC S.A.                                      ;B;4010;0030900008;CONTROLE                                          ; 0000000681275415,15
200505;83876003;BCO DO EST. DE SC S.A.                                      ;B;4010;0031000000;CLASSIFICACAO DA CARTEIRA DE CREDITOS             ; 0000000268441840,73
200505;83876003;BCO DO EST. DE SC S.A.                                      ;B;4010;0031100003;OPERACOES DE RISCO NIVEL AA                       ; 0000000024451169,37
200505;83876003;BCO DO EST. DE SC S.A.                                      ;B;4010;0031200006;OPERACOES DE RISCO NIVEL A                        ; 0000000191143029,97
200505;83876003;BCO DO EST. DE SC S.A.                                      ;B;4010;0031300009;OPERACOES DE RISCO NIVELB                         ; 0000000007713932,72
200505;83876003;BCO DO EST. DE SC S.A.                                      ;B;4010;0031400002;OPERACOES DE RISCO NIVELC                         ; 0000000009664404,36
200505;83876003;BCO DO EST. DE SC S.A.                                      ;B;4010;0031500005;OPERACOES DE RISCO NIVEL D                        ; 0000000013726110,21
200505;83876003;BCO DO EST. DE SC S.A.                                      ;B;4010;0031600008;OPERACOES DE RISCO NIVEL E                        ; 0000000004576603,31
200505;83876003;BCO DO EST. DE SC S.A.                                      ;B;4010;0031700001;OPERACOES DE RISCO NIVEL F                        ; 0000000010009679,03
200505;83876003;BCO DO EST. DE SC S.A.                                      ;B;4010;0031800004;OPERACOES DE RISCO NIVEL G                        ; 0000000001021559,70
200505;83876003;BCO DO EST. DE SC S.A.                                      ;B;4010;0031900007;OPERACOES DE RISCO NIVEL H                        ; 0000000006135352,06
200505;83876003;BCO DO EST. DE SC S.A.                                      ;B;4010;0039999993;TOTAL GERAL DO ATIVO                              ; 0000008048616589,63
200505;83876003;BCO DO EST. DE SC S.A.                                      ;B;4010;0040000008;CIRCULANTE EXIGIVEL A LONGO PRAZO                 ; 0000002540641423,73
200505;83876003;BCO DO EST. DE SC S.A.                                      ;B;4010;0041000007;DEPOSITOS                                         ; 0000001113859758,87
200505;83876003;BCO DO EST. DE SC S.A.                                      ;B;4010;0041100000;DEPOSITOS A VISTA                                 ; 0000000464074618,09
200505;83876003;BCO DO EST. DE SC S.A.                                      ;B;4010;0041500002;DEPOSITOS A PRAZO                                 ; 0000000649545676,80
200505;83876003;BCO DO EST. DE SC S.A.                                      ;B;4010;0041900004;OUTROS DEPOSITOS                                  ; 0000000000239463,98
200505;83876003;BCO DO EST. DE SC S.A.                                      ;B;4010;0042000006;OBRIGACOES POR OPERACOES COMPROMISSADAS           ; 0000000937455173,71
200505;83876003;BCO DO EST. DE SC S.A.                                      ;B;4010;0042100009;CARTEIRA PROPRIA                                  ; 0000000937455173,71
200505;83876003;BCO DO EST. DE SC S.A.                                      ;B;4010;0044000004;RELACOES INTERFINANCEIRAS                         ; 0000000037646377,14
200505;83876003;BCO DO EST. DE SC S.A.                                      ;B;4010;0044100007;OBRIGAÇÕES JUNTO A PARTIC. DE SIST. DE LIQUIDACÃO ; 0000000036939118,31
200505;83876003;BCO DO EST. DE SC S.A.                                      ;B;4010;0044400006;RELACOES COM CORRESPONDENTES                      ; 0000000000707258,83
200505;83876003;BCO DO EST. DE SC S.A.                                      ;B;4010;0045000003;RELACOES INTERDEPENDENCIAS                        ; 0000000002812307,78
200505;83876003;BCO DO EST. DE SC S.A.                                      ;B;4010;0045100006;RECURSOS EM TRANSITO DE TERCEIROS                 ; 0000000002812307,78
200505;83876003;BCO DO EST. DE SC S.A.                                      ;B;4010;0046000002;OBRIGACOES POR EMPRESTIMOS E REPASSES             ; 0000000047886697,03
200505;83876003;BCO DO EST. DE SC S.A.                                      ;B;4010;0046400004;REPASSES DO PAIS - INSTITUICOES OFICIAIS          ; 0000000047886697,03
200505;83876003;BCO DO EST. DE SC S.A.                                      ;B;4010;0049000009;OUTRAS OBRIGACOES                                 ; 0000000400981109,20
200505;83876003;BCO DO EST. DE SC S.A.                                      ;B;4010;0049100002;COBRANCA E ARRECADACAO DE TRIBUTOS E ASSEMELHADOS ; 0000000024724835,19
200505;83876003;BCO DO EST. DE SC S.A.                                      ;B;4010;0049200005;CARTEIRA DE CAMBIO                                ; 0000000000012269,61
200505;83876003;BCO DO EST. DE SC S.A.                                      ;B;4010;0049400001;FISCAIS E PREVIDENCIARIAS                         ; 0000000009588441,52
200505;83876003;BCO DO EST. DE SC S.A.                                      ;B;4010;0049900006;DIVERSAS                                          ; 0000000366655562,88
200505;83876003;BCO DO EST. DE SC S.A.                                      ;B;4010;0060000002;PATRIMONIO LIQUIDO                                ; 0000000141327309,52
200505;83876003;BCO DO EST. DE SC S.A.                                      ;B;4010;0061000001;PATRIMONIO LIQUIDO                                ; 0000000141327309,52
200505;83876003;BCO DO EST. DE SC S.A.                                      ;B;4010;0061100004;CAPITAL SOCIAL                                    ; 0000001319051179,00
200505;83876003;BCO DO EST. DE SC S.A.                                      ;B;4010;0061800005;LUCROS OU PREJUIZOS ACUMULADOS                    ;-0000001177723869,48
200505;83876003;BCO DO EST. DE SC S.A.                                      ;B;4010;0070000009;CONTAS DE RESULTADO CREDORAS                      ; 0000000237582182,48
200505;83876003;BCO DO EST. DE SC S.A.                                      ;B;4010;0071000008;RECEITAS OPERACIONAIS                             ; 0000000233759334,55
200505;83876003;BCO DO EST. DE SC S.A.                                      ;B;4010;0071100001;RENDAS DE OPERACOES DE CREDITO                    ; 0000000031621887,07
200505;83876003;BCO DO EST. DE SC S.A.                                      ;B;4010;0071300007;RENDAS DE CAMBIO                                  ; 0000000000827730,65
200505;83876003;BCO DO EST. DE SC S.A.                                      ;B;4010;0071400000;RENDAS DE APLICACOES INTERFINANCEIRAS DE LIQUIDEZ ; 0000000015753874,30
200505;83876003;BCO DO EST. DE SC S.A.                                      ;B;4010;0071500003;RENDAS COM TIT. E VAL. MOB. E INST. FINANC. DERIV.; 0000000118585340,64
200505;83876003;BCO DO EST. DE SC S.A.                                      ;B;4010;0071700009;RENDAS DE PRESTACAO DE SERVICOS                   ; 0000000049093526,88
200505;83876003;BCO DO EST. DE SC S.A.                                      ;B;4010;0071800002;RENDAS DE PARTICIPACOES                           ; 0000000003212875,70
200505;83876003;BCO DO EST. DE SC S.A.                                      ;B;4010;0071900005;OUTRAS RECEITAS OPERACIONAIS                      ; 0000000014664099,31
200505;83876003;BCO DO EST. DE SC S.A.                                      ;B;4010;0073000006;RECEITAS NAO OPERACIONAIS                         ; 0000000003822847,93
200505;83876003;BCO DO EST. DE SC S.A.                                      ;B;4010;0073100009;LUCROS EM TRANSACOES COM VALORES E BENS           ; 0000000000124900,00
200505;83876003;BCO DO EST. DE SC S.A.                                      ;B;4010;0073900003;OUTRAS RECEITAS NAO OPERACIONAIS                  ; 0000000003697947,93
200505;83876003;BCO DO EST. DE SC S.A.                                      ;B;4010;0080000006;(-) CONTAS DE RESULTADO DEVEDORAS                 ;-0000000232509645,81
200505;83876003;BCO DO EST. DE SC S.A.                                      ;B;4010;0081000005;(-) DESPESAS OPERACIONAIS                         ;-0000000232346344,42
200505;83876003;BCO DO EST. DE SC S.A.                                      ;B;4010;0081100008;(-) DESPESAS DE CAPTACAO                          ;-0000000099203115,51
200505;83876003;BCO DO EST. DE SC S.A.                                      ;B;4010;0081200001;(-) DESP DE OBRIGACOES POR EMPRESTIMOS E REPASSES ;-0000000001180316,86
200505;83876003;BCO DO EST. DE SC S.A.                                      ;B;4010;0081400007;(-) DESPESAS DE CAMBIO                            ;-0000000001571416,03
200505;83876003;BCO DO EST. DE SC S.A.                                      ;B;4010;0081500000;(-) DESP. COM TIT. E VAL. MOB. E INST. FIN. DERIV.;-0000000000262593,68
200505;83876003;BCO DO EST. DE SC S.A.                                      ;B;4010;0081600003;(-) DESPESAS DE PARTICIPACOES                     ;-0000000000164927,22
200505;83876003;BCO DO EST. DE SC S.A.                                      ;B;4010;0081700006;(-) DESPESAS ADMINISTRATIVAS                      ;-0000000113428079,90
200505;83876003;BCO DO EST. DE SC S.A.                                      ;B;4010;0081800009;(-) APROVISIONAMENTOS E AJUSTES PATRIMONIAIS      ;-0000000005110272,37
200505;83876003;BCO DO EST. DE SC S.A.                                      ;B;4010;0081900002;(-) OUTRAS DESPESAS OPERACIONAIS                  ;-0000000011425622,85
200505;83876003;BCO DO EST. DE SC S.A.                                      ;B;4010;0083000003;(-) DESPESAS NAO OPERACIONAIS                     ;-0000000000163301,39
200505;83876003;BCO DO EST. DE SC S.A.                                      ;B;4010;0083900000;(-) OUTRAS DESPESAS NAO OPERACIONAIS              ;-0000000000163301,39
200505;83876003;BCO DO EST. DE SC S.A.                                      ;B;4010;0090000003;COMPENSACAO                                       ; 0000005361575319,71
200505;83876003;BCO DO EST. DE SC S.A.                                      ;B;4010;0090100006;COOBRIGACOES E RISCOS EM GARANTIAS PRESTADAS      ; 0000000011122223,37
200505;83876003;BCO DO EST. DE SC S.A.                                      ;B;4010;0090300002;TITULOS E VALORES MOBILIARIOS                     ; 0000001799616861,03
200505;83876003;BCO DO EST. DE SC S.A.                                      ;B;4010;0090400005;CUSTODIA DE VALORES                               ; 0000000510976391,95
200505;83876003;BCO DO EST. DE SC S.A.                                      ;B;4010;0090500008;COBRANCA                                          ; 0000000108980801,48
200505;83876003;BCO DO EST. DE SC S.A.                                      ;B;4010;0090800007;CONTRATOS                                         ; 0000001981161786,00
200505;83876003;BCO DO EST. DE SC S.A.                                      ;B;4010;0090900000;CONTROLE                                          ; 0000000681275415,15
200505;83876003;BCO DO EST. DE SC S.A.                                      ;B;4010;0091000002;CLASSIFICACAO DA CARTEIRA DE CREDITOS             ; 0000000268441840,73
200505;83876003;BCO DO EST. DE SC S.A.                                      ;B;4010;0091100005;OPERACOES DE CREDITOS E ARRENDAMENTO MERCANTIL    ; 0000000268441840,73
200505;83876003;BCO DO EST. DE SC S.A.                                      ;B;4010;0099999995;TOTAL GERAL DO PASSIVO                            ; 0000008048616589,63
200505;90400888;BCO SANTANDER (BRASIL) S.A.                                 ;U;4010;0010000007;CIRCULANTE E REALIZAVEL A LONGO PRAZO             ; 0000004461215417,19
200505;90400888;BCO SANTANDER (BRASIL) S.A.                                 ;U;4010;0011000006;DISPONIBILIDADES                                  ; 0000000053117216,34
200505;90400888;BCO SANTANDER (BRASIL) S.A.                                 ;U;4010;0011100009;CAIXA                                             ; 0000000049781413,77
200505;90400888;BCO SANTANDER (BRASIL) S.A.                                 ;U;4010;0011200002;DEPOSITOS BANCARIOS                               ; 0000000002189807,56
200505;90400888;BCO SANTANDER (BRASIL) S.A.                                 ;U;4010;0011400008;APLICACOES EM OURO                                ; 0000000000074069,67
200505;90400888;BCO SANTANDER (BRASIL) S.A.                                 ;U;4010;0011500001;DISPONIBILIDADES EM MOEDAS ESTRANGEIRAS           ; 0000000001071925,34
200505;90400888;BCO SANTANDER (BRASIL) S.A.                                 ;U;4010;0012000005;APLICACOES INTERFINANCEIRAS DE LIQUIDEZ           ; 0000000175285380,89
200505;90400888;BCO SANTANDER (BRASIL) S.A.                                 ;U;4010;0012100008;APLICACOES EM OPERACOES COMPROMISSADAS            ; 0000000174997020,89
200505;90400888;BCO SANTANDER (BRASIL) S.A.                                 ;U;4010;0012600003;APLICA OES EM MOEDAS ESTRANGEIRAS                 ; 0000000000288360,00
200505;90400888;BCO SANTANDER (BRASIL) S.A.                                 ;U;4010;0013000004;TITULOS E VAL. MOB. E INST. FINANC. DERIVATIVOS   ; 0000001078602539,07
200505;90400888;BCO SANTANDER (BRASIL) S.A.                                 ;U;4010;0013100007;LIVRES                                            ; 0000000239705067,72
200505;90400888;BCO SANTANDER (BRASIL) S.A.                                 ;U;4010;0013200000;VINCULADOS A OPERACOES COMPROMISSADAS             ; 0000000601270844,98
200505;90400888;BCO SANTANDER (BRASIL) S.A.                                 ;U;4010;0013300003;INSTRUMENTOS FINANCEIROS DERIVATIVOS              ; 0000000008093292,83
200505;90400888;BCO SANTANDER (BRASIL) S.A.                                 ;U;4010;0013400006;VINCULADOS AO BANCO CENTRAL                       ; 0000000071742310,50
200505;90400888;BCO SANTANDER (BRASIL) S.A.                                 ;U;4010;0013600002;VINCULADOS A PRESTACAO DE GARANTIAS               ; 0000000157791023,04
200505;90400888;BCO SANTANDER (BRASIL) S.A.                                 ;U;4010;0014000003;RELACOES INTERFINANCEIRAS                         ; 0000000231459643,97
200505;90400888;BCO SANTANDER (BRASIL) S.A.                                 ;U;4010;0014100006;DIREITOS JUNTO A PARTIC. DE SISTEMAS DE LIQUIDAÇÃO; 0000000034302196,33
200505;90400888;BCO SANTANDER (BRASIL) S.A.                                 ;U;4010;0014200009;CREDITOS VINCULADOS                               ; 0000000196685570,23
200505;90400888;BCO SANTANDER (BRASIL) S.A.                                 ;U;4010;0014400005;RELACOES COM CORRESPONDENTES                      ; 0000000000471877,41
200505;90400888;BCO SANTANDER (BRASIL) S.A.                                 ;U;4010;0015000002;RELACOES INTERDEPENDENCIAS                        ; 0000000000000406,59
200505;90400888;BCO SANTANDER (BRASIL) S.A.                                 ;U;4010;0015200008;TRANSFERENCIAS INTERNAS DE RECURSOS               ; 0000000000000406,59
200505;90400888;BCO SANTANDER (BRASIL) S.A.                                 ;U;4010;0016000001;OPERACOES DE CREDITO                              ; 0000001484489398,28
200505;90400888;BCO SANTANDER (BRASIL) S.A.                                 ;U;4010;0016100004;EMPRESTIMOS E TITULOS DESCONTADOS                 ; 0000000790724922,46
200505;90400888;BCO SANTANDER (BRASIL) S.A.                                 ;U;4010;0016200007;FINANCIAMENTOS                                    ; 0000000438197174,11
200505;90400888;BCO SANTANDER (BRASIL) S.A.                                 ;U;4010;0016300000;FINANCIAMENTOS RURAIS E AGROINDUSTRIAIS           ; 0000000169967086,23
200505;90400888;BCO SANTANDER (BRASIL) S.A.                                 ;U;4010;0016400003;FINANCIAMENTOS IMOBILIARIOS                       ; 0000000166706792,73
200505;90400888;BCO SANTANDER (BRASIL) S.A.                                 ;U;4010;0016900008;(-) PROVISOES PARA OPERACOES DE CREDITO           ;-0000000081106577,25
200505;90400888;BCO SANTANDER (BRASIL) S.A.                                 ;U;4010;0018000009;OUTROS CREDITOS                                   ; 0000001158290641,92
200505;90400888;BCO SANTANDER (BRASIL) S.A.                                 ;U;4010;0018200005;CARTEIRA DE CAMBIO                                ; 0000000001913200,00
200505;90400888;BCO SANTANDER (BRASIL) S.A.                                 ;U;4010;0018300008;RENDAS A RECEBER                                  ; 0000000020446304,83
200505;90400888;BCO SANTANDER (BRASIL) S.A.                                 ;U;4010;0018400001;NEGOCIACAO E INTERMEDIACAO DE VALORES             ; 0000000007808564,14
200505;90400888;BCO SANTANDER (BRASIL) S.A.                                 ;U;4010;0018800003;DIVERSOS                                          ; 0000001131751390,28
200505;90400888;BCO SANTANDER (BRASIL) S.A.                                 ;U;4010;0018900006;(-) PROVISOES PARA OUTROS CREDITOS                ;-0000000003628817,33
200505;90400888;BCO SANTANDER (BRASIL) S.A.                                 ;U;4010;0019000008;OUTROS VALORES E BENS                             ; 0000000279970190,13
200505;90400888;BCO SANTANDER (BRASIL) S.A.                                 ;U;4010;0019100001;INVESTIMENTOS TEMPORARIOS                         ; 0000000274747515,52
200505;90400888;BCO SANTANDER (BRASIL) S.A.                                 ;U;4010;0019800002;OUTROS VALORES E BENS                             ; 0000000000144086,13
200505;90400888;BCO SANTANDER (BRASIL) S.A.                                 ;U;4010;0019900005;DESPESAS ANTECIPADAS                              ; 0000000005078588,48
200505;90400888;BCO SANTANDER (BRASIL) S.A.                                 ;U;4010;0020000004;PERMANENTE                                        ; 0000000330513651,50
200505;90400888;BCO SANTANDER (BRASIL) S.A.                                 ;U;4010;0021000003;INVESTIMENTOS                                     ; 0000000274281099,63
200505;90400888;BCO SANTANDER (BRASIL) S.A.                                 ;U;4010;0021200009;PARTICIPACOES EM COLIGADAS E CONTROLADAS NO PAIS  ; 0000000270839306,30
200505;90400888;BCO SANTANDER (BRASIL) S.A.                                 ;U;4010;0021400005;TITULOS PATRIMONIAIS                              ; 0000000000288261,70
200505;90400888;BCO SANTANDER (BRASIL) S.A.                                 ;U;4010;0021500008;ACOES E COTAS                                     ; 0000000003100594,64
200505;90400888;BCO SANTANDER (BRASIL) S.A.                                 ;U;4010;0021900000;OUTROS INVESTIMENTOS                              ; 0000000000052936,99
200505;90400888;BCO SANTANDER (BRASIL) S.A.                                 ;U;4010;0022000002;IMOBILIZADO DE USO                                ; 0000000018695354,38
200505;90400888;BCO SANTANDER (BRASIL) S.A.                                 ;U;4010;0022200008;IMOBILIZACOES EM CURSO                            ; 0000000000003357,00
200505;90400888;BCO SANTANDER (BRASIL) S.A.                                 ;U;4010;0022300001;IMOVEIS DE USO                                    ; 0000000006708399,55
200505;90400888;BCO SANTANDER (BRASIL) S.A.                                 ;U;4010;0022400004;INSTALACOES, MOVEIS E EQUIPAMENTOS DE USO         ; 0000000008262892,68
200505;90400888;BCO SANTANDER (BRASIL) S.A.                                 ;U;4010;0022900009;OUTROS                                            ; 0000000003720705,15
200505;90400888;BCO SANTANDER (BRASIL) S.A.                                 ;U;4010;0024000000;DIFERIDO                                          ; 0000000037537197,49
200505;90400888;BCO SANTANDER (BRASIL) S.A.                                 ;U;4010;0024100003;GASTOS DE ORGANIZACAO E EXPANSAO                  ; 0000000037537197,49
200505;90400888;BCO SANTANDER (BRASIL) S.A.                                 ;U;4010;0030000001;COMPENSACAO                                       ; 0000016874929995,09
200505;90400888;BCO SANTANDER (BRASIL) S.A.                                 ;U;4010;0030100004;COOBRIGACOES E RISCOS EM GARANTIAS PRESTADAS      ; 0000000041383039,23
200505;90400888;BCO SANTANDER (BRASIL) S.A.                                 ;U;4010;0030300000;TITULOS E VALORES MOBILIARIOS                     ; 0000001999056912,31
200505;90400888;BCO SANTANDER (BRASIL) S.A.                                 ;U;4010;0030400003;CUSTODIA DE VALORES                               ; 0000002674291675,70
200505;90400888;BCO SANTANDER (BRASIL) S.A.                                 ;U;4010;0030500006;COBRANCA                                          ; 0000001118582197,61
200505;90400888;BCO SANTANDER (BRASIL) S.A.                                 ;U;4010;0030600009;NEGOCIACAO E INTERMEDIACAO DE VALORES             ; 0000002585046526,34
200505;90400888;BCO SANTANDER (BRASIL) S.A.                                 ;U;4010;0030800005;CONTRATOS                                         ; 0000000374812293,36
200505;90400888;BCO SANTANDER (BRASIL) S.A.                                 ;U;4010;0030900008;CONTROLE                                          ; 0000006488795928,09
200505;90400888;BCO SANTANDER (BRASIL) S.A.                                 ;U;4010;0031000000;CLASSIFICACAO DA CARTEIRA DE CREDITOS             ; 0000001592961422,45
200505;90400888;BCO SANTANDER (BRASIL) S.A.                                 ;U;4010;0031100003;OPERACOES DE RISCO NIVEL AA                       ; 0000000438827566,30
200505;90400888;BCO SANTANDER (BRASIL) S.A.                                 ;U;4010;0031200006;OPERACOES DE RISCO NIVEL A                        ; 0000000892103190,29
200505;90400888;BCO SANTANDER (BRASIL) S.A.                                 ;U;4010;0031300009;OPERACOES DE RISCO NIVELB                         ; 0000000070040816,73
200505;90400888;BCO SANTANDER (BRASIL) S.A.                                 ;U;4010;0031400002;OPERACOES DE RISCO NIVELC                         ; 0000000029016232,76
200505;90400888;BCO SANTANDER (BRASIL) S.A.                                 ;U;4010;0031500005;OPERACOES DE RISCO NIVEL D                        ; 0000000079149582,12
200505;90400888;BCO SANTANDER (BRASIL) S.A.                                 ;U;4010;0031600008;OPERACOES DE RISCO NIVEL E                        ; 0000000011180175,81
200505;90400888;BCO SANTANDER (BRASIL) S.A.                                 ;U;4010;0031700001;OPERACOES DE RISCO NIVEL F                        ; 0000000007300651,78
200505;90400888;BCO SANTANDER (BRASIL) S.A.                                 ;U;4010;0031800004;OPERACOES DE RISCO NIVEL G                        ; 0000000005190576,52
200505;90400888;BCO SANTANDER (BRASIL) S.A.                                 ;U;4010;0031900007;OPERACOES DE RISCO NIVEL H                        ; 0000000060152630,14
200505;90400888;BCO SANTANDER (BRASIL) S.A.                                 ;U;4010;0039999993;TOTAL GERAL DO ATIVO                              ; 0000021666659063,78
200505;90400888;BCO SANTANDER (BRASIL) S.A.                                 ;U;4010;0040000008;CIRCULANTE EXIGIVEL A LONGO PRAZO                 ; 0000003166126587,97
200505;90400888;BCO SANTANDER (BRASIL) S.A.                                 ;U;4010;0041000007;DEPOSITOS                                         ; 0000001670245605,74
200505;90400888;BCO SANTANDER (BRASIL) S.A.                                 ;U;4010;0041100000;DEPOSITOS A VISTA                                 ; 0000000187255715,43
200505;90400888;BCO SANTANDER (BRASIL) S.A.                                 ;U;4010;0041200003;DEPOSITOS DE POUPANCA                             ; 0000000590042427,74
200505;90400888;BCO SANTANDER (BRASIL) S.A.                                 ;U;4010;0041300006;DEPOSITOS INTERFINANCEIROS                        ; 0000000301503030,00
200505;90400888;BCO SANTANDER (BRASIL) S.A.                                 ;U;4010;0041500002;DEPOSITOS A PRAZO                                 ; 0000000587258737,30
200505;90400888;BCO SANTANDER (BRASIL) S.A.                                 ;U;4010;0041900004;OUTROS DEPOSITOS                                  ; 0000000004185695,27
200505;90400888;BCO SANTANDER (BRASIL) S.A.                                 ;U;4010;0042000006;OBRIGACOES POR OPERACOES COMPROMISSADAS           ; 0000000591605116,59
200505;90400888;BCO SANTANDER (BRASIL) S.A.                                 ;U;4010;0042100009;CARTEIRA PROPRIA                                  ; 0000000591288705,30
200505;90400888;BCO SANTANDER (BRASIL) S.A.                                 ;U;4010;0042200002;CARTEIRA DE TERCEIROS                             ; 0000000000316411,29
200505;90400888;BCO SANTANDER (BRASIL) S.A.                                 ;U;4010;0044000004;RELACOES INTERFINANCEIRAS                         ; 0000000038594019,96
200505;90400888;BCO SANTANDER (BRASIL) S.A.                                 ;U;4010;0044100007;OBRIGAÇÕES JUNTO A PARTIC. DE SIST. DE LIQUIDACÃO ; 0000000038511543,98
200505;90400888;BCO SANTANDER (BRASIL) S.A.                                 ;U;4010;0044400006;RELACOES COM CORRESPONDENTES                      ; 0000000000082475,98
200505;90400888;BCO SANTANDER (BRASIL) S.A.                                 ;U;4010;0045000003;RELACOES INTERDEPENDENCIAS                        ; 0000000001978436,29
200505;90400888;BCO SANTANDER (BRASIL) S.A.                                 ;U;4010;0045100006;RECURSOS EM TRANSITO DE TERCEIROS                 ; 0000000001821147,09
200505;90400888;BCO SANTANDER (BRASIL) S.A.                                 ;U;4010;0045200009;TRANSFERENCIAS INTERNAS DE RECURSOS               ; 0000000000157289,20
200505;90400888;BCO SANTANDER (BRASIL) S.A.                                 ;U;4010;0046000002;OBRIGACOES POR EMPRESTIMOS E REPASSES             ; 0000000233603892,29
200505;90400888;BCO SANTANDER (BRASIL) S.A.                                 ;U;4010;0046400004;REPASSES DO PAIS - INSTITUICOES OFICIAIS          ; 0000000233603892,29
200505;90400888;BCO SANTANDER (BRASIL) S.A.                                 ;U;4010;0047000001;INSTRUMENTOS FINANCEIROS DERIVATIVOS              ; 0000000003314042,48
200505;90400888;BCO SANTANDER (BRASIL) S.A.                                 ;U;4010;0047100004;INSTRUMENTOS FINANCEIROS DERIVATIVOS              ; 0000000003314042,48
200505;90400888;BCO SANTANDER (BRASIL) S.A.                                 ;U;4010;0049000009;OUTRAS OBRIGACOES                                 ; 0000000626785474,62
200505;90400888;BCO SANTANDER (BRASIL) S.A.                                 ;U;4010;0049100002;COBRANCA E ARRECADACAO DE TRIBUTOS E ASSEMELHADOS ; 0000000158535780,95
200505;90400888;BCO SANTANDER (BRASIL) S.A.                                 ;U;4010;0049200005;CARTEIRA DE CAMBIO                                ; 0000000002874485,96
200505;90400888;BCO SANTANDER (BRASIL) S.A.                                 ;U;4010;0049300008;SOCIAIS E ESTATUTARIAS                            ; 0000000002776094,95
200505;90400888;BCO SANTANDER (BRASIL) S.A.                                 ;U;4010;0049400001;FISCAIS E PREVIDENCIARIAS                         ; 0000000050948933,08
200505;90400888;BCO SANTANDER (BRASIL) S.A.                                 ;U;4010;0049500004;NEGOCIACAO E INTERMEDIACAO DE VALORES             ; 0000000008200080,40
200505;90400888;BCO SANTANDER (BRASIL) S.A.                                 ;U;4010;0049900006;DIVERSAS                                          ; 0000000403450099,28
200505;90400888;BCO SANTANDER (BRASIL) S.A.                                 ;U;4010;0050000005;RESULTADOS DE EXERCICIOS FUTUROS                  ; 0000000000094595,69
200505;90400888;BCO SANTANDER (BRASIL) S.A.                                 ;U;4010;0051000004;RECEITAS DE EXERCICIOS FUTUROS                    ; 0000000000094595,69
200505;90400888;BCO SANTANDER (BRASIL) S.A.                                 ;U;4010;0051100007;RECEITAS DE EXERCICIOS FUTUROS                    ; 0000000000094595,69
200505;90400888;BCO SANTANDER (BRASIL) S.A.                                 ;U;4010;0060000002;PATRIMONIO LIQUIDO                                ; 0000001603399224,93
200505;90400888;BCO SANTANDER (BRASIL) S.A.                                 ;U;4010;0061000001;PATRIMONIO LIQUIDO                                ; 0000001603399224,93
200505;90400888;BCO SANTANDER (BRASIL) S.A.                                 ;U;4010;0061100004;CAPITAL SOCIAL                                    ; 0000001493587244,06
200505;90400888;BCO SANTANDER (BRASIL) S.A.                                 ;U;4010;0061300000;RESERVAS DE CAPITAL                               ; 0000000000241759,66
200505;90400888;BCO SANTANDER (BRASIL) S.A.                                 ;U;4010;0061500006;RESERVAS DE LUCROS                                ; 0000000007544602,65
200505;90400888;BCO SANTANDER (BRASIL) S.A.                                 ;U;4010;0061600009;AJUSTES DE AVALIACAO PATRIMONIAL                  ; 0000000021619729,43
200505;90400888;BCO SANTANDER (BRASIL) S.A.                                 ;U;4010;0061800005;LUCROS OU PREJUIZOS ACUMULADOS                    ; 0000000080405889,13
200505;90400888;BCO SANTANDER (BRASIL) S.A.                                 ;U;4010;0070000009;CONTAS DE RESULTADO CREDORAS                      ; 0000000700903485,99
200505;90400888;BCO SANTANDER (BRASIL) S.A.                                 ;U;4010;0071000008;RECEITAS OPERACIONAIS                             ; 0000000696693797,57
200505;90400888;BCO SANTANDER (BRASIL) S.A.                                 ;U;4010;0071100001;RENDAS DE OPERACOES DE CREDITO                    ; 0000000176717819,62
200505;90400888;BCO SANTANDER (BRASIL) S.A.                                 ;U;4010;0071300007;RENDAS DE CAMBIO                                  ; 0000000000063400,17
200505;90400888;BCO SANTANDER (BRASIL) S.A.                                 ;U;4010;0071400000;RENDAS DE APLICACOES INTERFINANCEIRAS DE LIQUIDEZ ; 0000000011162756,00
200505;90400888;BCO SANTANDER (BRASIL) S.A.                                 ;U;4010;0071500003;RENDAS COM TIT. E VAL. MOB. E INST. FINANC. DERIV.; 0000000303548571,52
200505;90400888;BCO SANTANDER (BRASIL) S.A.                                 ;U;4010;0071700009;RENDAS DE PRESTACAO DE SERVICOS                   ; 0000000039106678,05
200505;90400888;BCO SANTANDER (BRASIL) S.A.                                 ;U;4010;0071800002;RENDAS DE PARTICIPACOES                           ; 0000000013906379,86
200505;90400888;BCO SANTANDER (BRASIL) S.A.                                 ;U;4010;0071900005;OUTRAS RECEITAS OPERACIONAIS                      ; 0000000152188192,35
200505;90400888;BCO SANTANDER (BRASIL) S.A.                                 ;U;4010;0073000006;RECEITAS NAO OPERACIONAIS                         ; 0000000004209688,42
200505;90400888;BCO SANTANDER (BRASIL) S.A.                                 ;U;4010;0073100009;LUCROS EM TRANSACOES COM VALORES E BENS           ; 0000000000268868,45
200505;90400888;BCO SANTANDER (BRASIL) S.A.                                 ;U;4010;0073900003;OUTRAS RECEITAS NAO OPERACIONAIS                  ; 0000000003940819,97
200505;90400888;BCO SANTANDER (BRASIL) S.A.                                 ;U;4010;0080000006;(-) CONTAS DE RESULTADO DEVEDORAS                 ;-0000000678794825,89
200505;90400888;BCO SANTANDER (BRASIL) S.A.                                 ;U;4010;0081000005;(-) DESPESAS OPERACIONAIS                         ;-0000000682743559,79
200505;90400888;BCO SANTANDER (BRASIL) S.A.                                 ;U;4010;0081100008;(-) DESPESAS DE CAPTACAO                          ;-0000000127006585,93
200505;90400888;BCO SANTANDER (BRASIL) S.A.                                 ;U;4010;0081200001;(-) DESP DE OBRIGACOES POR EMPRESTIMOS E REPASSES ;-0000000008573736,93
200505;90400888;BCO SANTANDER (BRASIL) S.A.                                 ;U;4010;0081400007;(-) DESPESAS DE CAMBIO                            ;-0000000000024212,21
200505;90400888;BCO SANTANDER (BRASIL) S.A.                                 ;U;4010;0081500000;(-) DESP. COM TIT. E VAL. MOB. E INST. FIN. DERIV.;-0000000254187038,68
200505;90400888;BCO SANTANDER (BRASIL) S.A.                                 ;U;4010;0081600003;(-) DESPESAS DE PARTICIPACOES                     ;-0000000010733282,07
200505;90400888;BCO SANTANDER (BRASIL) S.A.                                 ;U;4010;0081700006;(-) DESPESAS ADMINISTRATIVAS                      ;-0000000083675538,47
200505;90400888;BCO SANTANDER (BRASIL) S.A.                                 ;U;4010;0081800009;(-) APROVISIONAMENTOS E AJUSTES PATRIMONIAIS      ;-0000000095976455,19
200505;90400888;BCO SANTANDER (BRASIL) S.A.                                 ;U;4010;0081900002;(-) OUTRAS DESPESAS OPERACIONAIS                  ;-0000000102566710,31
200505;90400888;BCO SANTANDER (BRASIL) S.A.                                 ;U;4010;0083000003;(-) DESPESAS NAO OPERACIONAIS                     ;-0000000004431932,96
200505;90400888;BCO SANTANDER (BRASIL) S.A.                                 ;U;4010;0083100006;(-) PREJUIZOS EM TRANSACOES COM VALORES E BENS    ;-0000000000818515,63
200505;90400888;BCO SANTANDER (BRASIL) S.A.                                 ;U;4010;0083900000;(-) OUTRAS DESPESAS NAO OPERACIONAIS              ;-0000000003613417,33
200505;90400888;BCO SANTANDER (BRASIL) S.A.                                 ;U;4010;0089000007;(-) APURACAO DE RESULTADO                         ; 0000000008380666,86
200505;90400888;BCO SANTANDER (BRASIL) S.A.                                 ;U;4010;0089400009;(-) IMPOSTO DE RENDA                              ; 0000000010459666,86
200505;90400888;BCO SANTANDER (BRASIL) S.A.                                 ;U;4010;0089700008;(-) PARTICIPACOES NO LUCRO                        ;-0000000002079000,00
200505;90400888;BCO SANTANDER (BRASIL) S.A.                                 ;U;4010;0090000003;COMPENSACAO                                       ; 0000016874929995,09
200505;90400888;BCO SANTANDER (BRASIL) S.A.                                 ;U;4010;0090100006;COOBRIGACOES E RISCOS EM GARANTIAS PRESTADAS      ; 0000000041383039,23
200505;90400888;BCO SANTANDER (BRASIL) S.A.                                 ;U;4010;0090300002;TITULOS E VALORES MOBILIARIOS                     ; 0000001999056912,31
200505;90400888;BCO SANTANDER (BRASIL) S.A.                                 ;U;4010;0090400005;CUSTODIA DE VALORES                               ; 0000002674291675,70
200505;90400888;BCO SANTANDER (BRASIL) S.A.                                 ;U;4010;0090500008;COBRANCA                                          ; 0000001118582197,61
200505;90400888;BCO SANTANDER (BRASIL) S.A.                                 ;U;4010;0090600001;NEGOCIACAO E INTERMEDIACAO DE VALORES             ; 0000002585046526,34
200505;90400888;BCO SANTANDER (BRASIL) S.A.                                 ;U;4010;0090800007;CONTRATOS                                         ; 0000000374812293,36
200505;90400888;BCO SANTANDER (BRASIL) S.A.                                 ;U;4010;0090900000;CONTROLE                                          ; 0000006488795928,09
200505;90400888;BCO SANTANDER (BRASIL) S.A.                                 ;U;4010;0091000002;CLASSIFICACAO DA CARTEIRA DE CREDITOS             ; 0000001592961422,45
200505;90400888;BCO SANTANDER (BRASIL) S.A.                                 ;U;4010;0091100005;OPERACOES DE CREDITOS E ARRENDAMENTO MERCANTIL    ; 0000001592961422,45
200505;90400888;BCO SANTANDER (BRASIL) S.A.                                 ;U;4010;0099999995;TOTAL GERAL DO PASSIVO                            ; 0000021666659063,78
200505;90731688;BCO FORD S.A.                                               ;U;4010;0010000007;CIRCULANTE E REALIZAVEL A LONGO PRAZO             ; 0000000908243565,29
200505;90731688;BCO FORD S.A.                                               ;U;4010;0011000006;DISPONIBILIDADES                                  ; 0000000025624707,08
200505;90731688;BCO FORD S.A.                                               ;U;4010;0011200002;DEPOSITOS BANCARIOS                               ; 0000000025624707,08
200505;90731688;BCO FORD S.A.                                               ;U;4010;0013000004;TITULOS E VAL. MOB. E INST. FINANC. DERIVATIVOS   ; 0000000001807927,46
200505;90731688;BCO FORD S.A.                                               ;U;4010;0013400006;VINCULADOS AO BANCO CENTRAL                       ; 0000000001807927,46
200505;90731688;BCO FORD S.A.                                               ;U;4010;0016000001;OPERACOES DE CREDITO                              ; 0000000837208745,88
200505;90731688;BCO FORD S.A.                                               ;U;4010;0016100004;EMPRESTIMOS E TITULOS DESCONTADOS                 ; 0000000038654045,15
200505;90731688;BCO FORD S.A.                                               ;U;4010;0016200007;FINANCIAMENTOS                                    ; 0000000814144976,27
200505;90731688;BCO FORD S.A.                                               ;U;4010;0016900008;(-) PROVISOES PARA OPERACOES DE CREDITO           ;-0000000015590275,54
200505;90731688;BCO FORD S.A.                                               ;U;4010;0018000009;OUTROS CREDITOS                                   ; 0000000041417400,47
200505;90731688;BCO FORD S.A.                                               ;U;4010;0018800003;DIVERSOS                                          ; 0000000041417400,47
200505;90731688;BCO FORD S.A.                                               ;U;4010;0019000008;OUTROS VALORES E BENS                             ; 0000000002184784,40
200505;90731688;BCO FORD S.A.                                               ;U;4010;0019800002;OUTROS VALORES E BENS                             ; 0000000002184784,40
200505;90731688;BCO FORD S.A.                                               ;U;4010;0030000001;COMPENSACAO                                       ; 0000001900107500,50
200505;90731688;BCO FORD S.A.                                               ;U;4010;0030300000;TITULOS E VALORES MOBILIARIOS                     ; 0000000001807927,46
200505;90731688;BCO FORD S.A.                                               ;U;4010;0030900008;CONTROLE                                          ; 0000001037434964,04
200505;90731688;BCO FORD S.A.                                               ;U;4010;0031000000;CLASSIFICACAO DA CARTEIRA DE CREDITOS             ; 0000000860864609,00
200505;90731688;BCO FORD S.A.                                               ;U;4010;0031100003;OPERACOES DE RISCO NIVEL AA                       ; 0000000008065587,58
200505;90731688;BCO FORD S.A.                                               ;U;4010;0031200006;OPERACOES DE RISCO NIVEL A                        ; 0000000440152476,60
200505;90731688;BCO FORD S.A.                                               ;U;4010;0031300009;OPERACOES DE RISCO NIVELB                         ; 0000000241163188,88
200505;90731688;BCO FORD S.A.                                               ;U;4010;0031400002;OPERACOES DE RISCO NIVELC                         ; 0000000111195652,99
200505;90731688;BCO FORD S.A.                                               ;U;4010;0031500005;OPERACOES DE RISCO NIVEL D                        ; 0000000057727719,20
200505;90731688;BCO FORD S.A.                                               ;U;4010;0031600008;OPERACOES DE RISCO NIVEL E                        ; 0000000000358660,26
200505;90731688;BCO FORD S.A.                                               ;U;4010;0031700001;OPERACOES DE RISCO NIVEL F                        ; 0000000000848428,96
200505;90731688;BCO FORD S.A.                                               ;U;4010;0031800004;OPERACOES DE RISCO NIVEL G                        ; 0000000000051557,76
200505;90731688;BCO FORD S.A.                                               ;U;4010;0031900007;OPERACOES DE RISCO NIVEL H                        ; 0000000001301336,77
200505;90731688;BCO FORD S.A.                                               ;U;4010;0039999993;TOTAL GERAL DO ATIVO                              ; 0000002808351065,79
200505;90731688;BCO FORD S.A.                                               ;U;4010;0040000008;CIRCULANTE EXIGIVEL A LONGO PRAZO                 ; 0000000657701491,65
200505;90731688;BCO FORD S.A.                                               ;U;4010;0041000007;DEPOSITOS                                         ; 0000000573536398,34
200505;90731688;BCO FORD S.A.                                               ;U;4010;0041300006;DEPOSITOS INTERFINANCEIROS                        ; 0000000533365044,33
200505;90731688;BCO FORD S.A.                                               ;U;4010;0041500002;DEPOSITOS A PRAZO                                 ; 0000000040171354,01
200505;90731688;BCO FORD S.A.                                               ;U;4010;0046000002;OBRIGACOES POR EMPRESTIMOS E REPASSES             ; 0000000000787161,22
200505;90731688;BCO FORD S.A.                                               ;U;4010;0046400004;REPASSES DO PAIS - INSTITUICOES OFICIAIS          ; 0000000000787161,22
200505;90731688;BCO FORD S.A.                                               ;U;4010;0049000009;OUTRAS OBRIGACOES                                 ; 0000000083377932,09
200505;90731688;BCO FORD S.A.                                               ;U;4010;0049100002;COBRANCA E ARRECADACAO DE TRIBUTOS E ASSEMELHADOS ; 0000000000027779,93
200505;90731688;BCO FORD S.A.                                               ;U;4010;0049400001;FISCAIS E PREVIDENCIARIAS                         ; 0000000020234388,99
200505;90731688;BCO FORD S.A.                                               ;U;4010;0049500004;NEGOCIACAO E INTERMEDIACAO DE VALORES             ; 0000000012845570,46
200505;90731688;BCO FORD S.A.                                               ;U;4010;0049900006;DIVERSAS                                          ; 0000000050270192,71
200505;90731688;BCO FORD S.A.                                               ;U;4010;0060000002;PATRIMONIO LIQUIDO                                ; 0000000229679993,67
200505;90731688;BCO FORD S.A.                                               ;U;4010;0061000001;PATRIMONIO LIQUIDO                                ; 0000000229679993,67
200505;90731688;BCO FORD S.A.                                               ;U;4010;0061100004;CAPITAL SOCIAL                                    ; 0000000150090373,54
200505;90731688;BCO FORD S.A.                                               ;U;4010;0061300000;RESERVAS DE CAPITAL                               ; 0000000009225955,09
200505;90731688;BCO FORD S.A.                                               ;U;4010;0061500006;RESERVAS DE LUCROS                                ; 0000000009385906,83
200505;90731688;BCO FORD S.A.                                               ;U;4010;0061800005;LUCROS OU PREJUIZOS ACUMULADOS                    ; 0000000060977758,21
200505;90731688;BCO FORD S.A.                                               ;U;4010;0070000009;CONTAS DE RESULTADO CREDORAS                      ; 0000000078867966,48
200505;90731688;BCO FORD S.A.                                               ;U;4010;0071000008;RECEITAS OPERACIONAIS                             ; 0000000078499083,48
200505;90731688;BCO FORD S.A.                                               ;U;4010;0071100001;RENDAS DE OPERACOES DE CREDITO                    ; 0000000073841972,55
200505;90731688;BCO FORD S.A.                                               ;U;4010;0071400000;RENDAS DE APLICACOES INTERFINANCEIRAS DE LIQUIDEZ ; 0000000000077591,25
200505;90731688;BCO FORD S.A.                                               ;U;4010;0071500003;RENDAS COM TIT. E VAL. MOB. E INST. FINANC. DERIV.; 0000000000833880,28
200505;90731688;BCO FORD S.A.                                               ;U;4010;0071700009;RENDAS DE PRESTACAO DE SERVICOS                   ; 0000000000000028,93
200505;90731688;BCO FORD S.A.                                               ;U;4010;0071900005;OUTRAS RECEITAS OPERACIONAIS                      ; 0000000003745610,47
200505;90731688;BCO FORD S.A.                                               ;U;4010;0073000006;RECEITAS NAO OPERACIONAIS                         ; 0000000000368883,00
200505;90731688;BCO FORD S.A.                                               ;U;4010;0073900003;OUTRAS RECEITAS NAO OPERACIONAIS                  ; 0000000000368883,00
200505;90731688;BCO FORD S.A.                                               ;U;4010;0080000006;(-) CONTAS DE RESULTADO DEVEDORAS                 ;-0000000058005886,51
200505;90731688;BCO FORD S.A.                                               ;U;4010;0081000005;(-) DESPESAS OPERACIONAIS                         ;-0000000046457987,29
200505;90731688;BCO FORD S.A.                                               ;U;4010;0081100008;(-) DESPESAS DE CAPTACAO                          ;-0000000037726481,86
200505;90731688;BCO FORD S.A.                                               ;U;4010;0081200001;(-) DESP DE OBRIGACOES POR EMPRESTIMOS E REPASSES ;-0000000001196492,59
200505;90731688;BCO FORD S.A.                                               ;U;4010;0081700006;(-) DESPESAS ADMINISTRATIVAS                      ;-0000000003613273,86
200505;90731688;BCO FORD S.A.                                               ;U;4010;0081800009;(-) APROVISIONAMENTOS E AJUSTES PATRIMONIAIS      ;-0000000001348409,90
200505;90731688;BCO FORD S.A.                                               ;U;4010;0081900002;(-) OUTRAS DESPESAS OPERACIONAIS                  ;-0000000002573329,08
200505;90731688;BCO FORD S.A.                                               ;U;4010;0083000003;(-) DESPESAS NAO OPERACIONAIS                     ;-0000000000691335,31
200505;90731688;BCO FORD S.A.                                               ;U;4010;0083900000;(-) OUTRAS DESPESAS NAO OPERACIONAIS              ;-0000000000691335,31
200505;90731688;BCO FORD S.A.                                               ;U;4010;0089000007;(-) APURACAO DE RESULTADO                         ;-0000000010856563,91
200505;90731688;BCO FORD S.A.                                               ;U;4010;0089400009;(-) IMPOSTO DE RENDA                              ;-0000000010856563,91
200505;90731688;BCO FORD S.A.                                               ;U;4010;0090000003;COMPENSACAO                                       ; 0000001900107500,50
200505;90731688;BCO FORD S.A.                                               ;U;4010;0090300002;TITULOS E VALORES MOBILIARIOS                     ; 0000000001807927,46
200505;90731688;BCO FORD S.A.                                               ;U;4010;0090900000;CONTROLE                                          ; 0000001037434964,04
200505;90731688;BCO FORD S.A.                                               ;U;4010;0091000002;CLASSIFICACAO DA CARTEIRA DE CREDITOS             ; 0000000860864609,00
200505;90731688;BCO FORD S.A.                                               ;U;4010;0091100005;OPERACOES DE CREDITOS E ARRENDAMENTO MERCANTIL    ; 0000000860864609,00
200505;90731688;BCO FORD S.A.                                               ;U;4010;0099999995;TOTAL GERAL DO PASSIVO                            ; 0000002808351065,79
200505;91884981;BANCO JOHN DEERE S.A.                                       ;U;4010;0010000007;CIRCULANTE E REALIZAVEL A LONGO PRAZO             ; 0000001446070441,48
200505;91884981;BANCO JOHN DEERE S.A.                                       ;U;4010;0011000006;DISPONIBILIDADES                                  ; 0000000000116150,83
200505;91884981;BANCO JOHN DEERE S.A.                                       ;U;4010;0011100009;CAIXA                                             ; 0000000000006368,07
200505;91884981;BANCO JOHN DEERE S.A.                                       ;U;4010;0011300005;RESERVAS LIVRES                                   ; 0000000000109782,76
200505;91884981;BANCO JOHN DEERE S.A.                                       ;U;4010;0012000005;APLICACOES INTERFINANCEIRAS DE LIQUIDEZ           ; 0000000079751105,03
200505;91884981;BANCO JOHN DEERE S.A.                                       ;U;4010;0012100008;APLICACOES EM OPERACOES COMPROMISSADAS            ; 0000000079549262,67
200505;91884981;BANCO JOHN DEERE S.A.                                       ;U;4010;0012200001;APLICACOES EM DEPOSITOS INTERFINANCEIROS          ; 0000000000201842,36
200505;91884981;BANCO JOHN DEERE S.A.                                       ;U;4010;0013000004;TITULOS E VAL. MOB. E INST. FINANC. DERIVATIVOS   ; 0000000049695170,49
200505;91884981;BANCO JOHN DEERE S.A.                                       ;U;4010;0013100007;LIVRES                                            ; 0000000049677170,49
200505;91884981;BANCO JOHN DEERE S.A.                                       ;U;4010;0013500009;VINCULADO A AQUIS.ACOES DE EMPRESAS ESTATAIS      ; 0000000000018000,00
200505;91884981;BANCO JOHN DEERE S.A.                                       ;U;4010;0014000003;RELACOES INTERFINANCEIRAS                         ; 0000000000900592,23
200505;91884981;BANCO JOHN DEERE S.A.                                       ;U;4010;0014100006;DIREITOS JUNTO A PARTIC. DE SISTEMAS DE LIQUIDAÇÃO; 0000000000042548,46
200505;91884981;BANCO JOHN DEERE S.A.                                       ;U;4010;0014200009;CREDITOS VINCULADOS                               ; 0000000000366330,76
200505;91884981;BANCO JOHN DEERE S.A.                                       ;U;4010;0014400005;RELACOES COM CORRESPONDENTES                      ; 0000000000491713,01
200505;91884981;BANCO JOHN DEERE S.A.                                       ;U;4010;0016000001;OPERACOES DE CREDITO                              ; 0000001299690177,05
200505;91884981;BANCO JOHN DEERE S.A.                                       ;U;4010;0016100004;EMPRESTIMOS E TITULOS DESCONTADOS                 ; 0000000008440279,05
200505;91884981;BANCO JOHN DEERE S.A.                                       ;U;4010;0016200007;FINANCIAMENTOS                                    ; 0000000113410446,58
200505;91884981;BANCO JOHN DEERE S.A.                                       ;U;4010;0016300000;FINANCIAMENTOS RURAIS E AGROINDUSTRIAIS           ; 0000001210119494,34
200505;91884981;BANCO JOHN DEERE S.A.                                       ;U;4010;0016900008;(-) PROVISOES PARA OPERACOES DE CREDITO           ;-0000000032280042,92
200505;91884981;BANCO JOHN DEERE S.A.                                       ;U;4010;0018000009;OUTROS CREDITOS                                   ; 0000000014110988,98
200505;91884981;BANCO JOHN DEERE S.A.                                       ;U;4010;0018800003;DIVERSOS                                          ; 0000000014110988,98
200505;91884981;BANCO JOHN DEERE S.A.                                       ;U;4010;0019000008;OUTROS VALORES E BENS                             ; 0000000001806256,87
200505;91884981;BANCO JOHN DEERE S.A.                                       ;U;4010;0019800002;OUTROS VALORES E BENS                             ; 0000000001786430,76
200505;91884981;BANCO JOHN DEERE S.A.                                       ;U;4010;0019900005;DESPESAS ANTECIPADAS                              ; 0000000000019826,11
200505;91884981;BANCO JOHN DEERE S.A.                                       ;U;4010;0020000004;PERMANENTE                                        ; 0000000001391132,12
200505;91884981;BANCO JOHN DEERE S.A.                                       ;U;4010;0021000003;INVESTIMENTOS                                     ; 0000000000010137,81
200505;91884981;BANCO JOHN DEERE S.A.                                       ;U;4010;0021300002;INVESTIMENTOS POR INCENTIVOS FISCAIS              ; 0000000000000009,31
200505;91884981;BANCO JOHN DEERE S.A.                                       ;U;4010;0021400005;TITULOS PATRIMONIAIS                              ; 0000000000008436,90
200505;91884981;BANCO JOHN DEERE S.A.                                       ;U;4010;0021900000;OUTROS INVESTIMENTOS                              ; 0000000000001691,60
200505;91884981;BANCO JOHN DEERE S.A.                                       ;U;4010;0022000002;IMOBILIZADO DE USO                                ; 0000000001157564,65
200505;91884981;BANCO JOHN DEERE S.A.                                       ;U;4010;0022200008;IMOBILIZACOES EM CURSO                            ; 0000000000055367,67
200505;91884981;BANCO JOHN DEERE S.A.                                       ;U;4010;0022400004;INSTALACOES, MOVEIS E EQUIPAMENTOS DE USO         ; 0000000000329556,95
200505;91884981;BANCO JOHN DEERE S.A.                                       ;U;4010;0022900009;OUTROS                                            ; 0000000000772640,03
200505;91884981;BANCO JOHN DEERE S.A.                                       ;U;4010;0024000000;DIFERIDO                                          ; 0000000000223429,66
200505;91884981;BANCO JOHN DEERE S.A.                                       ;U;4010;0024100003;GASTOS DE ORGANIZACAO E EXPANSAO                  ; 0000000000223429,66
200505;91884981;BANCO JOHN DEERE S.A.                                       ;U;4010;0030000001;COMPENSACAO                                       ; 0000007553093696,08
200505;91884981;BANCO JOHN DEERE S.A.                                       ;U;4010;0030100004;COOBRIGACOES E RISCOS EM GARANTIAS PRESTADAS      ; 0000000000057780,00
200505;91884981;BANCO JOHN DEERE S.A.                                       ;U;4010;0030300000;TITULOS E VALORES MOBILIARIOS                     ; 0000000049695170,49
200505;91884981;BANCO JOHN DEERE S.A.                                       ;U;4010;0030400003;CUSTODIA DE VALORES                               ; 0000002226615188,65
200505;91884981;BANCO JOHN DEERE S.A.                                       ;U;4010;0030500006;COBRANCA                                          ; 0000000053000414,50
200505;91884981;BANCO JOHN DEERE S.A.                                       ;U;4010;0030800005;CONTRATOS                                         ; 0000000000500000,00
200505;91884981;BANCO JOHN DEERE S.A.                                       ;U;4010;0030900008;CONTROLE                                          ; 0000003891254922,46
200505;91884981;BANCO JOHN DEERE S.A.                                       ;U;4010;0031000000;CLASSIFICACAO DA CARTEIRA DE CREDITOS             ; 0000001331970219,98
200505;91884981;BANCO JOHN DEERE S.A.                                       ;U;4010;0031100003;OPERACOES DE RISCO NIVEL AA                       ; 0000000031282738,58
200505;91884981;BANCO JOHN DEERE S.A.                                       ;U;4010;0031200006;OPERACOES DE RISCO NIVEL A                        ; 0000000331187655,81
200505;91884981;BANCO JOHN DEERE S.A.                                       ;U;4010;0031300009;OPERACOES DE RISCO NIVELB                         ; 0000000802567865,57
200505;91884981;BANCO JOHN DEERE S.A.                                       ;U;4010;0031400002;OPERACOES DE RISCO NIVELC                         ; 0000000124878253,79
200505;91884981;BANCO JOHN DEERE S.A.                                       ;U;4010;0031500005;OPERACOES DE RISCO NIVEL D                        ; 0000000021044562,19
200505;91884981;BANCO JOHN DEERE S.A.                                       ;U;4010;0031600008;OPERACOES DE RISCO NIVEL E                        ; 0000000011309153,53
200505;91884981;BANCO JOHN DEERE S.A.                                       ;U;4010;0031700001;OPERACOES DE RISCO NIVEL F                        ; 0000000004255822,21
200505;91884981;BANCO JOHN DEERE S.A.                                       ;U;4010;0031800004;OPERACOES DE RISCO NIVEL G                        ; 0000000001887264,68
200505;91884981;BANCO JOHN DEERE S.A.                                       ;U;4010;0031900007;OPERACOES DE RISCO NIVEL H                        ; 0000000003556903,62
200505;91884981;BANCO JOHN DEERE S.A.                                       ;U;4010;0039999993;TOTAL GERAL DO ATIVO                              ; 0000009000555269,68
200505;91884981;BANCO JOHN DEERE S.A.                                       ;U;4010;0040000008;CIRCULANTE EXIGIVEL A LONGO PRAZO                 ; 0000001274769947,54
200505;91884981;BANCO JOHN DEERE S.A.                                       ;U;4010;0041000007;DEPOSITOS                                         ; 0000000002414570,88
200505;91884981;BANCO JOHN DEERE S.A.                                       ;U;4010;0041100000;DEPOSITOS A VISTA                                 ; 0000000000413143,24
200505;91884981;BANCO JOHN DEERE S.A.                                       ;U;4010;0041300006;DEPOSITOS INTERFINANCEIROS                        ; 0000000002001427,64
200505;91884981;BANCO JOHN DEERE S.A.                                       ;U;4010;0044000004;RELACOES INTERFINANCEIRAS                         ; 0000000000221909,01
200505;91884981;BANCO JOHN DEERE S.A.                                       ;U;4010;0044100007;OBRIGAÇÕES JUNTO A PARTIC. DE SIST. DE LIQUIDACÃO ; 0000000000020638,42
200505;91884981;BANCO JOHN DEERE S.A.                                       ;U;4010;0044400006;RELACOES COM CORRESPONDENTES                      ; 0000000000201270,59
200505;91884981;BANCO JOHN DEERE S.A.                                       ;U;4010;0046000002;OBRIGACOES POR EMPRESTIMOS E REPASSES             ; 0000001259600463,21
200505;91884981;BANCO JOHN DEERE S.A.                                       ;U;4010;0046400004;REPASSES DO PAIS - INSTITUICOES OFICIAIS          ; 0000001146548973,89
200505;91884981;BANCO JOHN DEERE S.A.                                       ;U;4010;0046600000;REPASSES DO EXTERIOR                              ; 0000000113051489,32
200505;91884981;BANCO JOHN DEERE S.A.                                       ;U;4010;0049000009;OUTRAS OBRIGACOES                                 ; 0000000012533004,44
200505;91884981;BANCO JOHN DEERE S.A.                                       ;U;4010;0049100002;COBRANCA E ARRECADACAO DE TRIBUTOS E ASSEMELHADOS ; 0000000000018664,99
200505;91884981;BANCO JOHN DEERE S.A.                                       ;U;4010;0049300008;SOCIAIS E ESTATUTARIAS                            ; 0000000000504891,58
200505;91884981;BANCO JOHN DEERE S.A.                                       ;U;4010;0049400001;FISCAIS E PREVIDENCIARIAS                         ; 0000000007161976,76
200505;91884981;BANCO JOHN DEERE S.A.                                       ;U;4010;0049900006;DIVERSAS                                          ; 0000000004847471,11
200505;91884981;BANCO JOHN DEERE S.A.                                       ;U;4010;0060000002;PATRIMONIO LIQUIDO                                ; 0000000162914745,22
200505;91884981;BANCO JOHN DEERE S.A.                                       ;U;4010;0061000001;PATRIMONIO LIQUIDO                                ; 0000000162914745,22
200505;91884981;BANCO JOHN DEERE S.A.                                       ;U;4010;0061100004;CAPITAL SOCIAL                                    ; 0000000132500000,00
200505;91884981;BANCO JOHN DEERE S.A.                                       ;U;4010;0061300000;RESERVAS DE CAPITAL                               ; 0000000000702533,81
200505;91884981;BANCO JOHN DEERE S.A.                                       ;U;4010;0061500006;RESERVAS DE LUCROS                                ; 0000000005785411,30
200505;91884981;BANCO JOHN DEERE S.A.                                       ;U;4010;0061600009;AJUSTES DE AVALIACAO PATRIMONIAL                  ;-0000000000001514,30
200505;91884981;BANCO JOHN DEERE S.A.                                       ;U;4010;0061800005;LUCROS OU PREJUIZOS ACUMULADOS                    ; 0000000023928314,41
200505;91884981;BANCO JOHN DEERE S.A.                                       ;U;4010;0070000009;CONTAS DE RESULTADO CREDORAS                      ; 0000000078003257,27
200505;91884981;BANCO JOHN DEERE S.A.                                       ;U;4010;0071000008;RECEITAS OPERACIONAIS                             ; 0000000078003257,27
200505;91884981;BANCO JOHN DEERE S.A.                                       ;U;4010;0071100001;RENDAS DE OPERACOES DE CREDITO                    ; 0000000060129538,47
200505;91884981;BANCO JOHN DEERE S.A.                                       ;U;4010;0071400000;RENDAS DE APLICACOES INTERFINANCEIRAS DE LIQUIDEZ ; 0000000002314116,60
200505;91884981;BANCO JOHN DEERE S.A.                                       ;U;4010;0071500003;RENDAS COM TIT. E VAL. MOB. E INST. FINANC. DERIV.; 0000000000544043,03
200505;91884981;BANCO JOHN DEERE S.A.                                       ;U;4010;0071700009;RENDAS DE PRESTACAO DE SERVICOS                   ; 0000000003007935,98
200505;91884981;BANCO JOHN DEERE S.A.                                       ;U;4010;0071900005;OUTRAS RECEITAS OPERACIONAIS                      ; 0000000012007623,19
200505;91884981;BANCO JOHN DEERE S.A.                                       ;U;4010;0080000006;(-) CONTAS DE RESULTADO DEVEDORAS                 ;-0000000068226376,43
200505;91884981;BANCO JOHN DEERE S.A.                                       ;U;4010;0081000005;(-) DESPESAS OPERACIONAIS                         ;-0000000062830022,79
200505;91884981;BANCO JOHN DEERE S.A.                                       ;U;4010;0081100008;(-) DESPESAS DE CAPTACAO                          ;-0000000000544065,23
200505;91884981;BANCO JOHN DEERE S.A.                                       ;U;4010;0081200001;(-) DESP DE OBRIGACOES POR EMPRESTIMOS E REPASSES ;-0000000042588500,46
200505;91884981;BANCO JOHN DEERE S.A.                                       ;U;4010;0081700006;(-) DESPESAS ADMINISTRATIVAS                      ;-0000000004406204,96
200505;91884981;BANCO JOHN DEERE S.A.                                       ;U;4010;0081800009;(-) APROVISIONAMENTOS E AJUSTES PATRIMONIAIS      ;-0000000012645387,24
200505;91884981;BANCO JOHN DEERE S.A.                                       ;U;4010;0081900002;(-) OUTRAS DESPESAS OPERACIONAIS                  ;-0000000002645864,90
200505;91884981;BANCO JOHN DEERE S.A.                                       ;U;4010;0083000003;(-) DESPESAS NAO OPERACIONAIS                     ;-0000000000011935,30
200505;91884981;BANCO JOHN DEERE S.A.                                       ;U;4010;0083100006;(-) PREJUIZOS EM TRANSACOES COM VALORES E BENS    ;-0000000000011935,30
200505;91884981;BANCO JOHN DEERE S.A.                                       ;U;4010;0089000007;(-) APURACAO DE RESULTADO                         ;-0000000005384418,34
200505;91884981;BANCO JOHN DEERE S.A.                                       ;U;4010;0089400009;(-) IMPOSTO DE RENDA                              ;-0000000005002871,63
200505;91884981;BANCO JOHN DEERE S.A.                                       ;U;4010;0089700008;(-) PARTICIPACOES NO LUCRO                        ;-0000000000381546,71
200505;91884981;BANCO JOHN DEERE S.A.                                       ;U;4010;0090000003;COMPENSACAO                                       ; 0000007553093696,08
200505;91884981;BANCO JOHN DEERE S.A.                                       ;U;4010;0090100006;COOBRIGACOES E RISCOS EM GARANTIAS PRESTADAS      ; 0000000000057780,00
200505;91884981;BANCO JOHN DEERE S.A.                                       ;U;4010;0090300002;TITULOS E VALORES MOBILIARIOS                     ; 0000000049695170,49
200505;91884981;BANCO JOHN DEERE S.A.                                       ;U;4010;0090400005;CUSTODIA DE VALORES                               ; 0000002226615188,65
200505;91884981;BANCO JOHN DEERE S.A.                                       ;U;4010;0090500008;COBRANCA                                          ; 0000000053000414,50
200505;91884981;BANCO JOHN DEERE S.A.                                       ;U;4010;0090800007;CONTRATOS                                         ; 0000000000500000,00
200505;91884981;BANCO JOHN DEERE S.A.                                       ;U;4010;0090900000;CONTROLE                                          ; 0000003891254922,46
200505;91884981;BANCO JOHN DEERE S.A.                                       ;U;4010;0091000002;CLASSIFICACAO DA CARTEIRA DE CREDITOS             ; 0000001331970219,98
200505;91884981;BANCO JOHN DEERE S.A.                                       ;U;4010;0091100005;OPERACOES DE CREDITOS E ARRENDAMENTO MERCANTIL    ; 0000001331970219,98
200505;91884981;BANCO JOHN DEERE S.A.                                       ;U;4010;0099999995;TOTAL GERAL DO PASSIVO                            ; 0000009000555269,68
200505;92702067;BCO DO EST. DO RS S.A.                                      ;U;4010;0010000007;CIRCULANTE E REALIZAVEL A LONGO PRAZO             ; 0000012627275191,61
200505;92702067;BCO DO EST. DO RS S.A.                                      ;U;4010;0011000006;DISPONIBILIDADES                                  ; 0000000179451777,60
200505;92702067;BCO DO EST. DO RS S.A.                                      ;U;4010;0011100009;CAIXA                                             ; 0000000153053686,56
200505;92702067;BCO DO EST. DO RS S.A.                                      ;U;4010;0011500001;DISPONIBILIDADES EM MOEDAS ESTRANGEIRAS           ; 0000000026398091,04
200505;92702067;BCO DO EST. DO RS S.A.                                      ;U;4010;0012000005;APLICACOES INTERFINANCEIRAS DE LIQUIDEZ           ; 0000000078416722,11
200505;92702067;BCO DO EST. DO RS S.A.                                      ;U;4010;0012100008;APLICACOES EM OPERACOES COMPROMISSADAS            ; 0000000039699613,01
200505;92702067;BCO DO EST. DO RS S.A.                                      ;U;4010;0012200001;APLICACOES EM DEPOSITOS INTERFINANCEIROS          ; 0000000009881109,10
200505;92702067;BCO DO EST. DO RS S.A.                                      ;U;4010;0012600003;APLICA OES EM MOEDAS ESTRANGEIRAS                 ; 0000000028836000,00
200505;92702067;BCO DO EST. DO RS S.A.                                      ;U;4010;0013000004;TITULOS E VAL. MOB. E INST. FINANC. DERIVATIVOS   ; 0000005149734433,49
200505;92702067;BCO DO EST. DO RS S.A.                                      ;U;4010;0013100007;LIVRES                                            ; 0000003104758376,17
200505;92702067;BCO DO EST. DO RS S.A.                                      ;U;4010;0013200000;VINCULADOS A OPERACOES COMPROMISSADAS             ; 0000001588945753,54
200505;92702067;BCO DO EST. DO RS S.A.                                      ;U;4010;0013300003;INSTRUMENTOS FINANCEIROS DERIVATIVOS              ; 0000000013986579,41
200505;92702067;BCO DO EST. DO RS S.A.                                      ;U;4010;0013400006;VINCULADOS AO BANCO CENTRAL                       ; 0000000411184244,65
200505;92702067;BCO DO EST. DO RS S.A.                                      ;U;4010;0013600002;VINCULADOS A PRESTACAO DE GARANTIAS               ; 0000000030859479,72
200505;92702067;BCO DO EST. DO RS S.A.                                      ;U;4010;0014000003;RELACOES INTERFINANCEIRAS                         ; 0000001692446249,94
200505;92702067;BCO DO EST. DO RS S.A.                                      ;U;4010;0014100006;DIREITOS JUNTO A PARTIC. DE SISTEMAS DE LIQUIDAÇÃO; 0000000145951498,94
200505;92702067;BCO DO EST. DO RS S.A.                                      ;U;4010;0014200009;CREDITOS VINCULADOS                               ; 0000001546494751,00
200505;92702067;BCO DO EST. DO RS S.A.                                      ;U;4010;0015000002;RELACOES INTERDEPENDENCIAS                        ; 0000000059151012,07
200505;92702067;BCO DO EST. DO RS S.A.                                      ;U;4010;0015100005;RECURSOS EM TRANSITO DE TERCEIROS                 ; 0000000002549399,77
200505;92702067;BCO DO EST. DO RS S.A.                                      ;U;4010;0015200008;TRANSFERENCIAS INTERNAS DE RECURSOS               ; 0000000056601612,30
200505;92702067;BCO DO EST. DO RS S.A.                                      ;U;4010;0016000001;OPERACOES DE CREDITO                              ; 0000004708136104,34
200505;92702067;BCO DO EST. DO RS S.A.                                      ;U;4010;0016100004;EMPRESTIMOS E TITULOS DESCONTADOS                 ; 0000003698618207,31
200505;92702067;BCO DO EST. DO RS S.A.                                      ;U;4010;0016200007;FINANCIAMENTOS                                    ; 0000000481359650,43
200505;92702067;BCO DO EST. DO RS S.A.                                      ;U;4010;0016300000;FINANCIAMENTOS RURAIS E AGROINDUSTRIAIS           ; 0000000482662643,05
200505;92702067;BCO DO EST. DO RS S.A.                                      ;U;4010;0016400003;FINANCIAMENTOS IMOBILIARIOS                       ; 0000000759308936,46
200505;92702067;BCO DO EST. DO RS S.A.                                      ;U;4010;0016600009;FINANCIAMENTOS DE INFRAESTRUTURA E DESENVOLVIMENTO; 0000000018516849,42
200505;92702067;BCO DO EST. DO RS S.A.                                      ;U;4010;0016900008;(-) PROVISOES PARA OPERACOES DE CREDITO           ;-0000000732330182,33
200505;92702067;BCO DO EST. DO RS S.A.                                      ;U;4010;0017000000;OPERACOES DE ARRENDAMENTO MERCANTIL               ;-0000000005525328,21
200505;92702067;BCO DO EST. DO RS S.A.                                      ;U;4010;0017100003;ARRENDAMENTOS FINANCEIROS A RECEBER               ;-0000000000053925,82
200505;92702067;BCO DO EST. DO RS S.A.                                      ;U;4010;0017900007;(-) PROVISOES PARA OPER. DE ARRENDAMENTO MERCANTIL;-0000000005471402,39
200505;92702067;BCO DO EST. DO RS S.A.                                      ;U;4010;0018000009;OUTROS CREDITOS                                   ; 0000000748714932,55
200505;92702067;BCO DO EST. DO RS S.A.                                      ;U;4010;0018200005;CARTEIRA DE CAMBIO                                ; 0000000216992444,05
200505;92702067;BCO DO EST. DO RS S.A.                                      ;U;4010;0018300008;RENDAS A RECEBER                                  ; 0000000063681510,47
200505;92702067;BCO DO EST. DO RS S.A.                                      ;U;4010;0018800003;DIVERSOS                                          ; 0000000542904417,35
200505;92702067;BCO DO EST. DO RS S.A.                                      ;U;4010;0018900006;(-) PROVISOES PARA OUTROS CREDITOS                ;-0000000074863439,32
200505;92702067;BCO DO EST. DO RS S.A.                                      ;U;4010;0019000008;OUTROS VALORES E BENS                             ; 0000000016749287,72
200505;92702067;BCO DO EST. DO RS S.A.                                      ;U;4010;0019100001;INVESTIMENTOS TEMPORARIOS                         ; 0000000001375771,43
200505;92702067;BCO DO EST. DO RS S.A.                                      ;U;4010;0019800002;OUTROS VALORES E BENS                             ; 0000000013954397,93
200505;92702067;BCO DO EST. DO RS S.A.                                      ;U;4010;0019900005;DESPESAS ANTECIPADAS                              ; 0000000001419118,36
200505;92702067;BCO DO EST. DO RS S.A.                                      ;U;4010;0020000004;PERMANENTE                                        ; 0000000418580529,63
200505;92702067;BCO DO EST. DO RS S.A.                                      ;U;4010;0021000003;INVESTIMENTOS                                     ; 0000000228605255,42
200505;92702067;BCO DO EST. DO RS S.A.                                      ;U;4010;0021100006;INVESTIMENTOS NO EXTERIOR                         ; 0000000126494674,93
200505;92702067;BCO DO EST. DO RS S.A.                                      ;U;4010;0021200009;PARTICIPACOES EM COLIGADAS E CONTROLADAS NO PAIS  ; 0000000096373090,34
200505;92702067;BCO DO EST. DO RS S.A.                                      ;U;4010;0021300002;INVESTIMENTOS POR INCENTIVOS FISCAIS              ; 0000000002345550,98
200505;92702067;BCO DO EST. DO RS S.A.                                      ;U;4010;0021400005;TITULOS PATRIMONIAIS                              ; 0000000000009113,93
200505;92702067;BCO DO EST. DO RS S.A.                                      ;U;4010;0021500008;ACOES E COTAS                                     ; 0000000003375049,86
200505;92702067;BCO DO EST. DO RS S.A.                                      ;U;4010;0021900000;OUTROS INVESTIMENTOS                              ; 0000000000007775,38
200505;92702067;BCO DO EST. DO RS S.A.                                      ;U;4010;0022000002;IMOBILIZADO DE USO                                ; 0000000091735048,45
200505;92702067;BCO DO EST. DO RS S.A.                                      ;U;4010;0022100005;MOVEIS E EQUIPAMENTOS EM ESTOQUE                  ; 0000000007746692,06
200505;92702067;BCO DO EST. DO RS S.A.                                      ;U;4010;0022200008;IMOBILIZACOES EM CURSO                            ; 0000000000016064,51
200505;92702067;BCO DO EST. DO RS S.A.                                      ;U;4010;0022300001;IMOVEIS DE USO                                    ; 0000000024003576,62
200505;92702067;BCO DO EST. DO RS S.A.                                      ;U;4010;0022400004;INSTALACOES, MOVEIS E EQUIPAMENTOS DE USO         ; 0000000016219321,61
200505;92702067;BCO DO EST. DO RS S.A.                                      ;U;4010;0022900009;OUTROS                                            ; 0000000043749393,65
200505;92702067;BCO DO EST. DO RS S.A.                                      ;U;4010;0023000001;IMOBILIZADO DE ARRENDAMENTO                       ; 0000000070995710,93
200505;92702067;BCO DO EST. DO RS S.A.                                      ;U;4010;0023200007;BENS ARRENDADOS - ARRENDAMENTO FINANCEIRO         ; 0000000070995710,93
200505;92702067;BCO DO EST. DO RS S.A.                                      ;U;4010;0024000000;DIFERIDO                                          ; 0000000027244514,83
200505;92702067;BCO DO EST. DO RS S.A.                                      ;U;4010;0024100003;GASTOS DE ORGANIZACAO E EXPANSAO                  ; 0000000027244514,83
200505;92702067;BCO DO EST. DO RS S.A.                                      ;U;4010;0030000001;COMPENSACAO                                       ; 0000079032533912,03
200505;92702067;BCO DO EST. DO RS S.A.                                      ;U;4010;0030100004;COOBRIGACOES E RISCOS EM GARANTIAS PRESTADAS      ; 0000000147902024,73
200505;92702067;BCO DO EST. DO RS S.A.                                      ;U;4010;0030300000;TITULOS E VALORES MOBILIARIOS                     ; 0000013281884788,38
200505;92702067;BCO DO EST. DO RS S.A.                                      ;U;4010;0030400003;CUSTODIA DE VALORES                               ; 0000002111201058,88
200505;92702067;BCO DO EST. DO RS S.A.                                      ;U;4010;0030500006;COBRANCA                                          ; 0000002077252377,65
200505;92702067;BCO DO EST. DO RS S.A.                                      ;U;4010;0030600009;NEGOCIACAO E INTERMEDIACAO DE VALORES             ; 0000000414564424,18
200505;92702067;BCO DO EST. DO RS S.A.                                      ;U;4010;0030800005;CONTRATOS                                         ; 0000003304126502,42
200505;92702067;BCO DO EST. DO RS S.A.                                      ;U;4010;0030900008;CONTROLE                                          ; 0000052005724356,10
200505;92702067;BCO DO EST. DO RS S.A.                                      ;U;4010;0031000000;CLASSIFICACAO DA CARTEIRA DE CREDITOS             ; 0000005689878379,69
200505;92702067;BCO DO EST. DO RS S.A.                                      ;U;4010;0031100003;OPERACOES DE RISCO NIVEL AA                       ; 0000001249823574,15
200505;92702067;BCO DO EST. DO RS S.A.                                      ;U;4010;0031200006;OPERACOES DE RISCO NIVEL A                        ; 0000001273408240,53
200505;92702067;BCO DO EST. DO RS S.A.                                      ;U;4010;0031300009;OPERACOES DE RISCO NIVELB                         ; 0000001204910773,38
200505;92702067;BCO DO EST. DO RS S.A.                                      ;U;4010;0031400002;OPERACOES DE RISCO NIVELC                         ; 0000000704404647,77
200505;92702067;BCO DO EST. DO RS S.A.                                      ;U;4010;0031500005;OPERACOES DE RISCO NIVEL D                        ; 0000000241675701,38
200505;92702067;BCO DO EST. DO RS S.A.                                      ;U;4010;0031600008;OPERACOES DE RISCO NIVEL E                        ; 0000000225904560,94
200505;92702067;BCO DO EST. DO RS S.A.                                      ;U;4010;0031700001;OPERACOES DE RISCO NIVEL F                        ; 0000000509315681,98
200505;92702067;BCO DO EST. DO RS S.A.                                      ;U;4010;0031800004;OPERACOES DE RISCO NIVEL G                        ; 0000000044321297,87
200505;92702067;BCO DO EST. DO RS S.A.                                      ;U;4010;0031900007;OPERACOES DE RISCO NIVEL H                        ; 0000000236113901,69
200505;92702067;BCO DO EST. DO RS S.A.                                      ;U;4010;0039999993;TOTAL GERAL DO ATIVO                              ; 0000092078389633,27
200505;92702067;BCO DO EST. DO RS S.A.                                      ;U;4010;0040000008;CIRCULANTE EXIGIVEL A LONGO PRAZO                 ; 0000011973172093,80
200505;92702067;BCO DO EST. DO RS S.A.                                      ;U;4010;0041000007;DEPOSITOS                                         ; 0000007755341203,39
200505;92702067;BCO DO EST. DO RS S.A.                                      ;U;4010;0041100000;DEPOSITOS A VISTA                                 ; 0000000761061387,68
200505;92702067;BCO DO EST. DO RS S.A.                                      ;U;4010;0041200003;DEPOSITOS DE POUPANCA                             ; 0000003132592303,07
200505;92702067;BCO DO EST. DO RS S.A.                                      ;U;4010;0041300006;DEPOSITOS INTERFINANCEIROS                        ; 0000000032031397,84
200505;92702067;BCO DO EST. DO RS S.A.                                      ;U;4010;0041500002;DEPOSITOS A PRAZO                                 ; 0000003812129669,32
200505;92702067;BCO DO EST. DO RS S.A.                                      ;U;4010;0041600005;OBRIGACOES P/DEPOS ESPEC E DE FUNDOS E PROGRAMAS  ; 0000000002215279,25
200505;92702067;BCO DO EST. DO RS S.A.                                      ;U;4010;0041800001;DEPOSITOS EM MOEDAS ESTRANGEIRAS                  ; 0000000000000402,99
200505;92702067;BCO DO EST. DO RS S.A.                                      ;U;4010;0041900004;OUTROS DEPOSITOS                                  ; 0000000015310763,24
200505;92702067;BCO DO EST. DO RS S.A.                                      ;U;4010;0042000006;OBRIGACOES POR OPERACOES COMPROMISSADAS           ; 0000001588945753,54
200505;92702067;BCO DO EST. DO RS S.A.                                      ;U;4010;0042100009;CARTEIRA PROPRIA                                  ; 0000001588945753,54
200505;92702067;BCO DO EST. DO RS S.A.                                      ;U;4010;0044000004;RELACOES INTERFINANCEIRAS                         ; 0000000168820096,38
200505;92702067;BCO DO EST. DO RS S.A.                                      ;U;4010;0044100007;OBRIGAÇÕES JUNTO A PARTIC. DE SIST. DE LIQUIDACÃO ; 0000000166939612,90
200505;92702067;BCO DO EST. DO RS S.A.                                      ;U;4010;0044400006;RELACOES COM CORRESPONDENTES                      ; 0000000001880483,48
200505;92702067;BCO DO EST. DO RS S.A.                                      ;U;4010;0045000003;RELACOES INTERDEPENDENCIAS                        ; 0000000104641919,41
200505;92702067;BCO DO EST. DO RS S.A.                                      ;U;4010;0045100006;RECURSOS EM TRANSITO DE TERCEIROS                 ; 0000000102997710,98
200505;92702067;BCO DO EST. DO RS S.A.                                      ;U;4010;0045200009;TRANSFERENCIAS INTERNAS DE RECURSOS               ; 0000000001644208,43
200505;92702067;BCO DO EST. DO RS S.A.                                      ;U;4010;0046000002;OBRIGACOES POR EMPRESTIMOS E REPASSES             ; 0000000771002206,70
200505;92702067;BCO DO EST. DO RS S.A.                                      ;U;4010;0046300001;EMPRESTIMOS NO EXTERIOR                           ; 0000000269869598,56
200505;92702067;BCO DO EST. DO RS S.A.                                      ;U;4010;0046400004;REPASSES DO PAIS - INSTITUICOES OFICIAIS          ; 0000000475398701,01
200505;92702067;BCO DO EST. DO RS S.A.                                      ;U;4010;0046600000;REPASSES DO EXTERIOR                              ; 0000000025733907,13
200505;92702067;BCO DO EST. DO RS S.A.                                      ;U;4010;0047000001;INSTRUMENTOS FINANCEIROS DERIVATIVOS              ; 0000000002920661,58
200505;92702067;BCO DO EST. DO RS S.A.                                      ;U;4010;0047100004;INSTRUMENTOS FINANCEIROS DERIVATIVOS              ; 0000000002920661,58
200505;92702067;BCO DO EST. DO RS S.A.                                      ;U;4010;0049000009;OUTRAS OBRIGACOES                                 ; 0000001581500252,80
200505;92702067;BCO DO EST. DO RS S.A.                                      ;U;4010;0049100002;COBRANCA E ARRECADACAO DE TRIBUTOS E ASSEMELHADOS ; 0000000091121814,41
200505;92702067;BCO DO EST. DO RS S.A.                                      ;U;4010;0049200005;CARTEIRA DE CAMBIO                                ; 0000000031634865,20
200505;92702067;BCO DO EST. DO RS S.A.                                      ;U;4010;0049300008;SOCIAIS E ESTATUTARIAS                            ; 0000000000207931,04
200505;92702067;BCO DO EST. DO RS S.A.                                      ;U;4010;0049400001;FISCAIS E PREVIDENCIARIAS                         ; 0000000391343023,10
200505;92702067;BCO DO EST. DO RS S.A.                                      ;U;4010;0049500004;NEGOCIACAO E INTERMEDIACAO DE VALORES             ; 0000000000001897,82
200505;92702067;BCO DO EST. DO RS S.A.                                      ;U;4010;0049600007;RECURSOS PARA DESTINACAO ESPECIFICA               ; 0000000404190392,58
200505;92702067;BCO DO EST. DO RS S.A.                                      ;U;4010;0049900006;DIVERSAS                                          ; 0000000663000328,65
200505;92702067;BCO DO EST. DO RS S.A.                                      ;U;4010;0050000005;RESULTADOS DE EXERCICIOS FUTUROS                  ; 0000000000497130,88
200505;92702067;BCO DO EST. DO RS S.A.                                      ;U;4010;0051000004;RECEITAS DE EXERCICIOS FUTUROS                    ; 0000000000497130,88
200505;92702067;BCO DO EST. DO RS S.A.                                      ;U;4010;0051100007;RECEITAS DE EXERCICIOS FUTUROS                    ; 0000000000497130,88
200505;92702067;BCO DO EST. DO RS S.A.                                      ;U;4010;0060000002;PATRIMONIO LIQUIDO                                ; 0000001026281256,44
200505;92702067;BCO DO EST. DO RS S.A.                                      ;U;4010;0061000001;PATRIMONIO LIQUIDO                                ; 0000001026281256,44
200505;92702067;BCO DO EST. DO RS S.A.                                      ;U;4010;0061100004;CAPITAL SOCIAL                                    ; 0000000763243148,97
200505;92702067;BCO DO EST. DO RS S.A.                                      ;U;4010;0061300000;RESERVAS DE CAPITAL                               ; 0000000007740507,76
200505;92702067;BCO DO EST. DO RS S.A.                                      ;U;4010;0061500006;RESERVAS DE LUCROS                                ; 0000000254842288,62
200505;92702067;BCO DO EST. DO RS S.A.                                      ;U;4010;0061600009;AJUSTES DE AVALIACAO PATRIMONIAL                  ; 0000000000455311,09
200505;92702067;BCO DO EST. DO RS S.A.                                      ;U;4010;0070000009;CONTAS DE RESULTADO CREDORAS                      ; 0000002675594533,51
200505;92702067;BCO DO EST. DO RS S.A.                                      ;U;4010;0071000008;RECEITAS OPERACIONAIS                             ; 0000001552275898,19
200505;92702067;BCO DO EST. DO RS S.A.                                      ;U;4010;0071100001;RENDAS DE OPERACOES DE CREDITO                    ; 0000000633159945,96
200505;92702067;BCO DO EST. DO RS S.A.                                      ;U;4010;0071200004;RENDAS DE ARRENDAMENTO MERCANTIL                  ; 0000000018018310,07
200505;92702067;BCO DO EST. DO RS S.A.                                      ;U;4010;0071300007;RENDAS DE CAMBIO                                  ; 0000000157814355,23
200505;92702067;BCO DO EST. DO RS S.A.                                      ;U;4010;0071400000;RENDAS DE APLICACOES INTERFINANCEIRAS DE LIQUIDEZ ; 0000000004723333,07
200505;92702067;BCO DO EST. DO RS S.A.                                      ;U;4010;0071500003;RENDAS COM TIT. E VAL. MOB. E INST. FINANC. DERIV.; 0000000288726384,50
200505;92702067;BCO DO EST. DO RS S.A.                                      ;U;4010;0071700009;RENDAS DE PRESTACAO DE SERVICOS                   ; 0000000179184163,04
200505;92702067;BCO DO EST. DO RS S.A.                                      ;U;4010;0071800002;RENDAS DE PARTICIPACOES                           ; 0000000015772490,69
200505;92702067;BCO DO EST. DO RS S.A.                                      ;U;4010;0071900005;OUTRAS RECEITAS OPERACIONAIS                      ; 0000000254876915,63
200505;92702067;BCO DO EST. DO RS S.A.                                      ;U;4010;0073000006;RECEITAS NAO OPERACIONAIS                         ; 0000000001811932,28
200505;92702067;BCO DO EST. DO RS S.A.                                      ;U;4010;0073100009;LUCROS EM TRANSACOES COM VALORES E BENS           ; 0000000001020598,40
200505;92702067;BCO DO EST. DO RS S.A.                                      ;U;4010;0073900003;OUTRAS RECEITAS NAO OPERACIONAIS                  ; 0000000000791333,88
200505;92702067;BCO DO EST. DO RS S.A.                                      ;U;4010;0078000001;RATEIO DE RESULTADOS INTERNOS                     ; 0000001121506703,04
200505;92702067;BCO DO EST. DO RS S.A.                                      ;U;4010;0078100004;RATEIO DE RESULTADOS INTERNOS                     ; 0000001121506703,04
200505;92702067;BCO DO EST. DO RS S.A.                                      ;U;4010;0080000006;(-) CONTAS DE RESULTADO DEVEDORAS                 ;-0000002629689293,39
200505;92702067;BCO DO EST. DO RS S.A.                                      ;U;4010;0081000005;(-) DESPESAS OPERACIONAIS                         ;-0000001446376307,64
200505;92702067;BCO DO EST. DO RS S.A.                                      ;U;4010;0081100008;(-) DESPESAS DE CAPTACAO                          ;-0000000443565728,96
200505;92702067;BCO DO EST. DO RS S.A.                                      ;U;4010;0081200001;(-) DESP DE OBRIGACOES POR EMPRESTIMOS E REPASSES ;-0000000024515979,15
200505;92702067;BCO DO EST. DO RS S.A.                                      ;U;4010;0081300004;(-) DESPESAS DE ARRENDAMENTO MERCANTIL            ;-0000000012897193,28
200505;92702067;BCO DO EST. DO RS S.A.                                      ;U;4010;0081400007;(-) DESPESAS DE CAMBIO                            ;-0000000030714129,27
200505;92702067;BCO DO EST. DO RS S.A.                                      ;U;4010;0081500000;(-) DESP. COM TIT. E VAL. MOB. E INST. FIN. DERIV.;-0000000001830748,05
200505;92702067;BCO DO EST. DO RS S.A.                                      ;U;4010;0081600003;(-) DESPESAS DE PARTICIPACOES                     ;-0000000016566555,52
200505;92702067;BCO DO EST. DO RS S.A.                                      ;U;4010;0081700006;(-) DESPESAS ADMINISTRATIVAS                      ;-0000000428107871,66
200505;92702067;BCO DO EST. DO RS S.A.                                      ;U;4010;0081800009;(-) APROVISIONAMENTOS E AJUSTES PATRIMONIAIS      ;-0000000096290086,63
200505;92702067;BCO DO EST. DO RS S.A.                                      ;U;4010;0081900002;(-) OUTRAS DESPESAS OPERACIONAIS                  ;-0000000391888015,12
200505;92702067;BCO DO EST. DO RS S.A.                                      ;U;4010;0083000003;(-) DESPESAS NAO OPERACIONAIS                     ;-0000000002641558,76
200505;92702067;BCO DO EST. DO RS S.A.                                      ;U;4010;0083100006;(-) PREJUIZOS EM TRANSACOES COM VALORES E BENS    ;-0000000001351039,87
200505;92702067;BCO DO EST. DO RS S.A.                                      ;U;4010;0083900000;(-) OUTRAS DESPESAS NAO OPERACIONAIS              ;-0000000001290518,89
200505;92702067;BCO DO EST. DO RS S.A.                                      ;U;4010;0088000008;(-) RATEIO DE RESULTADOS INTERNOS                 ;-0000001121506703,04
200505;92702067;BCO DO EST. DO RS S.A.                                      ;U;4010;0088100001;(-) RATEIO DE RESULTADOS INTERNOS                 ;-0000001121506703,04
200505;92702067;BCO DO EST. DO RS S.A.                                      ;U;4010;0089000007;(-) APURACAO DE RESULTADO                         ;-0000000059164723,95
200505;92702067;BCO DO EST. DO RS S.A.                                      ;U;4010;0089400009;(-) IMPOSTO DE RENDA                              ;-0000000059088173,74
200505;92702067;BCO DO EST. DO RS S.A.                                      ;U;4010;0089700008;(-) PARTICIPACOES NO LUCRO                        ;-0000000000076550,21
200505;92702067;BCO DO EST. DO RS S.A.                                      ;U;4010;0090000003;COMPENSACAO                                       ; 0000079032533912,03
200505;92702067;BCO DO EST. DO RS S.A.                                      ;U;4010;0090100006;COOBRIGACOES E RISCOS EM GARANTIAS PRESTADAS      ; 0000000147902024,73
200505;92702067;BCO DO EST. DO RS S.A.                                      ;U;4010;0090300002;TITULOS E VALORES MOBILIARIOS                     ; 0000013281884788,38
200505;92702067;BCO DO EST. DO RS S.A.                                      ;U;4010;0090400005;CUSTODIA DE VALORES                               ; 0000002111201058,88
200505;92702067;BCO DO EST. DO RS S.A.                                      ;U;4010;0090500008;COBRANCA                                          ; 0000002077252377,65
200505;92702067;BCO DO EST. DO RS S.A.                                      ;U;4010;0090600001;NEGOCIACAO E INTERMEDIACAO DE VALORES             ; 0000000414564424,18
200505;92702067;BCO DO EST. DO RS S.A.                                      ;U;4010;0090800007;CONTRATOS                                         ; 0000003304126502,42
200505;92702067;BCO DO EST. DO RS S.A.                                      ;U;4010;0090900000;CONTROLE                                          ; 0000052005724356,10
200505;92702067;BCO DO EST. DO RS S.A.                                      ;U;4010;0091000002;CLASSIFICACAO DA CARTEIRA DE CREDITOS             ; 0000005689878379,69
200505;92702067;BCO DO EST. DO RS S.A.                                      ;U;4010;0091100005;OPERACOES DE CREDITOS E ARRENDAMENTO MERCANTIL    ; 0000005689878379,69
200505;92702067;BCO DO EST. DO RS S.A.                                      ;U;4010;0099999995;TOTAL GERAL DO PASSIVO                            ; 0000092078389633,27
200505;92816560;BCO REGIONAL DE DES DO EXT SUL                              ;D;4010;0010000007;CIRCULANTE E REALIZAVEL A LONGO PRAZO             ; 0000003201365715,30
200505;92816560;BCO REGIONAL DE DES DO EXT SUL                              ;D;4010;0011000006;DISPONIBILIDADES                                  ; 0000000000623230,13
200505;92816560;BCO REGIONAL DE DES DO EXT SUL                              ;D;4010;0011200002;DEPOSITOS BANCARIOS                               ; 0000000000623230,13
200505;92816560;BCO REGIONAL DE DES DO EXT SUL                              ;D;4010;0012000005;APLICACOES INTERFINANCEIRAS DE LIQUIDEZ           ; 0000000010345542,35
200505;92816560;BCO REGIONAL DE DES DO EXT SUL                              ;D;4010;0012200001;APLICACOES EM DEPOSITOS INTERFINANCEIROS          ; 0000000010345542,35
200505;92816560;BCO REGIONAL DE DES DO EXT SUL                              ;D;4010;0013000004;TITULOS E VAL. MOB. E INST. FINANC. DERIVATIVOS   ; 0000000790165845,26
200505;92816560;BCO REGIONAL DE DES DO EXT SUL                              ;D;4010;0013100007;LIVRES                                            ; 0000000713813876,88
200505;92816560;BCO REGIONAL DE DES DO EXT SUL                              ;D;4010;0013600002;VINCULADOS A PRESTACAO DE GARANTIAS               ; 0000000076351968,38
200505;92816560;BCO REGIONAL DE DES DO EXT SUL                              ;D;4010;0016000001;OPERACOES DE CREDITO                              ; 0000002237835089,21
200505;92816560;BCO REGIONAL DE DES DO EXT SUL                              ;D;4010;0016200007;FINANCIAMENTOS                                    ; 0000001252718794,10
200505;92816560;BCO REGIONAL DE DES DO EXT SUL                              ;D;4010;0016300000;FINANCIAMENTOS RURAIS E AGROINDUSTRIAIS           ; 0000001167037193,30
200505;92816560;BCO REGIONAL DE DES DO EXT SUL                              ;D;4010;0016900008;(-) PROVISOES PARA OPERACOES DE CREDITO           ;-0000000181920898,19
200505;92816560;BCO REGIONAL DE DES DO EXT SUL                              ;D;4010;0018000009;OUTROS CREDITOS                                   ; 0000000161576791,07
200505;92816560;BCO REGIONAL DE DES DO EXT SUL                              ;D;4010;0018300008;RENDAS A RECEBER                                  ; 0000000000249362,05
200505;92816560;BCO REGIONAL DE DES DO EXT SUL                              ;D;4010;0018500004;CREDITOS ESPECIFICOS                              ; 0000000015047809,36
200505;92816560;BCO REGIONAL DE DES DO EXT SUL                              ;D;4010;0018800003;DIVERSOS                                          ; 0000000148290560,31
200505;92816560;BCO REGIONAL DE DES DO EXT SUL                              ;D;4010;0018900006;(-) PROVISOES PARA OUTROS CREDITOS                ;-0000000002010940,65
200505;92816560;BCO REGIONAL DE DES DO EXT SUL                              ;D;4010;0019000008;OUTROS VALORES E BENS                             ; 0000000000819217,28
200505;92816560;BCO REGIONAL DE DES DO EXT SUL                              ;D;4010;0019800002;OUTROS VALORES E BENS                             ; 0000000000819217,28
200505;92816560;BCO REGIONAL DE DES DO EXT SUL                              ;D;4010;0020000004;PERMANENTE                                        ; 0000000006226125,67
200505;92816560;BCO REGIONAL DE DES DO EXT SUL                              ;D;4010;0021000003;INVESTIMENTOS                                     ; 0000000000017390,57
200505;92816560;BCO REGIONAL DE DES DO EXT SUL                              ;D;4010;0021900000;OUTROS INVESTIMENTOS                              ; 0000000000017390,57
200505;92816560;BCO REGIONAL DE DES DO EXT SUL                              ;D;4010;0022000002;IMOBILIZADO DE USO                                ; 0000000005118990,74
200505;92816560;BCO REGIONAL DE DES DO EXT SUL                              ;D;4010;0022200008;IMOBILIZACOES EM CURSO                            ; 0000000000008782,60
200505;92816560;BCO REGIONAL DE DES DO EXT SUL                              ;D;4010;0022300001;IMOVEIS DE USO                                    ; 0000000001377160,98
200505;92816560;BCO REGIONAL DE DES DO EXT SUL                              ;D;4010;0022400004;INSTALACOES, MOVEIS E EQUIPAMENTOS DE USO         ; 0000000001264283,14
200505;92816560;BCO REGIONAL DE DES DO EXT SUL                              ;D;4010;0022900009;OUTROS                                            ; 0000000002468764,02
200505;92816560;BCO REGIONAL DE DES DO EXT SUL                              ;D;4010;0024000000;DIFERIDO                                          ; 0000000001089744,36
200505;92816560;BCO REGIONAL DE DES DO EXT SUL                              ;D;4010;0024100003;GASTOS DE ORGANIZACAO E EXPANSAO                  ; 0000000001089744,36
200505;92816560;BCO REGIONAL DE DES DO EXT SUL                              ;D;4010;0030000001;COMPENSACAO                                       ; 0000006733392438,78
200505;92816560;BCO REGIONAL DE DES DO EXT SUL                              ;D;4010;0030100004;COOBRIGACOES E RISCOS EM GARANTIAS PRESTADAS      ; 0000000008962017,72
200505;92816560;BCO REGIONAL DE DES DO EXT SUL                              ;D;4010;0030300000;TITULOS E VALORES MOBILIARIOS                     ; 0000000790165845,26
200505;92816560;BCO REGIONAL DE DES DO EXT SUL                              ;D;4010;0030400003;CUSTODIA DE VALORES                               ; 0000000541380503,62
200505;92816560;BCO REGIONAL DE DES DO EXT SUL                              ;D;4010;0030500006;COBRANCA                                          ; 0000000020136872,48
200505;92816560;BCO REGIONAL DE DES DO EXT SUL                              ;D;4010;0030800005;CONTRATOS                                         ; 0000000000789863,75
200505;92816560;BCO REGIONAL DE DES DO EXT SUL                              ;D;4010;0030900008;CONTROLE                                          ; 0000002945045279,14
200505;92816560;BCO REGIONAL DE DES DO EXT SUL                              ;D;4010;0031000000;CLASSIFICACAO DA CARTEIRA DE CREDITOS             ; 0000002426912056,81
200505;92816560;BCO REGIONAL DE DES DO EXT SUL                              ;D;4010;0031100003;OPERACOES DE RISCO NIVEL AA                       ; 0000000889777714,06
200505;92816560;BCO REGIONAL DE DES DO EXT SUL                              ;D;4010;0031200006;OPERACOES DE RISCO NIVEL A                        ; 0000000986115818,07
200505;92816560;BCO REGIONAL DE DES DO EXT SUL                              ;D;4010;0031300009;OPERACOES DE RISCO NIVELB                         ; 0000000204067703,17
200505;92816560;BCO REGIONAL DE DES DO EXT SUL                              ;D;4010;0031400002;OPERACOES DE RISCO NIVELC                         ; 0000000092476754,27
200505;92816560;BCO REGIONAL DE DES DO EXT SUL                              ;D;4010;0031500005;OPERACOES DE RISCO NIVEL D                        ; 0000000090726693,02
200505;92816560;BCO REGIONAL DE DES DO EXT SUL                              ;D;4010;0031600008;OPERACOES DE RISCO NIVEL E                        ; 0000000011068474,43
200505;92816560;BCO REGIONAL DE DES DO EXT SUL                              ;D;4010;0031700001;OPERACOES DE RISCO NIVEL F                        ; 0000000003080874,24
200505;92816560;BCO REGIONAL DE DES DO EXT SUL                              ;D;4010;0031800004;OPERACOES DE RISCO NIVEL G                        ; 0000000045816324,19
200505;92816560;BCO REGIONAL DE DES DO EXT SUL                              ;D;4010;0031900007;OPERACOES DE RISCO NIVEL H                        ; 0000000103781701,36
200505;92816560;BCO REGIONAL DE DES DO EXT SUL                              ;D;4010;0039999993;TOTAL GERAL DO ATIVO                              ; 0000009940984279,75
200505;92816560;BCO REGIONAL DE DES DO EXT SUL                              ;D;4010;0040000008;CIRCULANTE EXIGIVEL A LONGO PRAZO                 ; 0000002532633819,72
200505;92816560;BCO REGIONAL DE DES DO EXT SUL                              ;D;4010;0046000002;OBRIGACOES POR EMPRESTIMOS E REPASSES             ; 0000002374369580,26
200505;92816560;BCO REGIONAL DE DES DO EXT SUL                              ;D;4010;0046400004;REPASSES DO PAIS - INSTITUICOES OFICIAIS          ; 0000002374369580,26
200505;92816560;BCO REGIONAL DE DES DO EXT SUL                              ;D;4010;0049000009;OUTRAS OBRIGACOES                                 ; 0000000158264239,46
200505;92816560;BCO REGIONAL DE DES DO EXT SUL                              ;D;4010;0049400001;FISCAIS E PREVIDENCIARIAS                         ; 0000000038291109,05
200505;92816560;BCO REGIONAL DE DES DO EXT SUL                              ;D;4010;0049600007;RECURSOS PARA DESTINACAO ESPECIFICA               ; 0000000002255935,09
200505;92816560;BCO REGIONAL DE DES DO EXT SUL                              ;D;4010;0049900006;DIVERSAS                                          ; 0000000117717195,32
200505;92816560;BCO REGIONAL DE DES DO EXT SUL                              ;D;4010;0060000002;PATRIMONIO LIQUIDO                                ; 0000000632868922,41
200505;92816560;BCO REGIONAL DE DES DO EXT SUL                              ;D;4010;0061000001;PATRIMONIO LIQUIDO                                ; 0000000632868922,41
200505;92816560;BCO REGIONAL DE DES DO EXT SUL                              ;D;4010;0061100004;CAPITAL SOCIAL                                    ; 0000000085303707,95
200505;92816560;BCO REGIONAL DE DES DO EXT SUL                              ;D;4010;0061300000;RESERVAS DE CAPITAL                               ; 0000000000708957,24
200505;92816560;BCO REGIONAL DE DES DO EXT SUL                              ;D;4010;0061600009;AJUSTES DE AVALIACAO PATRIMONIAL                  ;-0000000010626921,77
200505;92816560;BCO REGIONAL DE DES DO EXT SUL                              ;D;4010;0061800005;LUCROS OU PREJUIZOS ACUMULADOS                    ; 0000000557483178,99
200505;92816560;BCO REGIONAL DE DES DO EXT SUL                              ;D;4010;0070000009;CONTAS DE RESULTADO CREDORAS                      ; 0000000253539640,26
200505;92816560;BCO REGIONAL DE DES DO EXT SUL                              ;D;4010;0071000008;RECEITAS OPERACIONAIS                             ; 0000000236591830,72
200505;92816560;BCO REGIONAL DE DES DO EXT SUL                              ;D;4010;0071100001;RENDAS DE OPERACOES DE CREDITO                    ; 0000000124483198,51
200505;92816560;BCO REGIONAL DE DES DO EXT SUL                              ;D;4010;0071400000;RENDAS DE APLICACOES INTERFINANCEIRAS DE LIQUIDEZ ; 0000000000745481,37
200505;92816560;BCO REGIONAL DE DES DO EXT SUL                              ;D;4010;0071500003;RENDAS COM TIT. E VAL. MOB. E INST. FINANC. DERIV.; 0000000053284041,35
200505;92816560;BCO REGIONAL DE DES DO EXT SUL                              ;D;4010;0071700009;RENDAS DE PRESTACAO DE SERVICOS                   ; 0000000001517173,54
200505;92816560;BCO REGIONAL DE DES DO EXT SUL                              ;D;4010;0071900005;OUTRAS RECEITAS OPERACIONAIS                      ; 0000000056561935,95
200505;92816560;BCO REGIONAL DE DES DO EXT SUL                              ;D;4010;0073000006;RECEITAS NAO OPERACIONAIS                         ; 0000000001133989,67
200505;92816560;BCO REGIONAL DE DES DO EXT SUL                              ;D;4010;0073100009;LUCROS EM TRANSACOES COM VALORES E BENS           ; 0000000000465699,20
200505;92816560;BCO REGIONAL DE DES DO EXT SUL                              ;D;4010;0073900003;OUTRAS RECEITAS NAO OPERACIONAIS                  ; 0000000000668290,47
200505;92816560;BCO REGIONAL DE DES DO EXT SUL                              ;D;4010;0078000001;RATEIO DE RESULTADOS INTERNOS                     ; 0000000015813819,87
200505;92816560;BCO REGIONAL DE DES DO EXT SUL                              ;D;4010;0078100004;RATEIO DE RESULTADOS INTERNOS                     ; 0000000015813819,87
200505;92816560;BCO REGIONAL DE DES DO EXT SUL                              ;D;4010;0080000006;(-) CONTAS DE RESULTADO DEVEDORAS                 ;-0000000211450541,42
200505;92816560;BCO REGIONAL DE DES DO EXT SUL                              ;D;4010;0081000005;(-) DESPESAS OPERACIONAIS                         ;-0000000163278673,03
200505;92816560;BCO REGIONAL DE DES DO EXT SUL                              ;D;4010;0081200001;(-) DESP DE OBRIGACOES POR EMPRESTIMOS E REPASSES ;-0000000085435249,48
200505;92816560;BCO REGIONAL DE DES DO EXT SUL                              ;D;4010;0081700006;(-) DESPESAS ADMINISTRATIVAS                      ;-0000000034421915,82
200505;92816560;BCO REGIONAL DE DES DO EXT SUL                              ;D;4010;0081800009;(-) APROVISIONAMENTOS E AJUSTES PATRIMONIAIS      ;-0000000035135469,34
200505;92816560;BCO REGIONAL DE DES DO EXT SUL                              ;D;4010;0081900002;(-) OUTRAS DESPESAS OPERACIONAIS                  ;-0000000008286038,39
200505;92816560;BCO REGIONAL DE DES DO EXT SUL                              ;D;4010;0083000003;(-) DESPESAS NAO OPERACIONAIS                     ;-0000000000165539,04
200505;92816560;BCO REGIONAL DE DES DO EXT SUL                              ;D;4010;0083900000;(-) OUTRAS DESPESAS NAO OPERACIONAIS              ;-0000000000165539,04
200505;92816560;BCO REGIONAL DE DES DO EXT SUL                              ;D;4010;0088000008;(-) RATEIO DE RESULTADOS INTERNOS                 ;-0000000015813819,87
200505;92816560;BCO REGIONAL DE DES DO EXT SUL                              ;D;4010;0088100001;(-) RATEIO DE RESULTADOS INTERNOS                 ;-0000000015813819,87
200505;92816560;BCO REGIONAL DE DES DO EXT SUL                              ;D;4010;0089000007;(-) APURACAO DE RESULTADO                         ;-0000000032192509,48
200505;92816560;BCO REGIONAL DE DES DO EXT SUL                              ;D;4010;0089400009;(-) IMPOSTO DE RENDA                              ;-0000000032192509,48
200505;92816560;BCO REGIONAL DE DES DO EXT SUL                              ;D;4010;0090000003;COMPENSACAO                                       ; 0000006733392438,78
200505;92816560;BCO REGIONAL DE DES DO EXT SUL                              ;D;4010;0090100006;COOBRIGACOES E RISCOS EM GARANTIAS PRESTADAS      ; 0000000008962017,72
200505;92816560;BCO REGIONAL DE DES DO EXT SUL                              ;D;4010;0090300002;TITULOS E VALORES MOBILIARIOS                     ; 0000000790165845,26
200505;92816560;BCO REGIONAL DE DES DO EXT SUL                              ;D;4010;0090400005;CUSTODIA DE VALORES                               ; 0000000541380503,62
200505;92816560;BCO REGIONAL DE DES DO EXT SUL                              ;D;4010;0090500008;COBRANCA                                          ; 0000000020136872,48
200505;92816560;BCO REGIONAL DE DES DO EXT SUL                              ;D;4010;0090800007;CONTRATOS                                         ; 0000000000789863,75
200505;92816560;BCO REGIONAL DE DES DO EXT SUL                              ;D;4010;0090900000;CONTROLE                                          ; 0000002945045279,14
200505;92816560;BCO REGIONAL DE DES DO EXT SUL                              ;D;4010;0091000002;CLASSIFICACAO DA CARTEIRA DE CREDITOS             ; 0000002426912056,81
200505;92816560;BCO REGIONAL DE DES DO EXT SUL                              ;D;4010;0091100005;OPERACOES DE CREDITOS E ARRENDAMENTO MERCANTIL    ; 0000002426912056,81
200505;92816560;BCO REGIONAL DE DES DO EXT SUL                              ;D;4010;0099999995;TOTAL GERAL DO PASSIVO                            ; 0000009940984279,75
200505;92874270;BCO A.J. RENNER S.A.                                        ;U;4010;0010000007;CIRCULANTE E REALIZAVEL A LONGO PRAZO             ; 0000000164741140,05
200505;92874270;BCO A.J. RENNER S.A.                                        ;U;4010;0011000006;DISPONIBILIDADES                                  ; 0000000000115089,80
200505;92874270;BCO A.J. RENNER S.A.                                        ;U;4010;0011100009;CAIXA                                             ; 0000000000100102,91
200505;92874270;BCO A.J. RENNER S.A.                                        ;U;4010;0011300005;RESERVAS LIVRES                                   ; 0000000000014986,89
200505;92874270;BCO A.J. RENNER S.A.                                        ;U;4010;0012000005;APLICACOES INTERFINANCEIRAS DE LIQUIDEZ           ; 0000000023874807,19
200505;92874270;BCO A.J. RENNER S.A.                                        ;U;4010;0012100008;APLICACOES EM OPERACOES COMPROMISSADAS            ; 0000000023829182,70
200505;92874270;BCO A.J. RENNER S.A.                                        ;U;4010;0012200001;APLICACOES EM DEPOSITOS INTERFINANCEIROS          ; 0000000000045624,49
200505;92874270;BCO A.J. RENNER S.A.                                        ;U;4010;0013000004;TITULOS E VAL. MOB. E INST. FINANC. DERIVATIVOS   ; 0000000004926402,90
200505;92874270;BCO A.J. RENNER S.A.                                        ;U;4010;0013100007;LIVRES                                            ; 0000000004926402,90
200505;92874270;BCO A.J. RENNER S.A.                                        ;U;4010;0014000003;RELACOES INTERFINANCEIRAS                         ; 0000000001885390,62
200505;92874270;BCO A.J. RENNER S.A.                                        ;U;4010;0014100006;DIREITOS JUNTO A PARTIC. DE SISTEMAS DE LIQUIDAÇÃO; 0000000001885390,62
200505;92874270;BCO A.J. RENNER S.A.                                        ;U;4010;0016000001;OPERACOES DE CREDITO                              ; 0000000122511104,67
200505;92874270;BCO A.J. RENNER S.A.                                        ;U;4010;0016100004;EMPRESTIMOS E TITULOS DESCONTADOS                 ; 0000000033078760,07
200505;92874270;BCO A.J. RENNER S.A.                                        ;U;4010;0016200007;FINANCIAMENTOS                                    ; 0000000095387611,83
200505;92874270;BCO A.J. RENNER S.A.                                        ;U;4010;0016900008;(-) PROVISOES PARA OPERACOES DE CREDITO           ;-0000000005955267,23
200505;92874270;BCO A.J. RENNER S.A.                                        ;U;4010;0018000009;OUTROS CREDITOS                                   ; 0000000011365113,97
200505;92874270;BCO A.J. RENNER S.A.                                        ;U;4010;0018800003;DIVERSOS                                          ; 0000000011365113,97
200505;92874270;BCO A.J. RENNER S.A.                                        ;U;4010;0019000008;OUTROS VALORES E BENS                             ; 0000000000063230,90
200505;92874270;BCO A.J. RENNER S.A.                                        ;U;4010;0019800002;OUTROS VALORES E BENS                             ; 0000000000015575,78
200505;92874270;BCO A.J. RENNER S.A.                                        ;U;4010;0019900005;DESPESAS ANTECIPADAS                              ; 0000000000047655,12
200505;92874270;BCO A.J. RENNER S.A.                                        ;U;4010;0020000004;PERMANENTE                                        ; 0000000000908877,59
200505;92874270;BCO A.J. RENNER S.A.                                        ;U;4010;0021000003;INVESTIMENTOS                                     ; 0000000000443501,21
200505;92874270;BCO A.J. RENNER S.A.                                        ;U;4010;0021200009;PARTICIPACOES EM COLIGADAS E CONTROLADAS NO PAIS  ; 0000000000261235,70
200505;92874270;BCO A.J. RENNER S.A.                                        ;U;4010;0021300002;INVESTIMENTOS POR INCENTIVOS FISCAIS              ; 0000000000000160,20
200505;92874270;BCO A.J. RENNER S.A.                                        ;U;4010;0021400005;TITULOS PATRIMONIAIS                              ; 0000000000182105,31
200505;92874270;BCO A.J. RENNER S.A.                                        ;U;4010;0022000002;IMOBILIZADO DE USO                                ; 0000000000388155,33
200505;92874270;BCO A.J. RENNER S.A.                                        ;U;4010;0022400004;INSTALACOES, MOVEIS E EQUIPAMENTOS DE USO         ; 0000000000082799,92
200505;92874270;BCO A.J. RENNER S.A.                                        ;U;4010;0022900009;OUTROS                                            ; 0000000000305355,41
200505;92874270;BCO A.J. RENNER S.A.                                        ;U;4010;0024000000;DIFERIDO                                          ; 0000000000077221,05
200505;92874270;BCO A.J. RENNER S.A.                                        ;U;4010;0024100003;GASTOS DE ORGANIZACAO E EXPANSAO                  ; 0000000000077221,05
200505;92874270;BCO A.J. RENNER S.A.                                        ;U;4010;0030000001;COMPENSACAO                                       ; 0000001088457352,40
200505;92874270;BCO A.J. RENNER S.A.                                        ;U;4010;0030300000;TITULOS E VALORES MOBILIARIOS                     ; 0000000009852805,80
200505;92874270;BCO A.J. RENNER S.A.                                        ;U;4010;0030400003;CUSTODIA DE VALORES                               ; 0000000325826536,39
200505;92874270;BCO A.J. RENNER S.A.                                        ;U;4010;0030900008;CONTROLE                                          ; 0000000624311638,31
200505;92874270;BCO A.J. RENNER S.A.                                        ;U;4010;0031000000;CLASSIFICACAO DA CARTEIRA DE CREDITOS             ; 0000000128466371,90
200505;92874270;BCO A.J. RENNER S.A.                                        ;U;4010;0031100003;OPERACOES DE RISCO NIVEL AA                       ; 0000000000509688,68
200505;92874270;BCO A.J. RENNER S.A.                                        ;U;4010;0031200006;OPERACOES DE RISCO NIVEL A                        ; 0000000082065153,29
200505;92874270;BCO A.J. RENNER S.A.                                        ;U;4010;0031300009;OPERACOES DE RISCO NIVELB                         ; 0000000034946446,45
200505;92874270;BCO A.J. RENNER S.A.                                        ;U;4010;0031400002;OPERACOES DE RISCO NIVELC                         ; 0000000003422675,16
200505;92874270;BCO A.J. RENNER S.A.                                        ;U;4010;0031500005;OPERACOES DE RISCO NIVEL D                        ; 0000000001383209,14
200505;92874270;BCO A.J. RENNER S.A.                                        ;U;4010;0031600008;OPERACOES DE RISCO NIVEL E                        ; 0000000000927042,59
200505;92874270;BCO A.J. RENNER S.A.                                        ;U;4010;0031700001;OPERACOES DE RISCO NIVEL F                        ; 0000000000774058,69
200505;92874270;BCO A.J. RENNER S.A.                                        ;U;4010;0031800004;OPERACOES DE RISCO NIVEL G                        ; 0000000000495883,04
200505;92874270;BCO A.J. RENNER S.A.                                        ;U;4010;0031900007;OPERACOES DE RISCO NIVEL H                        ; 0000000003942214,86
200505;92874270;BCO A.J. RENNER S.A.                                        ;U;4010;0039999993;TOTAL GERAL DO ATIVO                              ; 0000001254107370,04
200505;92874270;BCO A.J. RENNER S.A.                                        ;U;4010;0040000008;CIRCULANTE EXIGIVEL A LONGO PRAZO                 ; 0000000110766818,73
200505;92874270;BCO A.J. RENNER S.A.                                        ;U;4010;0041000007;DEPOSITOS                                         ; 0000000101999190,65
200505;92874270;BCO A.J. RENNER S.A.                                        ;U;4010;0041100000;DEPOSITOS A VISTA                                 ; 0000000000203184,04
200505;92874270;BCO A.J. RENNER S.A.                                        ;U;4010;0041500002;DEPOSITOS A PRAZO                                 ; 0000000101794116,18
200505;92874270;BCO A.J. RENNER S.A.                                        ;U;4010;0041900004;OUTROS DEPOSITOS                                  ; 0000000000001890,43
200505;92874270;BCO A.J. RENNER S.A.                                        ;U;4010;0044000004;RELACOES INTERFINANCEIRAS                         ; 0000000000044253,45
200505;92874270;BCO A.J. RENNER S.A.                                        ;U;4010;0044100007;OBRIGAÇÕES JUNTO A PARTIC. DE SIST. DE LIQUIDACÃO ; 0000000000044253,45
200505;92874270;BCO A.J. RENNER S.A.                                        ;U;4010;0049000009;OUTRAS OBRIGACOES                                 ; 0000000008723374,63
200505;92874270;BCO A.J. RENNER S.A.                                        ;U;4010;0049100002;COBRANCA E ARRECADACAO DE TRIBUTOS E ASSEMELHADOS ; 0000000000036869,04
200505;92874270;BCO A.J. RENNER S.A.                                        ;U;4010;0049400001;FISCAIS E PREVIDENCIARIAS                         ; 0000000006660482,84
200505;92874270;BCO A.J. RENNER S.A.                                        ;U;4010;0049900006;DIVERSAS                                          ; 0000000002026022,75
200505;92874270;BCO A.J. RENNER S.A.                                        ;U;4010;0060000002;PATRIMONIO LIQUIDO                                ; 0000000053200851,74
200505;92874270;BCO A.J. RENNER S.A.                                        ;U;4010;0061000001;PATRIMONIO LIQUIDO                                ; 0000000053200851,74
200505;92874270;BCO A.J. RENNER S.A.                                        ;U;4010;0061100004;CAPITAL SOCIAL                                    ; 0000000049000000,00
200505;92874270;BCO A.J. RENNER S.A.                                        ;U;4010;0061300000;RESERVAS DE CAPITAL                               ; 0000000000243858,10
200505;92874270;BCO A.J. RENNER S.A.                                        ;U;4010;0061500006;RESERVAS DE LUCROS                                ; 0000000002859454,55
200505;92874270;BCO A.J. RENNER S.A.                                        ;U;4010;0061800005;LUCROS OU PREJUIZOS ACUMULADOS                    ; 0000000001097539,09
200505;92874270;BCO A.J. RENNER S.A.                                        ;U;4010;0070000009;CONTAS DE RESULTADO CREDORAS                      ; 0000000020327727,91
200505;92874270;BCO A.J. RENNER S.A.                                        ;U;4010;0071000008;RECEITAS OPERACIONAIS                             ; 0000000020288010,62
200505;92874270;BCO A.J. RENNER S.A.                                        ;U;4010;0071100001;RENDAS DE OPERACOES DE CREDITO                    ; 0000000015840585,01
200505;92874270;BCO A.J. RENNER S.A.                                        ;U;4010;0071400000;RENDAS DE APLICACOES INTERFINANCEIRAS DE LIQUIDEZ ; 0000000001966449,33
200505;92874270;BCO A.J. RENNER S.A.                                        ;U;4010;0071500003;RENDAS COM TIT. E VAL. MOB. E INST. FINANC. DERIV.; 0000000000618212,91
200505;92874270;BCO A.J. RENNER S.A.                                        ;U;4010;0071700009;RENDAS DE PRESTACAO DE SERVICOS                   ; 0000000001236171,40
200505;92874270;BCO A.J. RENNER S.A.                                        ;U;4010;0071800002;RENDAS DE PARTICIPACOES                           ; 0000000000059053,54
200505;92874270;BCO A.J. RENNER S.A.                                        ;U;4010;0071900005;OUTRAS RECEITAS OPERACIONAIS                      ; 0000000000567538,43
200505;92874270;BCO A.J. RENNER S.A.                                        ;U;4010;0073000006;RECEITAS NAO OPERACIONAIS                         ; 0000000000039717,29
200505;92874270;BCO A.J. RENNER S.A.                                        ;U;4010;0073100009;LUCROS EM TRANSACOES COM VALORES E BENS           ; 0000000000025941,61
200505;92874270;BCO A.J. RENNER S.A.                                        ;U;4010;0073900003;OUTRAS RECEITAS NAO OPERACIONAIS                  ; 0000000000013775,68
200505;92874270;BCO A.J. RENNER S.A.                                        ;U;4010;0080000006;(-) CONTAS DE RESULTADO DEVEDORAS                 ;-0000000018645380,74
200505;92874270;BCO A.J. RENNER S.A.                                        ;U;4010;0081000005;(-) DESPESAS OPERACIONAIS                         ;-0000000017401006,82
200505;92874270;BCO A.J. RENNER S.A.                                        ;U;4010;0081100008;(-) DESPESAS DE CAPTACAO                          ;-0000000007111848,54
200505;92874270;BCO A.J. RENNER S.A.                                        ;U;4010;0081700006;(-) DESPESAS ADMINISTRATIVAS                      ;-0000000006751015,85
200505;92874270;BCO A.J. RENNER S.A.                                        ;U;4010;0081800009;(-) APROVISIONAMENTOS E AJUSTES PATRIMONIAIS      ;-0000000002860493,59
200505;92874270;BCO A.J. RENNER S.A.                                        ;U;4010;0081900002;(-) OUTRAS DESPESAS OPERACIONAIS                  ;-0000000000677648,84
200505;92874270;BCO A.J. RENNER S.A.                                        ;U;4010;0083000003;(-) DESPESAS NAO OPERACIONAIS                     ;-0000000000064694,24
200505;92874270;BCO A.J. RENNER S.A.                                        ;U;4010;0083100006;(-) PREJUIZOS EM TRANSACOES COM VALORES E BENS    ;-0000000000064644,24
200505;92874270;BCO A.J. RENNER S.A.                                        ;U;4010;0083900000;(-) OUTRAS DESPESAS NAO OPERACIONAIS              ;-0000000000000050,00
200505;92874270;BCO A.J. RENNER S.A.                                        ;U;4010;0089000007;(-) APURACAO DE RESULTADO                         ;-0000000001179679,68
200505;92874270;BCO A.J. RENNER S.A.                                        ;U;4010;0089400009;(-) IMPOSTO DE RENDA                              ;-0000000001179679,68
200505;92874270;BCO A.J. RENNER S.A.                                        ;U;4010;0090000003;COMPENSACAO                                       ; 0000001088457352,40
200505;92874270;BCO A.J. RENNER S.A.                                        ;U;4010;0090300002;TITULOS E VALORES MOBILIARIOS                     ; 0000000009852805,80
200505;92874270;BCO A.J. RENNER S.A.                                        ;U;4010;0090400005;CUSTODIA DE VALORES                               ; 0000000325826536,39
200505;92874270;BCO A.J. RENNER S.A.                                        ;U;4010;0090900000;CONTROLE                                          ; 0000000624311638,31
200505;92874270;BCO A.J. RENNER S.A.                                        ;U;4010;0091000002;CLASSIFICACAO DA CARTEIRA DE CREDITOS             ; 0000000128466371,90
200505;92874270;BCO A.J. RENNER S.A.                                        ;U;4010;0091100005;OPERACOES DE CREDITOS E ARRENDAMENTO MERCANTIL    ; 0000000128466371,90
200505;92874270;BCO A.J. RENNER S.A.                                        ;U;4010;0099999995;TOTAL GERAL DO PASSIVO                            ; 0000001254107370,04
200505;92894922;BCO MATONE S.A.                                             ;U;4010;0010000007;CIRCULANTE E REALIZAVEL A LONGO PRAZO             ; 0000000151547484,62
200505;92894922;BCO MATONE S.A.                                             ;U;4010;0011000006;DISPONIBILIDADES                                  ; 0000000000100884,79
200505;92894922;BCO MATONE S.A.                                             ;U;4010;0011100009;CAIXA                                             ; 0000000000031094,15
200505;92894922;BCO MATONE S.A.                                             ;U;4010;0011300005;RESERVAS LIVRES                                   ; 0000000000069790,64
200505;92894922;BCO MATONE S.A.                                             ;U;4010;0012000005;APLICACOES INTERFINANCEIRAS DE LIQUIDEZ           ; 0000000001108502,94
200505;92894922;BCO MATONE S.A.                                             ;U;4010;0012100008;APLICACOES EM OPERACOES COMPROMISSADAS            ; 0000000000878957,39
200505;92894922;BCO MATONE S.A.                                             ;U;4010;0012200001;APLICACOES EM DEPOSITOS INTERFINANCEIROS          ; 0000000000229545,55
200505;92894922;BCO MATONE S.A.                                             ;U;4010;0013000004;TITULOS E VAL. MOB. E INST. FINANC. DERIVATIVOS   ; 0000000077312035,25
200505;92894922;BCO MATONE S.A.                                             ;U;4010;0013100007;LIVRES                                            ; 0000000053192555,03
200505;92894922;BCO MATONE S.A.                                             ;U;4010;0013200000;VINCULADOS A OPERACOES COMPROMISSADAS             ; 0000000017423607,80
200505;92894922;BCO MATONE S.A.                                             ;U;4010;0013300003;INSTRUMENTOS FINANCEIROS DERIVATIVOS              ; 0000000006695872,42
200505;92894922;BCO MATONE S.A.                                             ;U;4010;0014000003;RELACOES INTERFINANCEIRAS                         ; 0000000000709823,21
200505;92894922;BCO MATONE S.A.                                             ;U;4010;0014100006;DIREITOS JUNTO A PARTIC. DE SISTEMAS DE LIQUIDAÇÃO; 0000000000252259,74
200505;92894922;BCO MATONE S.A.                                             ;U;4010;0014400005;RELACOES COM CORRESPONDENTES                      ; 0000000000457563,47
200505;92894922;BCO MATONE S.A.                                             ;U;4010;0016000001;OPERACOES DE CREDITO                              ; 0000000062089541,69
200505;92894922;BCO MATONE S.A.                                             ;U;4010;0016100004;EMPRESTIMOS E TITULOS DESCONTADOS                 ; 0000000080122271,80
200505;92894922;BCO MATONE S.A.                                             ;U;4010;0016900008;(-) PROVISOES PARA OPERACOES DE CREDITO           ;-0000000018032730,11
200505;92894922;BCO MATONE S.A.                                             ;U;4010;0018000009;OUTROS CREDITOS                                   ; 0000000009978479,02
200505;92894922;BCO MATONE S.A.                                             ;U;4010;0018800003;DIVERSOS                                          ; 0000000010133696,16
200505;92894922;BCO MATONE S.A.                                             ;U;4010;0018900006;(-) PROVISOES PARA OUTROS CREDITOS                ;-0000000000155217,14
200505;92894922;BCO MATONE S.A.                                             ;U;4010;0019000008;OUTROS VALORES E BENS                             ; 0000000000248217,72
200505;92894922;BCO MATONE S.A.                                             ;U;4010;0019800002;OUTROS VALORES E BENS                             ; 0000000000041740,14
200505;92894922;BCO MATONE S.A.                                             ;U;4010;0019900005;DESPESAS ANTECIPADAS                              ; 0000000000206477,58
200505;92894922;BCO MATONE S.A.                                             ;U;4010;0020000004;PERMANENTE                                        ; 0000000003147995,16
200505;92894922;BCO MATONE S.A.                                             ;U;4010;0021000003;INVESTIMENTOS                                     ; 0000000001537946,76
200505;92894922;BCO MATONE S.A.                                             ;U;4010;0021200009;PARTICIPACOES EM COLIGADAS E CONTROLADAS NO PAIS  ; 0000000001052184,19
200505;92894922;BCO MATONE S.A.                                             ;U;4010;0021300002;INVESTIMENTOS POR INCENTIVOS FISCAIS              ; 0000000000013998,73
200505;92894922;BCO MATONE S.A.                                             ;U;4010;0021400005;TITULOS PATRIMONIAIS                              ; 0000000000208172,11
200505;92894922;BCO MATONE S.A.                                             ;U;4010;0021500008;ACOES E COTAS                                     ; 0000000000238157,70
200505;92894922;BCO MATONE S.A.                                             ;U;4010;0021900000;OUTROS INVESTIMENTOS                              ; 0000000000025434,03
200505;92894922;BCO MATONE S.A.                                             ;U;4010;0022000002;IMOBILIZADO DE USO                                ; 0000000000441640,49
200505;92894922;BCO MATONE S.A.                                             ;U;4010;0022300001;IMOVEIS DE USO                                    ; 0000000000003332,16
200505;92894922;BCO MATONE S.A.                                             ;U;4010;0022400004;INSTALACOES, MOVEIS E EQUIPAMENTOS DE USO         ; 0000000000114106,59
200505;92894922;BCO MATONE S.A.                                             ;U;4010;0022900009;OUTROS                                            ; 0000000000324201,74
200505;92894922;BCO MATONE S.A.                                             ;U;4010;0024000000;DIFERIDO                                          ; 0000000001168407,91
200505;92894922;BCO MATONE S.A.                                             ;U;4010;0024100003;GASTOS DE ORGANIZACAO E EXPANSAO                  ; 0000000001168407,91
200505;92894922;BCO MATONE S.A.                                             ;U;4010;0030000001;COMPENSACAO                                       ; 0000000739126218,34
200505;92894922;BCO MATONE S.A.                                             ;U;4010;0030100004;COOBRIGACOES E RISCOS EM GARANTIAS PRESTADAS      ; 0000000016677973,42
200505;92894922;BCO MATONE S.A.                                             ;U;4010;0030300000;TITULOS E VALORES MOBILIARIOS                     ; 0000000104959597,02
200505;92894922;BCO MATONE S.A.                                             ;U;4010;0030400003;CUSTODIA DE VALORES                               ; 0000000130714501,19
200505;92894922;BCO MATONE S.A.                                             ;U;4010;0030500006;COBRANCA                                          ; 0000000229003623,99
200505;92894922;BCO MATONE S.A.                                             ;U;4010;0030600009;NEGOCIACAO E INTERMEDIACAO DE VALORES             ; 0000000096102260,89
200505;92894922;BCO MATONE S.A.                                             ;U;4010;0030800005;CONTRATOS                                         ; 0000000003659776,52
200505;92894922;BCO MATONE S.A.                                             ;U;4010;0030900008;CONTROLE                                          ; 0000000077886213,51
200505;92894922;BCO MATONE S.A.                                             ;U;4010;0031000000;CLASSIFICACAO DA CARTEIRA DE CREDITOS             ; 0000000080122271,80
200505;92894922;BCO MATONE S.A.                                             ;U;4010;0031100003;OPERACOES DE RISCO NIVEL AA                       ; 0000000008773758,75
200505;92894922;BCO MATONE S.A.                                             ;U;4010;0031200006;OPERACOES DE RISCO NIVEL A                        ; 0000000037507556,20
200505;92894922;BCO MATONE S.A.                                             ;U;4010;0031300009;OPERACOES DE RISCO NIVELB                         ; 0000000004285124,24
200505;92894922;BCO MATONE S.A.                                             ;U;4010;0031400002;OPERACOES DE RISCO NIVELC                         ; 0000000004808034,21
200505;92894922;BCO MATONE S.A.                                             ;U;4010;0031500005;OPERACOES DE RISCO NIVEL D                        ; 0000000003453778,88
200505;92894922;BCO MATONE S.A.                                             ;U;4010;0031600008;OPERACOES DE RISCO NIVEL E                        ; 0000000003559703,36
200505;92894922;BCO MATONE S.A.                                             ;U;4010;0031700001;OPERACOES DE RISCO NIVEL F                        ; 0000000003675344,59
200505;92894922;BCO MATONE S.A.                                             ;U;4010;0031800004;OPERACOES DE RISCO NIVEL G                        ; 0000000003266192,64
200505;92894922;BCO MATONE S.A.                                             ;U;4010;0031900007;OPERACOES DE RISCO NIVEL H                        ; 0000000010792778,93
200505;92894922;BCO MATONE S.A.                                             ;U;4010;0039999993;TOTAL GERAL DO ATIVO                              ; 0000000893821698,12
200505;92894922;BCO MATONE S.A.                                             ;U;4010;0040000008;CIRCULANTE EXIGIVEL A LONGO PRAZO                 ; 0000000120185192,05
200505;92894922;BCO MATONE S.A.                                             ;U;4010;0041000007;DEPOSITOS                                         ; 0000000097759763,42
200505;92894922;BCO MATONE S.A.                                             ;U;4010;0041100000;DEPOSITOS A VISTA                                 ; 0000000000501611,35
200505;92894922;BCO MATONE S.A.                                             ;U;4010;0041500002;DEPOSITOS A PRAZO                                 ; 0000000097239792,99
200505;92894922;BCO MATONE S.A.                                             ;U;4010;0041900004;OUTROS DEPOSITOS                                  ; 0000000000018359,08
200505;92894922;BCO MATONE S.A.                                             ;U;4010;0042000006;OBRIGACOES POR OPERACOES COMPROMISSADAS           ; 0000000016700410,91
200505;92894922;BCO MATONE S.A.                                             ;U;4010;0042100009;CARTEIRA PROPRIA                                  ; 0000000016700410,91
200505;92894922;BCO MATONE S.A.                                             ;U;4010;0044000004;RELACOES INTERFINANCEIRAS                         ; 0000000000557482,00
200505;92894922;BCO MATONE S.A.                                             ;U;4010;0044100007;OBRIGAÇÕES JUNTO A PARTIC. DE SIST. DE LIQUIDACÃO ; 0000000000557482,00
200505;92894922;BCO MATONE S.A.                                             ;U;4010;0047000001;INSTRUMENTOS FINANCEIROS DERIVATIVOS              ; 0000000000100307,07
200505;92894922;BCO MATONE S.A.                                             ;U;4010;0047100004;INSTRUMENTOS FINANCEIROS DERIVATIVOS              ; 0000000000100307,07
200505;92894922;BCO MATONE S.A.                                             ;U;4010;0049000009;OUTRAS OBRIGACOES                                 ; 0000000005067228,65
200505;92894922;BCO MATONE S.A.                                             ;U;4010;0049100002;COBRANCA E ARRECADACAO DE TRIBUTOS E ASSEMELHADOS ; 0000000000089493,96
200505;92894922;BCO MATONE S.A.                                             ;U;4010;0049400001;FISCAIS E PREVIDENCIARIAS                         ; 0000000000850986,47
200505;92894922;BCO MATONE S.A.                                             ;U;4010;0049900006;DIVERSAS                                          ; 0000000004126748,22
200505;92894922;BCO MATONE S.A.                                             ;U;4010;0060000002;PATRIMONIO LIQUIDO                                ; 0000000032845920,43
200505;92894922;BCO MATONE S.A.                                             ;U;4010;0061000001;PATRIMONIO LIQUIDO                                ; 0000000032845920,43
200505;92894922;BCO MATONE S.A.                                             ;U;4010;0061100004;CAPITAL SOCIAL                                    ; 0000000030960000,00
200505;92894922;BCO MATONE S.A.                                             ;U;4010;0061300000;RESERVAS DE CAPITAL                               ; 0000000000135362,49
200505;92894922;BCO MATONE S.A.                                             ;U;4010;0061500006;RESERVAS DE LUCROS                                ; 0000000000138406,70
200505;92894922;BCO MATONE S.A.                                             ;U;4010;0061800005;LUCROS OU PREJUIZOS ACUMULADOS                    ; 0000000001612151,24
200505;92894922;BCO MATONE S.A.                                             ;U;4010;0070000009;CONTAS DE RESULTADO CREDORAS                      ; 0000000041025720,92
200505;92894922;BCO MATONE S.A.                                             ;U;4010;0071000008;RECEITAS OPERACIONAIS                             ; 0000000041025720,92
200505;92894922;BCO MATONE S.A.                                             ;U;4010;0071100001;RENDAS DE OPERACOES DE CREDITO                    ; 0000000032564733,82
200505;92894922;BCO MATONE S.A.                                             ;U;4010;0071400000;RENDAS DE APLICACOES INTERFINANCEIRAS DE LIQUIDEZ ; 0000000000116317,58
200505;92894922;BCO MATONE S.A.                                             ;U;4010;0071500003;RENDAS COM TIT. E VAL. MOB. E INST. FINANC. DERIV.; 0000000006163678,30
200505;92894922;BCO MATONE S.A.                                             ;U;4010;0071700009;RENDAS DE PRESTACAO DE SERVICOS                   ; 0000000000527757,04
200505;92894922;BCO MATONE S.A.                                             ;U;4010;0071800002;RENDAS DE PARTICIPACOES                           ; 0000000000001188,57
200505;92894922;BCO MATONE S.A.                                             ;U;4010;0071900005;OUTRAS RECEITAS OPERACIONAIS                      ; 0000000001652045,61
200505;92894922;BCO MATONE S.A.                                             ;U;4010;0080000006;(-) CONTAS DE RESULTADO DEVEDORAS                 ;-0000000039361353,62
200505;92894922;BCO MATONE S.A.                                             ;U;4010;0081000005;(-) DESPESAS OPERACIONAIS                         ;-0000000038430745,83
200505;92894922;BCO MATONE S.A.                                             ;U;4010;0081100008;(-) DESPESAS DE CAPTACAO                          ;-0000000007178918,54
200505;92894922;BCO MATONE S.A.                                             ;U;4010;0081500000;(-) DESP. COM TIT. E VAL. MOB. E INST. FIN. DERIV.;-0000000000196123,45
200505;92894922;BCO MATONE S.A.                                             ;U;4010;0081700006;(-) DESPESAS ADMINISTRATIVAS                      ;-0000000014443086,59
200505;92894922;BCO MATONE S.A.                                             ;U;4010;0081800009;(-) APROVISIONAMENTOS E AJUSTES PATRIMONIAIS      ;-0000000011808224,10
200505;92894922;BCO MATONE S.A.                                             ;U;4010;0081900002;(-) OUTRAS DESPESAS OPERACIONAIS                  ;-0000000004804393,15
200505;92894922;BCO MATONE S.A.                                             ;U;4010;0083000003;(-) DESPESAS NAO OPERACIONAIS                     ;-0000000000011581,17
200505;92894922;BCO MATONE S.A.                                             ;U;4010;0083100006;(-) PREJUIZOS EM TRANSACOES COM VALORES E BENS    ;-0000000000010876,13
200505;92894922;BCO MATONE S.A.                                             ;U;4010;0083900000;(-) OUTRAS DESPESAS NAO OPERACIONAIS              ;-0000000000000705,04
200505;92894922;BCO MATONE S.A.                                             ;U;4010;0089000007;(-) APURACAO DE RESULTADO                         ;-0000000000919026,62
200505;92894922;BCO MATONE S.A.                                             ;U;4010;0089400009;(-) IMPOSTO DE RENDA                              ;-0000000000919026,62
200505;92894922;BCO MATONE S.A.                                             ;U;4010;0090000003;COMPENSACAO                                       ; 0000000739126218,34
200505;92894922;BCO MATONE S.A.                                             ;U;4010;0090100006;COOBRIGACOES E RISCOS EM GARANTIAS PRESTADAS      ; 0000000016677973,42
200505;92894922;BCO MATONE S.A.                                             ;U;4010;0090300002;TITULOS E VALORES MOBILIARIOS                     ; 0000000104959597,02
200505;92894922;BCO MATONE S.A.                                             ;U;4010;0090400005;CUSTODIA DE VALORES                               ; 0000000130714501,19
200505;92894922;BCO MATONE S.A.                                             ;U;4010;0090500008;COBRANCA                                          ; 0000000229003623,99
200505;92894922;BCO MATONE S.A.                                             ;U;4010;0090600001;NEGOCIACAO E INTERMEDIACAO DE VALORES             ; 0000000096102260,89
200505;92894922;BCO MATONE S.A.                                             ;U;4010;0090800007;CONTRATOS                                         ; 0000000003659776,52
200505;92894922;BCO MATONE S.A.                                             ;U;4010;0090900000;CONTROLE                                          ; 0000000077886213,51
200505;92894922;BCO MATONE S.A.                                             ;U;4010;0091000002;CLASSIFICACAO DA CARTEIRA DE CREDITOS             ; 0000000080122271,80
200505;92894922;BCO MATONE S.A.                                             ;U;4010;0091100005;OPERACOES DE CREDITOS E ARRENDAMENTO MERCANTIL    ; 0000000080122271,80
200505;92894922;BCO MATONE S.A.                                             ;U;4010;0099999995;TOTAL GERAL DO PASSIVO                            ; 0000000893821698,12
